"STATION","DATE","LATITUDE","LONGITUDE","ELEVATION","NAME","CDSD","CDSD_ATTRIBUTES","CLDD","CLDD_ATTRIBUTES","DP01","DP01_ATTRIBUTES","DP10","DP10_ATTRIBUTES","DP1X","DP1X_ATTRIBUTES","DT00","DT00_ATTRIBUTES","DT32","DT32_ATTRIBUTES","DX32","DX32_ATTRIBUTES","DX70","DX70_ATTRIBUTES","DX90","DX90_ATTRIBUTES","DYNT","DYNT_ATTRIBUTES","DYXP","DYXP_ATTRIBUTES","DYXT","DYXT_ATTRIBUTES","EMNT","EMNT_ATTRIBUTES","EMXP","EMXP_ATTRIBUTES","EMXT","EMXT_ATTRIBUTES","HDSD","HDSD_ATTRIBUTES","HTDD","HTDD_ATTRIBUTES","PRCP","PRCP_ATTRIBUTES","TAVG","TAVG_ATTRIBUTES","TMAX","TMAX_ATTRIBUTES","TMIN","TMIN_ATTRIBUTES"
"ASN00053027","1879-06","-29.5","149.9","207.3","MOREE POST OFFICE, AS","","","","","2",",a","2",",a","1",",a","","","","","","","","","","","","","18790623",",,a","","","","","35.8",",,a,23,","","","","","","","46.2",",,,a","","","","","",""
"ASN00053027","1879-07","-29.5","149.9","207.3","MOREE POST OFFICE, AS","","","","","10",",a","7",",a","0",",a","","","","","","","","","","","","","18790731",",,a","","","","","22.9",",,a,31,","","","","","","","58.5",",,,a","","","","","",""
"ASN00053027","1879-08","-29.5","149.9","207.3","MOREE POST OFFICE, AS","","","","","9",",a","8",",a","1",",a","","","","","","","","","","","","","18790828",",,a","","","","","29.5",",,a,28,","","","","","","","83.9",",,,a","","","","","",""
"ASN00053027","1879-09","-29.5","149.9","207.3","MOREE POST OFFICE, AS","","","","","11",",a","7",",a","2",",a","","","","","","","","","","","","","18790915",",,a","","","","","48.0",",,a,15,","","","","","","","130.7",",,,a","","","","","",""
"ASN00053027","1879-10","-29.5","149.9","207.3","MOREE POST OFFICE, AS","","","","","8",",a","3",",a","0",",a","","","","","","","","","","","","","18791007",",,a","","","","","14.5",",,a,07,","","","","","","","37.1",",,,a","","","","","",""
"ASN00053027","1879-11","-29.5","149.9","207.3","MOREE POST OFFICE, AS","","","","","4",",a","4",",a","0",",a","","","","","","","","","","","","","18791119",",,a","","","","","8.9",",,a,19,","","","","","","","23.6",",,,a","","","","","",""
"ASN00053027","1879-12","-29.5","149.9","207.3","MOREE POST OFFICE, AS","","","","","4",",a","4",",a","0",",a","","","","","","","","","","","","","18791228",",,a","","","","","9.1",",,a,28,","","","","","","","30.8",",,,a","","","","","",""
"ASN00053027","1880-01","-29.5","149.9","207.3","MOREE POST OFFICE, AS","","","","","1",",a","1",",a","0",",a","","","","","","","","","","","","","18800108",",,a","","","","","19.8",",,a,08,","","","","","","","19.8",",,,a","","","","","",""
"ASN00053027","1880-02","-29.5","149.9","207.3","MOREE POST OFFICE, AS","","","","","4",",a","4",",a","2",",a","","","","","","","","","","","","","18800222",",,a","","","","","53.3",",,a,22,","","","","","","","110.8",",,,a","","","","","",""
"ASN00053027","1880-03","-29.5","149.9","207.3","MOREE POST OFFICE, AS","","","","","3",",a","3",",a","0",",a","","","","","","","","","","","","","18800323",",,a","","","","","11.7",",,a,23,","","","","","","","25.4",",,,a","","","","","",""
"ASN00053027","1880-04","-29.5","149.9","207.3","MOREE POST OFFICE, AS","","","","","6",",a","6",",a","1",",a","","","","","","","","","","","","","18800424",",,a","","","","","29.0",",,a,24,","","","","","","","83.5",",,,a","","","","","",""
"ASN00053027","1880-05","-29.5","149.9","207.3","MOREE POST OFFICE, AS","","","","","1",",a","1",",a","0",",a","","","","","","","","","","","","","18800525",",,a","","","","","22.9",",,a,25,","","","","","","","22.9",",,,a","","","","","",""
"ASN00053027","1880-06","-29.5","149.9","207.3","MOREE POST OFFICE, AS","","","","","1",",a","0",",a","0",",a","","","","","","","","","","","","","18800625",",,a","","","","","2.3",",,a,25,","","","","","","","2.3",",,,a","","","","","",""
"ASN00053027","1880-07","-29.5","149.9","207.3","MOREE POST OFFICE, AS","","","","","2",",a","1",",a","0",",a","","","","","","","","","","","","","18800715",",,a","","","","","13.5",",,a,15,","","","","","","","14.0",",,,a","","","","","",""
"ASN00053027","1880-08","-29.5","149.9","207.3","MOREE POST OFFICE, AS","","","","","1",",a","0",",a","0",",a","","","","","","","","","","","","","18800831",",,a","","","","","1.5",",,a,31,","","","","","","","1.5",",,,a","","","","","",""
"ASN00053027","1880-09","-29.5","149.9","207.3","MOREE POST OFFICE, AS","","","","","8",",a","7",",a","1",",a","","","","","","","","","","","","","18800915",",,a","","","","","51.6",",,a,15,","","","","","","","105.7",",,,a","","","","","",""
"ASN00053027","1880-10","-29.5","149.9","207.3","MOREE POST OFFICE, AS","","","","","7",",a","4",",a","1",",a","","","","","","","","","","","","","18801021",",,a","","","","","26.4",",,a,21,","","","","","","","70.4",",,,a","","","","","",""
"ASN00053027","1880-11","-29.5","149.9","207.3","MOREE POST OFFICE, AS","","","","","3",",a","3",",a","0",",a","","","","","","","","","","","","","18801120",",,a","","","","","10.4",",,a,20,","","","","","","","16.7",",,,a","","","","","",""
"ASN00053027","1880-12","-29.5","149.9","207.3","MOREE POST OFFICE, AS","","","","","6",",a","4",",a","0",",a","","","","","","","","","","","","","18801207",",,a","","","","","14.5",",,a,07,","","","","","","","36.9",",,,a","","","","","",""
"ASN00053027","1881-01","-29.5","149.9","207.3","MOREE POST OFFICE, AS","","","","","9",",a","7",",a","1",",a","","","","","","","","","","","","","18810121",",,a","","","","","34.3",",,a,21,","","","","","","","104.2",",,,a","","","","","",""
"ASN00053027","1881-02","-29.5","149.9","207.3","MOREE POST OFFICE, AS","","","","","2",",a","2",",a","1",",a","","","","","","","","","","","","","18810205",",,a","","","","","25.9",",,a,05,","","","","","","","38.1",",,,a","","","","","",""
"ASN00053027","1881-03","-29.5","149.9","207.3","MOREE POST OFFICE, AS","","","","","5",",a","4",",a","1",",a","","","","","","","","","","","","","18810328",",,a","","","","","29.7",",,a,28,","","","","","","","60.4",",,,a","","","","","",""
"ASN00053027","1881-04","-29.5","149.9","207.3","MOREE POST OFFICE, AS","","","","","0",",a","0",",a","0",",a","","","","","","","","","","","","","18810430","+,,a","","","","","0.0",",,a,30,+","","","","","","","0.0",",,,a","","","","","",""
"ASN00053027","1881-05","-29.5","149.9","207.3","MOREE POST OFFICE, AS","","","","","4",",a","2",",a","0",",a","","","","","","","","","","","","","18810527",",,a","","","","","4.6",",,a,27,","","","","","","","10.2",",,,a","","","","","",""
"ASN00053027","1881-06","-29.5","149.9","207.3","MOREE POST OFFICE, AS","","","","","2",",a","0",",a","0",",a","","","","","","","","","","","","","18810602",",,a","","","","","2.3",",,a,02,","","","","","","","3.1",",,,a","","","","","",""
"ASN00053027","1881-07","-29.5","149.9","207.3","MOREE POST OFFICE, AS","","","","","0",",a","0",",a","0",",a","","","","","","","","","","","","","18810731","+,,a","","","","","0.0",",,a,31,+","","","","","","","0.0",",,,a","","","","","",""
"ASN00053027","1881-08","-29.5","149.9","207.3","MOREE POST OFFICE, AS","","","","","5",",a","3",",a","0",",a","","","","","","","","","","","","","18810818",",,a","","","","","9.7",",,a,18,","","","","","","","29.5",",,,a","","","","","",""
"ASN00053027","1881-09","-29.5","149.9","207.3","MOREE POST OFFICE, AS","","","","","4",",a","4",",a","1",",a","","","","","","","","","","","","","18810910",",,a","","","","","28.4",",,a,10,","","","","","","","61.9",",,,a","","","","","",""
"ASN00053027","1881-10","-29.5","149.9","207.3","MOREE POST OFFICE, AS","","","","","4",",a","2",",a","1",",a","","","","","","","","","","","","","18811017",",,a","","","","","40.6",",,a,17,","","","","","","","47.3",",,,a","","","","","",""
"ASN00053027","1881-11","-29.5","149.9","207.3","MOREE POST OFFICE, AS","","","","","8",",a","5",",a","1",",a","","","","","","","","","","","","","18811102",",,a","","","","","31.8",",,a,02,","","","","","","","81.6",",,,a","","","","","",""
"ASN00053027","1881-12","-29.5","149.9","207.3","MOREE POST OFFICE, AS","","","","","2",",a","2",",a","0",",a","","","","","","","","","","","","","18811217",",,a","","","","","5.6",",,a,17,","","","","","","","8.1",",,,a","","","","","",""
"ASN00053027","1882-01","-29.5","149.9","207.3","MOREE POST OFFICE, AS","","","","","2",",a","2",",a","0",",a","","","","","","","","","","","","","18820104",",,a","","","","","4.6",",,a,04,","","","","","","","7.6",",,,a","","","","","",""
"ASN00053027","1882-02","-29.5","149.9","207.3","MOREE POST OFFICE, AS","","","","","6",",a","5",",a","2",",a","","","","","","","","","","","","","18820206",",,a","","","","","36.8",",,a,06,","","","","","","","93.5",",,,a","","","","","",""
"ASN00053027","1882-03","-29.5","149.9","207.3","MOREE POST OFFICE, AS","","","","","2",",a","2",",a","1",",a","","","","","","","","","","","","","18820305",",,a","","","","","28.2",",,a,05,","","","","","","","39.4",",,,a","","","","","",""
"ASN00053027","1882-04","-29.5","149.9","207.3","MOREE POST OFFICE, AS","","","","","7",",a","5",",a","0",",a","","","","","","","","","","","","","18820426",",,a","","","","","12.7",",,a,26,","","","","","","","39.1",",,,a","","","","","",""
"ASN00053027","1882-05","-29.5","149.9","207.3","MOREE POST OFFICE, AS","","","","","4",",a","2",",a","1",",a","","","","","","","","","","","","","18820530",",,a","","","","","26.2",",,a,30,","","","","","","","34.4",",,,a","","","","","",""
"ASN00053027","1882-06","-29.5","149.9","207.3","MOREE POST OFFICE, AS","","","","","8",",a","4",",a","1",",a","","","","","","","","","","","","","18820607",",,a","","","","","34.3",",,a,07,","","","","","","","59.2",",,,a","","","","","",""
"ASN00053027","1882-07","-29.5","149.9","207.3","MOREE POST OFFICE, AS","","","","","4",",a","2",",a","0",",a","","","","","","","","","","","","","18820709",",,a","","","","","16.3",",,a,09,","","","","","","","26.0",",,,a","","","","","",""
"ASN00053027","1882-08","-29.5","149.9","207.3","MOREE POST OFFICE, AS","","","","","5",",a","3",",a","0",",a","","","","","","","","","","","","","18820828",",,a","","","","","9.4",",,a,28,","","","","","","","19.4",",,,a","","","","","",""
"ASN00053027","1882-09","-29.5","149.9","207.3","MOREE POST OFFICE, AS","","","","","0",",a","0",",a","0",",a","","","","","","","","","","","","","18820930","+,,a","","","","","0.0",",,a,30,+","","","","","","","0.0",",,,a","","","","","",""
"ASN00053027","1882-10","-29.5","149.9","207.3","MOREE POST OFFICE, AS","","","","","9",",a","6",",a","0",",a","","","","","","","","","","","","","18821022",",,a","","","","","22.4",",,a,22,","","","","","","","58.9",",,,a","","","","","",""
"ASN00053027","1882-11","-29.5","149.9","207.3","MOREE POST OFFICE, AS","","","","","10",",a","6",",a","0",",a","","","","","","","","","","","","","18821121",",,a","","","","","20.3",",,a,21,","","","","","","","73.0",",,,a","","","","","",""
"ASN00053027","1882-12","-29.5","149.9","207.3","MOREE POST OFFICE, AS","","","","","11",",a","10",",a","1",",a","","","","","","","","","","","","","18821212",",,a","","","","","40.9",",,a,12,","","","","","","","91.2",",,,a","","","","","",""
"ASN00053027","1883-01","-29.5","149.9","207.3","MOREE POST OFFICE, AS","","","","","4",",a","4",",a","0",",a","","","","","","","","","","","","","18830104",",,a","","","","","16.8",",,a,04,","","","","","","","34.8",",,,a","","","","","",""
"ASN00053027","1883-02","-29.5","149.9","207.3","MOREE POST OFFICE, AS","","","","","12",",a","9",",a","1",",a","","","","","","","","","","","","","18830209",",,a","","","","","86.1",",,a,09,","","","","","","","146.2",",,,a","","","","","",""
"ASN00053027","1883-03","-29.5","149.9","207.3","MOREE POST OFFICE, AS","","","","","2",",a","1",",a","0",",a","","","","","","","","","","","","","18830320",",,a","","","","","8.4",",,a,20,","","","","","","","10.7",",,,a","","","","","",""
"ASN00053027","1883-04","-29.5","149.9","207.3","MOREE POST OFFICE, AS","","","","","5",",a","3",",a","0",",a","","","","","","","","","","","","","18830422",",,a","","","","","7.1",",,a,22,","","","","","","","17.6",",,,a","","","","","",""
"ASN00053027","1883-05","-29.5","149.9","207.3","MOREE POST OFFICE, AS","","","","","7",",a","5",",a","1",",a","","","","","","","","","","","","","18830506",",,a","","","","","36.3",",,a,06,","","","","","","","74.6",",,,a","","","","","",""
"ASN00053027","1883-06","-29.5","149.9","207.3","MOREE POST OFFICE, AS","","","","","2",",a","1",",a","0",",a","","","","","","","","","","","","","18830620",",,a","","","","","7.9",",,a,20,","","","","","","","8.2",",,,a","","","","","",""
"ASN00053027","1883-07","-29.5","149.9","207.3","MOREE POST OFFICE, AS","","","","","2",",a","1",",a","0",",a","","","","","","","","","","","","","18830721",",,a","","","","","4.3",",,a,21,","","","","","","","5.8",",,,a","","","","","",""
"ASN00053027","1883-08","-29.5","149.9","207.3","MOREE POST OFFICE, AS","","","","","5",",a","4",",a","0",",a","","","","","","","","","","","","","18830820",",,a","","","","","12.2",",,a,20,","","","","","","","32.5",",,,a","","","","","",""
"ASN00053027","1883-09","-29.5","149.9","207.3","MOREE POST OFFICE, AS","","","","","5",",a","3",",a","0",",a","","","","","","","","","","","","","18830919",",,a","","","","","11.4",",,a,19,","","","","","","","22.8",",,,a","","","","","",""
"ASN00053027","1883-10","-29.5","149.9","207.3","MOREE POST OFFICE, AS","","","","","8",",a","6",",a","0",",a","","","","","","","","","","","","","18831027",",,a","","","","","24.4",",,a,27,","","","","","","","63.2",",,,a","","","","","",""
"ASN00053027","1883-11","-29.5","149.9","207.3","MOREE POST OFFICE, AS","","","","","6",",a","4",",a","0",",a","","","","","","","","","","","","","18831129",",,a","","","","","6.9",",,a,29,","","","","","","","23.3",",,,a","","","","","",""
"ASN00053027","1883-12","-29.5","149.9","207.3","MOREE POST OFFICE, AS","","","","","3",",a","0",",a","0",",a","","","","","","","","","","","","","18831212","+,,a","","","","","0.8",",,a,12,+","","","","","","","2.1",",,,a","","","","","",""
"ASN00053027","1884-01","-29.5","149.9","207.3","MOREE POST OFFICE, AS","","","","","2",",a","2",",a","0",",a","","","","","","","","","","","","","18840131",",,a","","","","","16.3",",,a,31,","","","","","","","23.2",",,,a","","","","","",""
"ASN00053027","1884-02","-29.5","149.9","207.3","MOREE POST OFFICE, AS","","","","","3",",a","2",",a","0",",a","","","","","","","","","","","","","18840201",",,a","","","","","19.1",",,a,01,","","","","","","","30.3",",,,a","","","","","",""
"ASN00053027","1884-03","-29.5","149.9","207.3","MOREE POST OFFICE, AS","","","","","0",",a","0",",a","0",",a","","","","","","","","","","","","","18840331","+,,a","","","","","0.0",",,a,31,+","","","","","","","0.0",",,,a","","","","","",""
"ASN00053027","1884-04","-29.5","149.9","207.3","MOREE POST OFFICE, AS","","","","","4",",a","3",",a","0",",a","","","","","","","","","","","","","18840425",",,a","","","","","16.0",",,a,25,","","","","","","","33.2",",,,a","","","","","",""
"ASN00053027","1884-05","-29.5","149.9","207.3","MOREE POST OFFICE, AS","","","","","7",",a","5",",a","0",",a","","","","","","","","","","","","","18840512",",,a","","","","","9.1",",,a,12,","","","","","","","34.0",",,,a","","","","","",""
"ASN00053027","1884-06","-29.5","149.9","207.3","MOREE POST OFFICE, AS","","","","","5",",a","4",",a","0",",a","","","","","","","","","","","","","18840626",",,a","","","","","13.5",",,a,26,","","","","","","","41.7",",,,a","","","","","",""
"ASN00053027","1884-07","-29.5","149.9","207.3","MOREE POST OFFICE, AS","","","","","8",",a","5",",a","0",",a","","","","","","","","","","","","","18840722",",,a","","","","","19.6",",,a,22,","","","","","","","57.7",",,,a","","","","","",""
"ASN00053027","1884-08","-29.5","149.9","207.3","MOREE POST OFFICE, AS","","","","","2",",a","1",",a","0",",a","","","","","","","","","","","","","18840807",",,a","","","","","3.3",",,a,07,","","","","","","","4.1",",,,a","","","","","",""
"ASN00053027","1884-09","-29.5","149.9","207.3","MOREE POST OFFICE, AS","","","","","8",",a","6",",a","0",",a","","","","","","","","","","","","","18840925",",,a","","","","","18.8",",,a,25,","","","","","","","60.8",",,,a","","","","","",""
"ASN00053027","1884-10","-29.5","149.9","207.3","MOREE POST OFFICE, AS","","","","","4",",a","1",",a","0",",a","","","","","","","","","","","","","18841002",",,a","","","","","11.4",",,a,02,","","","","","","","14.7",",,,a","","","","","",""
"ASN00053027","1884-11","-29.5","149.9","207.3","MOREE POST OFFICE, AS","","","","","5",",a","5",",a","0",",a","","","","","","","","","","","","","18841106",",,a","","","","","18.5",",,a,06,","","","","","","","51.1",",,,a","","","","","",""
"ASN00053027","1884-12","-29.5","149.9","207.3","MOREE POST OFFICE, AS","","","","","3",",a","2",",a","0",",a","","","","","","","","","","","","","18841210",",,a","","","","","17.5",",,a,10,","","","","","","","32.0",",,,a","","","","","",""
"ASN00053027","1885-01","-29.5","149.9","207.3","MOREE POST OFFICE, AS","","","","","8",",a","8",",a","0",",a","","","","","","","","","","","","","18850120",",,a","","","","","17.0",",,a,20,","","","","","","","73.0",",,,a","","","","","",""
"ASN00053027","1885-02","-29.5","149.9","207.3","MOREE POST OFFICE, AS","","","","","8",",a","7",",a","1",",a","","","","","","","","","","","","","18850217",",,a","","","","","25.7",",,a,17,","","","","","","","73.2",",,,a","","","","","",""
"ASN00053027","1885-03","-29.5","149.9","207.3","MOREE POST OFFICE, AS","","","","","2",",a","2",",a","0",",a","","","","","","","","","","","","","18850303",",,a","","","","","18.3",",,a,03,","","","","","","","23.9",",,,a","","","","","",""
"ASN00053027","1885-04","-29.5","149.9","207.3","MOREE POST OFFICE, AS","","","","","2",",a","0",",a","0",",a","","","","","","","","","","","","","18850414",",,a","","","","","2.3",",,a,14,","","","","","","","4.1",",,,a","","","","","",""
"ASN00053027","1885-05","-29.5","149.9","207.3","MOREE POST OFFICE, AS","","","","","2",",a","2",",a","0",",a","","","","","","","","","","","","","18850518",",,a","","","","","7.1",",,a,18,","","","","","","","9.9",",,,a","","","","","",""
"ASN00053027","1885-06","-29.5","149.9","207.3","MOREE POST OFFICE, AS","","","","","8",",a","4",",a","1",",a","","","","","","","","","","","","","18850612",",,a","","","","","35.6",",,a,12,","","","","","","","64.9",",,,a","","","","","",""
"ASN00053027","1885-07","-29.5","149.9","207.3","MOREE POST OFFICE, AS","","","","","3",",a","1",",a","0",",a","","","","","","","","","","","","","18850722",",,a","","","","","13.2",",,a,22,","","","","","","","17.2",",,,a","","","","","",""
"ASN00053027","1885-08","-29.5","149.9","207.3","MOREE POST OFFICE, AS","","","","","1",",a","1",",a","0",",a","","","","","","","","","","","","","18850822",",,a","","","","","2.5",",,a,22,","","","","","","","2.5",",,,a","","","","","",""
"ASN00053027","1885-09","-29.5","149.9","207.3","MOREE POST OFFICE, AS","","","","","3",",a","3",",a","0",",a","","","","","","","","","","","","","18850915",",,a","","","","","19.8",",,a,15,","","","","","","","26.9",",,,a","","","","","",""
"ASN00053027","1885-10","-29.5","149.9","207.3","MOREE POST OFFICE, AS","","","","","5",",a","4",",a","0",",a","","","","","","","","","","","","","18851005",",,a","","","","","17.3",",,a,05,","","","","","","","48.9",",,,a","","","","","",""
"ASN00053027","1885-11","-29.5","149.9","207.3","MOREE POST OFFICE, AS","","","","","7",",a","4",",a","0",",a","","","","","","","","","","","","","18851110",",,a","","","","","16.5",",,a,10,","","","","","","","36.5",",,,a","","","","","",""
"ASN00053027","1885-12","-29.5","149.9","207.3","MOREE POST OFFICE, AS","","","","","9",",a","3",",a","0",",a","","","","","","","","","","","","","18851224",",,a","","","","","13.0",",,a,24,","","","","","","","26.6",",,,a","","","","","",""
"ASN00053027","1886-01","-29.5","149.9","207.3","MOREE POST OFFICE, AS","","","","","11",",a","7",",a","0",",a","","","","","","","","","","","","","18860122",",,a","","","","","18.8",",,a,22,","","","","","","","72.9",",,,a","","","","","",""
"ASN00053027","1886-02","-29.5","149.9","207.3","MOREE POST OFFICE, AS","","","","","2",",a","0",",a","0",",a","","","","","","","","","","","","","18860228",",,a","","","","","2.3",",,a,28,","","","","","","","2.8",",,,a","","","","","",""
"ASN00053027","1886-03","-29.5","149.9","207.3","MOREE POST OFFICE, AS","","","","","2",",a","0",",a","0",",a","","","","","","","","","","","","","18860312",",,a","","","","","1.8",",,a,12,","","","","","","","2.8",",,,a","","","","","",""
"ASN00053027","1886-04","-29.5","149.9","207.3","MOREE POST OFFICE, AS","","","","","4",",a","4",",a","3",",a","","","","","","","","","","","","","18860421",",,a","","","","","44.7",",,a,21,","","","","","","","100.3",",,,a","","","","","",""
"ASN00053027","1886-05","-29.5","149.9","207.3","MOREE POST OFFICE, AS","","","","","9",",a","6",",a","1",",a","","","","","","","","","","","","","18860524",",,a","","","","","26.7",",,a,24,","","","","","","","99.5",",,,a","","","","","",""
"ASN00053027","1886-06","-29.5","149.9","207.3","MOREE POST OFFICE, AS","","","","","9",",a","6",",a","2",",a","","","","","","","","","","","","","18860618",",,a","","","","","38.6",",,a,18,","","","","","","","112.3",",,,a","","","","","",""
"ASN00053027","1886-07","-29.5","149.9","207.3","MOREE POST OFFICE, AS","","","","","10",",a","7",",a","1",",a","","","","","","","","","","","","","18860724",",,a","","","","","43.2",",,a,24,","","","","","","","92.9",",,,a","","","","","",""
"ASN00053027","1886-08","-29.5","149.9","207.3","MOREE POST OFFICE, AS","","","","","12",",a","10",",a","0",",a","","","","","","","","","","","","","18860804",",,a","","","","","22.1",",,a,04,","","","","","","","102.1",",,,a","","","","","",""
"ASN00053027","1886-09","-29.5","149.9","207.3","MOREE POST OFFICE, AS","","","","","5",",a","3",",a","0",",a","","","","","","","","","","","","","18860925",",,a","","","","","9.1",",,a,25,","","","","","","","24.3",",,,a","","","","","",""
"ASN00053027","1886-10","-29.5","149.9","207.3","MOREE POST OFFICE, AS","","","","","9",",a","7",",a","1",",a","","","","","","","","","","","","","18861010",",,a","","","","","25.9",",,a,10,","","","","","","","101.4",",,,a","","","","","",""
"ASN00053027","1886-11","-29.5","149.9","207.3","MOREE POST OFFICE, AS","","","","","10",",a","7",",a","1",",a","","","","","","","","","","","","","18861102",",,a","","","","","40.6",",,a,02,","","","","","","","92.2",",,,a","","","","","",""
"ASN00053027","1886-12","-29.5","149.9","207.3","MOREE POST OFFICE, AS","","","","","9",",a","7",",a","0",",a","","","","","","","","","","","","","18861205",",,a","","","","","14.0",",,a,05,","","","","","","","59.8",",,,a","","","","","",""
"ASN00053027","1887-01","-29.5","149.9","207.3","MOREE POST OFFICE, AS","","","","","8",",a","6",",a","2",",a","","","","","","","","","","","","","18870126",",,a","","","","","83.8",",,a,26,","","","","","","","171.8",",,,a","","","","","",""
"ASN00053027","1887-02","-29.5","149.9","207.3","MOREE POST OFFICE, AS","","","","","10",",a","8",",a","2",",a","","","","","","","","","","","","","18870212",",,a","","","","","55.6",",,a,12,","","","","","","","143.3",",,,a","","","","","",""
"ASN00053027","1887-03","-29.5","149.9","207.3","MOREE POST OFFICE, AS","","","","","9",",a","4",",a","0",",a","","","","","","","","","","","","","18870315",",,a","","","","","13.5",",,a,15,","","","","","","","37.2",",,,a","","","","","",""
"ASN00053027","1887-04","-29.5","149.9","207.3","MOREE POST OFFICE, AS","","","","","2",",a","1",",a","0",",a","","","","","","","","","","","","","18870404",",,a","","","","","13.2",",,a,04,","","","","","","","14.2",",,,a","","","","","",""
"ASN00053027","1887-05","-29.5","149.9","207.3","MOREE POST OFFICE, AS","","","","","5",",a","5",",a","0",",a","","","","","","","","","","","","","18870527",",,a","","","","","11.7",",,a,27,","","","","","","","33.6",",,,a","","","","","",""
"ASN00053027","1887-06","-29.5","149.9","207.3","MOREE POST OFFICE, AS","","","","","6",",a","5",",a","0",",a","","","","","","","","","","","","","18870621",",,a","","","","","7.6",",,a,21,","","","","","","","26.6",",,,a","","","","","",""
"ASN00053027","1887-07","-29.5","149.9","207.3","MOREE POST OFFICE, AS","","","","","7",",a","5",",a","1",",a","","","","","","","","","","","","","18870713",",,a","","","","","25.7",",,a,13,","","","","","","","65.3",",,,a","","","","","",""
"ASN00053027","1887-08","-29.5","149.9","207.3","MOREE POST OFFICE, AS","","","","","8",",a","6",",a","1",",a","","","","","","","","","","","","","18870811",",,a","","","","","32.0",",,a,11,","","","","","","","93.9",",,,a","","","","","",""
"ASN00053027","1887-09","-29.5","149.9","207.3","MOREE POST OFFICE, AS","","","","","2",",a","1",",a","0",",a","","","","","","","","","","","","","18870902",",,a","","","","","3.8",",,a,02,","","","","","","","4.3",",,,a","","","","","",""
"ASN00053027","1887-10","-29.5","149.9","207.3","MOREE POST OFFICE, AS","","","","","6",",a","2",",a","0",",a","","","","","","","","","","","","","18871024",",,a","","","","","15.7",",,a,24,","","","","","","","23.3",",,,a","","","","","",""
"ASN00053027","1887-11","-29.5","149.9","207.3","MOREE POST OFFICE, AS","","","","","5",",a","4",",a","0",",a","","","","","","","","","","","","","18871129",",,a","","","","","23.1",",,a,29,","","","","","","","54.9",",,,a","","","","","",""
"ASN00053027","1887-12","-29.5","149.9","207.3","MOREE POST OFFICE, AS","","","","","7",",a","3",",a","2",",a","","","","","","","","","","","","","18871225",",,a","","","","","72.1",",,a,25,","","","","","","","116.9",",,,a","","","","","",""
"ASN00053027","1888-01","-29.5","149.9","207.3","MOREE POST OFFICE, AS","","","","","9",",a","5",",a","0",",a","","","","","","","","","","","","","18880103",",,a","","","","","12.4",",,a,03,","","","","","","","36.3",",,,a","","","","","",""
"ASN00053027","1888-02","-29.5","149.9","207.3","MOREE POST OFFICE, AS","","","","","13",",a","6",",a","4",",a","","","","","","","","","","","","","18880209",",,a","","","","","161.8",",,a,09,","","","","","","","337.6",",,,a","","","","","",""
"ASN00053027","1888-03","-29.5","149.9","207.3","MOREE POST OFFICE, AS","","","","","2",",a","1",",a","1",",a","","","","","","","","","","","","","18880301",",,a","","","","","103.6",",,a,01,","","","","","","","104.1",",,,a","","","","","",""
"ASN00053027","1888-04","-29.5","149.9","207.3","MOREE POST OFFICE, AS","","","","","0",",a","0",",a","0",",a","","","","","","","","","","","","","18880430","+,,a","","","","","0.0",",,a,30,+","","","","","","","0.0",",,,a","","","","","",""
"ASN00053027","1888-05","-29.5","149.9","207.3","MOREE POST OFFICE, AS","","","","","2",",a","2",",a","0",",a","","","","","","","","","","","","","18880512",",,a","","","","","11.9",",,a,12,","","","","","","","18.8",",,,a","","","","","",""
"ASN00053027","1888-06","-29.5","149.9","207.3","MOREE POST OFFICE, AS","","","","","2",",a","0",",a","0",",a","","","","","","","","","","","","","18880606",",,a","","","","","1.3",",,a,06,","","","","","","","1.6",",,,a","","","","","",""
"ASN00053027","1888-07","-29.5","149.9","207.3","MOREE POST OFFICE, AS","","","","","0",",a","0",",a","0",",a","","","","","","","","","","","","","18880731","+,,a","","","","","0.0",",,a,31,+","","","","","","","0.0",",,,a","","","","","",""
"ASN00053027","1888-08","-29.5","149.9","207.3","MOREE POST OFFICE, AS","","","","","0",",a","0",",a","0",",a","","","","","","","","","","","","","18880831","+,,a","","","","","0.0",",,a,31,+","","","","","","","0.0",",,,a","","","","","",""
"ASN00053027","1888-09","-29.5","149.9","207.3","MOREE POST OFFICE, AS","","","","","5",",a","4",",a","0",",a","","","","","","","","","","","","","18880929",",,a","","","","","11.9",",,a,29,","","","","","","","35.0",",,,a","","","","","",""
"ASN00053027","1888-10","-29.5","149.9","207.3","MOREE POST OFFICE, AS","","","","","5",",a","2",",a","0",",a","","","","","","","","","","","","","18881009",",,a","","","","","8.6",",,a,09,","","","","","","","21.3",",,,a","","","","","",""
"ASN00053027","1888-11","-29.5","149.9","207.3","MOREE POST OFFICE, AS","","","","","5",",a","3",",a","0",",a","","","","","","","","","","","","","18881130",",,a","","","","","18.8",",,a,30,","","","","","","","31.8",",,,a","","","","","",""
"ASN00053027","1888-12","-29.5","149.9","207.3","MOREE POST OFFICE, AS","","","","","4",",a","2",",a","0",",a","","","","","","","","","","","","","18881201",",,a","","","","","17.0",",,a,01,","","","","","","","28.5",",,,a","","","","","",""
"ASN00053027","1889-01","-29.5","149.9","207.3","MOREE POST OFFICE, AS","","","","","6",",a","2",",a","0",",a","","","","","","","","","","","","","18890126",",,a","","","","","6.1",",,a,26,","","","","","","","15.8",",,,a","","","","","",""
"ASN00053027","1889-02","-29.5","149.9","207.3","MOREE POST OFFICE, AS","","","","","7",",a","3",",a","0",",a","","","","","","","","","","","","","18890205",",,a","","","","","7.1",",,a,05,","","","","","","","20.3",",,,a","","","","","",""
"ASN00053027","1889-03","-29.5","149.9","207.3","MOREE POST OFFICE, AS","","","","","8",",a","4",",a","0",",a","","","","","","","","","","","","","18890324",",,a","","","","","22.6",",,a,24,","","","","","","","59.4",",,,a","","","","","",""
"ASN00053027","1889-04","-29.5","149.9","207.3","MOREE POST OFFICE, AS","","","","","7",",a","6",",a","1",",a","","","","","","","","","","","","","18890416",",,a","","","","","26.4",",,a,16,","","","","","","","76.7",",,,a","","","","","",""
"ASN00053027","1889-05","-29.5","149.9","207.3","MOREE POST OFFICE, AS","","","","","10",",a","7",",a","1",",a","","","","","","","","","","","","","18890525",",,a","","","","","46.7",",,a,25,","","","","","","","107.4",",,,a","","","","","",""
"ASN00053027","1889-06","-29.5","149.9","207.3","MOREE POST OFFICE, AS","","","","","6",",a","5",",a","0",",a","","","","","","","","","","","","","18890601",",,a","","","","","19.1",",,a,01,","","","","","","","55.7",",,,a","","","","","",""
"ASN00053027","1889-07","-29.5","149.9","207.3","MOREE POST OFFICE, AS","","","","","6",",a","6",",a","0",",a","","","","","","","","","","","","","18890716",",,a","","","","","19.1",",,a,16,","","","","","","","47.3",",,,a","","","","","",""
"ASN00053027","1889-08","-29.5","149.9","207.3","MOREE POST OFFICE, AS","","","","","7",",a","4",",a","0",",a","","","","","","","","","","","","","18890830",",,a","","","","","14.5",",,a,30,","","","","","","","36.9",",,,a","","","","","",""
"ASN00053027","1889-09","-29.5","149.9","207.3","MOREE POST OFFICE, AS","","","","","3",",a","1",",a","0",",a","","","","","","","","","","","","","18890921",",,a","","","","","8.1",",,a,21,","","","","","","","9.7",",,,a","","","","","",""
"ASN00053027","1889-10","-29.5","149.9","207.3","MOREE POST OFFICE, AS","","","","","6",",a","6",",a","0",",a","","","","","","","","","","","","","18891006",",,a","","","","","17.8",",,a,06,","","","","","","","47.7",",,,a","","","","","",""
"ASN00053027","1889-11","-29.5","149.9","207.3","MOREE POST OFFICE, AS","","","","","7",",a","7",",a","1",",a","","","","","","","","","","","","","18891112",",,a","","","","","78.5",",,a,12,","","","","","","","120.4",",,,a","","","","","",""
"ASN00053027","1889-12","-29.5","149.9","207.3","MOREE POST OFFICE, AS","","","","","8",",a","6",",a","2",",a","","","","","","","","","","","","","18891230",",,a","","","","","55.1",",,a,30,","","","","","","","115.6",",,,a","","","","","",""
"ASN00053027","1890-01","-29.5","149.9","207.3","MOREE POST OFFICE, AS","","","","","13",",a","8",",a","2",",a","","","","","","","","","","","","","18900111",",,a","","","","","43.2",",,a,11,","","","","","","","111.8",",,,a","","","","","",""
"ASN00053027","1890-02","-29.5","149.9","207.3","MOREE POST OFFICE, AS","","","","","21",",a","13",",a","2",",a","","","","","","","","","","","","","18900219",",,a","","","","","35.1",",,a,19,","","","","","","","167.0",",,,a","","","","","",""
"ASN00053027","1890-03","-29.5","149.9","207.3","MOREE POST OFFICE, AS","","","","","14",",a","9",",a","3",",a","","","","","","","","","","","","","18900311",",,a","","","","","59.4",",,a,11,","","","","","","","184.2",",,,a","","","","","",""
"ASN00053027","1890-04","-29.5","149.9","207.3","MOREE POST OFFICE, AS","","","","","6",",a","5",",a","0",",a","","","","","","","","","","","","","18900410",",,a","","","","","18.3",",,a,10,","","","","","","","49.8",",,,a","","","","","",""
"ASN00053027","1890-05","-29.5","149.9","207.3","MOREE POST OFFICE, AS","","","","","11",",a","8",",a","0",",a","","","","","","","","","","","","","18900523",",,a","","","","","17.3",",,a,23,","","","","","","","82.3",",,,a","","","","","",""
"ASN00053027","1890-06","-29.5","149.9","207.3","MOREE POST OFFICE, AS","","","","","11",",a","3",",a","1",",a","","","","","","","","","","","","","18900621",",,a","","","","","43.4",",,a,21,","","","","","","","73.3",",,,a","","","","","",""
"ASN00053027","1890-07","-29.5","149.9","207.3","MOREE POST OFFICE, AS","","","","","10",",a","4",",a","0",",a","","","","","","","","","","","","","18900719",",,a","","","","","13.5",",,a,19,","","","","","","","30.0",",,,a","","","","","",""
"ASN00053027","1890-08","-29.5","149.9","207.3","MOREE POST OFFICE, AS","","","","","5",",a","1",",a","0",",a","","","","","","","","","","","","","18900805",",,a","","","","","5.8",",,a,05,","","","","","","","9.6",",,,a","","","","","",""
"ASN00053027","1890-09","-29.5","149.9","207.3","MOREE POST OFFICE, AS","","","","","5",",a","4",",a","0",",a","","","","","","","","","","","","","18900921",",,a","","","","","24.1",",,a,21,","","","","","","","52.8",",,,a","","","","","",""
"ASN00053027","1890-10","-29.5","149.9","207.3","MOREE POST OFFICE, AS","","","","","7",",a","4",",a","1",",a","","","","","","","","","","","","","18901020",",,a","","","","","40.6",",,a,20,","","","","","","","84.0",",,,a","","","","","",""
"ASN00053027","1890-11","-29.5","149.9","207.3","MOREE POST OFFICE, AS","","","","","3",",a","2",",a","0",",a","","","","","","","","","","","","","18901113",",,a","","","","","21.1",",,a,13,","","","","","","","26.9",",,,a","","","","","",""
"ASN00053027","1890-12","-29.5","149.9","207.3","MOREE POST OFFICE, AS","","","","","6",",a","3",",a","0",",a","","","","","","","","","","","","","18901229",",,a","","","","","9.9",",,a,29,","","","","","","","29.7",",,,a","","","","","",""
"ASN00053027","1891-01","-29.5","149.9","207.3","MOREE POST OFFICE, AS","","","","","13",",a","11",",a","4",",a","","","","","","","","","","","","","18910110",",,a","","","","","53.6",",,a,10,","","","","","","","229.0",",,,a","","","","","",""
"ASN00053027","1891-02","-29.5","149.9","207.3","MOREE POST OFFICE, AS","","","","","7",",a","6",",a","0",",a","","","","","","","","","","","","","18910211",",,a","","","","","9.1",",,a,11,","","","","","","","31.1",",,,a","","","","","",""
"ASN00053027","1891-03","-29.5","149.9","207.3","MOREE POST OFFICE, AS","","","","","5",",a","4",",a","0",",a","","","","","","","","","","","","","18910302",",,a","","","","","16.0",",,a,02,","","","","","","","31.1",",,,a","","","","","",""
"ASN00053027","1891-04","-29.5","149.9","207.3","MOREE POST OFFICE, AS","","","","","5",",a","3",",a","0",",a","","","","","","","","","","","","","18910419",",,a","","","","","20.6",",,a,19,","","","","","","","41.0",",,,a","","","","","",""
"ASN00053027","1891-05","-29.5","149.9","207.3","MOREE POST OFFICE, AS","","","","","4",",a","3",",a","0",",a","","","","","","","","","","","","","18910507",",,a","","","","","7.6",",,a,07,","","","","","","","18.1",",,,a","","","","","",""
"ASN00053027","1891-06","-29.5","149.9","207.3","MOREE POST OFFICE, AS","","","","","12",",a","3",",a","1",",a","","","","","","","","","","","","","18910608",",,a","","","","","39.9",",,a,08,","","","","","","","59.7",",,,a","","","","","",""
"ASN00053027","1891-07","-29.5","149.9","207.3","MOREE POST OFFICE, AS","","","","","2",",a","1",",a","1",",a","","","","","","","","","","","","","18910710",",,a","","","","","25.4",",,a,10,","","","","","","","27.7",",,,a","","","","","",""
"ASN00053027","1891-08","-29.5","149.9","207.3","MOREE POST OFFICE, AS","","","","","5",",a","3",",a","1",",a","","","","","","","","","","","","","18910801",",,a","","","","","35.8",",,a,01,","","","","","","","62.8",",,,a","","","","","",""
"ASN00053027","1891-09","-29.5","149.9","207.3","MOREE POST OFFICE, AS","","","","","7",",a","5",",a","0",",a","","","","","","","","","","","","","18910926",",,a","","","","","11.7",",,a,26,","","","","","","","44.5",",,,a","","","","","",""
"ASN00053027","1891-10","-29.5","149.9","207.3","MOREE POST OFFICE, AS","","","","","2",",a","2",",a","0",",a","","","","","","","","","","","","","18911003",",,a","","","","","17.3",",,a,03,","","","","","","","21.9",",,,a","","","","","",""
"ASN00053027","1891-11","-29.5","149.9","207.3","MOREE POST OFFICE, AS","","","","","7",",a","6",",a","1",",a","","","","","","","","","","","","","18911120",",,a","","","","","33.0",",,a,20,","","","","","","","88.7",",,,a","","","","","",""
"ASN00053027","1891-12","-29.5","149.9","207.3","MOREE POST OFFICE, AS","","","","","3",",a","3",",a","0",",a","","","","","","","","","","","","","18911202",",,a","","","","","21.1",",,a,02,","","","","","","","45.5",",,,a","","","","","",""
"ASN00053027","1892-01","-29.5","149.9","207.3","MOREE POST OFFICE, AS","","","","","4",",a","3",",a","0",",a","","","","","","","","","","","","","18920111",",,a","","","","","15.2",",,a,11,","","","","","","","37.0",",,,a","","","","","",""
"ASN00053027","1892-02","-29.5","149.9","207.3","MOREE POST OFFICE, AS","","","","","2",",a","2",",a","1",",a","","","","","","","","","","","","","18920229",",,a","","","","","46.7",",,a,29,","","","","","","","68.5",",,,a","","","","","",""
"ASN00053027","1892-03","-29.5","149.9","207.3","MOREE POST OFFICE, AS","","","","","3",",a","2",",a","1",",a","","","","","","","","","","","","","18920318",",,a","","","","","39.6",",,a,18,","","","","","","","42.9",",,,a","","","","","",""
"ASN00053027","1892-04","-29.5","149.9","207.3","MOREE POST OFFICE, AS","","","","","3",",a","3",",a","1",",a","","","","","","","","","","","","","18920405",",,a","","","","","35.3",",,a,05,","","","","","","","69.8",",,,a","","","","","",""
"ASN00053027","1892-05","-29.5","149.9","207.3","MOREE POST OFFICE, AS","","","","","7",",a","6",",a","0",",a","","","","","","","","","","","","","18920517",",,a","","","","","24.1",",,a,17,","","","","","","","55.4",",,,a","","","","","",""
"ASN00053027","1892-06","-29.5","149.9","207.3","MOREE POST OFFICE, AS","","","","","5",",a","4",",a","2",",a","","","","","","","","","","","","","18920608",",,a","","","","","53.6",",,a,08,","","","","","","","91.4",",,,a","","","","","",""
"ASN00053027","1892-07","-29.5","149.9","207.3","MOREE POST OFFICE, AS","","","","","6",",a","5",",a","0",",a","","","","","","","","","","","","","18920706",",,a","","","","","8.1",",,a,06,","","","","","","","31.7",",,,a","","","","","",""
"ASN00053027","1892-08","-29.5","149.9","207.3","MOREE POST OFFICE, AS","","","","","2",",a","1",",a","0",",a","","","","","","","","","","","","","18920825",",,a","","","","","4.6",",,a,25,","","","","","","","4.9",",,,a","","","","","",""
"ASN00053027","1892-09","-29.5","149.9","207.3","MOREE POST OFFICE, AS","","","","","12",",a","10",",a","0",",a","","","","","","","","","","","","","18920905",",,a","","","","","17.8",",,a,05,","","","","","","","81.2",",,,a","","","","","",""
"ASN00053027","1892-10","-29.5","149.9","207.3","MOREE POST OFFICE, AS","","","","","8",",a","7",",a","0",",a","","","","","","","","","","","","","18921013",",,a","","","","","25.1",",,a,13,","","","","","","","107.1",",,,a","","","","","",""
"ASN00053027","1892-11","-29.5","149.9","207.3","MOREE POST OFFICE, AS","","","","","4",",a","4",",a","0",",a","","","","","","","","","","","","","18921111",",,a","","","","","16.8",",,a,11,","","","","","","","37.1",",,,a","","","","","",""
"ASN00053027","1892-12","-29.5","149.9","207.3","MOREE POST OFFICE, AS","","","","","6",",a","3",",a","2",",a","","","","","","","","","","","","","18921201",",,a","","","","","48.0",",,a,01,","","","","","","","102.9",",,,a","","","","","",""
"ASN00053027","1893-01","-29.5","149.9","207.3","MOREE POST OFFICE, AS","","","","","4",",a","4",",a","0",",a","","","","","","","","","","","","","18930121",",,a","","","","","21.8",",,a,21,","","","","","","","60.6",",,,a","","","","","",""
"ASN00053027","1893-02","-29.5","149.9","207.3","MOREE POST OFFICE, AS","","","","","8",",a","7",",a","2",",a","","","","","","","","","","","","","18930203",",,a","","","","","78.7",",,a,03,","","","","","","","138.5",",,,a","","","","","",""
"ASN00053027","1893-03","-29.5","149.9","207.3","MOREE POST OFFICE, AS","","","","","8",",a","6",",a","0",",a","","","","","","","","","","","","","18930327",",,a","","","","","11.4",",,a,27,","","","","","","","36.4",",,,a","","","","","",""
"ASN00053027","1893-04","-29.5","149.9","207.3","MOREE POST OFFICE, AS","","","","","9",",a","7",",a","1",",a","","","","","","","","","","","","","18930413",",,a","","","","","26.4",",,a,13,","","","","","","","89.4",",,,a","","","","","",""
"ASN00053027","1893-05","-29.5","149.9","207.3","MOREE POST OFFICE, AS","","","","","6",",a","3",",a","0",",a","","","","","","","","","","","","","18930530",",,a","","","","","16.5",",,a,30,","","","","","","","34.0",",,,a","","","","","",""
"ASN00053027","1893-06","-29.5","149.9","207.3","MOREE POST OFFICE, AS","","","","","9",",a","4",",a","2",",a","","","","","","","","","","","","","18930609",",,a","","","","","40.6",",,a,09,","","","","","","","103.6",",,,a","","","","","",""
"ASN00053027","1893-07","-29.5","149.9","207.3","MOREE POST OFFICE, AS","","","","","5",",a","2",",a","0",",a","","","","","","","","","","","","","18930723",",,a","","","","","12.4",",,a,23,","","","","","","","17.9",",,,a","","","","","",""
"ASN00053027","1893-08","-29.5","149.9","207.3","MOREE POST OFFICE, AS","","","","","6",",a","5",",a","0",",a","","","","","","","","","","","","","18930819",",,a","","","","","19.6",",,a,19,","","","","","","","49.1",",,,a","","","","","",""
"ASN00053027","1893-09","-29.5","149.9","207.3","MOREE POST OFFICE, AS","","","","","2",",a","1",",a","0",",a","","","","","","","","","","","","","18930924",",,a","","","","","4.1",",,a,24,","","","","","","","4.6",",,,a","","","","","",""
"ASN00053027","1893-10","-29.5","149.9","207.3","MOREE POST OFFICE, AS","","","","","5",",a","3",",a","1",",a","","","","","","","","","","","","","18931001",",,a","","","","","36.1",",,a,01,","","","","","","","61.3",",,,a","","","","","",""
"ASN00053027","1893-11","-29.5","149.9","207.3","MOREE POST OFFICE, AS","","","","","7",",a","7",",a","0",",a","","","","","","","","","","","","","18931106",",,a","","","","","23.9",",,a,06,","","","","","","","86.4",",,,a","","","","","",""
"ASN00053027","1893-12","-29.5","149.9","207.3","MOREE POST OFFICE, AS","","","","","4",",a","4",",a","0",",a","","","","","","","","","","","","","18931212",",,a","","","","","4.6",",,a,12,","","","","","","","14.9",",,,a","","","","","",""
"ASN00053027","1894-01","-29.5","149.9","207.3","MOREE POST OFFICE, AS","","","","","8",",a","5",",a","2",",a","","","","","","","","","","","","","18940108",",,a","","","","","54.1",",,a,08,","","","","","","","135.1",",,,a","","","","","",""
"ASN00053027","1894-02","-29.5","149.9","207.3","MOREE POST OFFICE, AS","","","","","5",",a","4",",a","0",",a","","","","","","","","","","","","","18940228",",,a","","","","","7.4",",,a,28,","","","","","","","20.5",",,,a","","","","","",""
"ASN00053027","1894-03","-29.5","149.9","207.3","MOREE POST OFFICE, AS","","","","","16",",a","10",",a","6",",a","","","","","","","","","","","","","18940319",",,a","","","","","142.0",",,a,19,","","","","","","","461.3",",,,a","","","","","",""
"ASN00053027","1894-04","-29.5","149.9","207.3","MOREE POST OFFICE, AS","","","","","6",",a","3",",a","2",",a","","","","","","","","","","","","","18940418",",,a","","","","","37.6",",,a,18,","","","","","","","84.1",",,,a","","","","","",""
"ASN00053027","1894-05","-29.5","149.9","207.3","MOREE POST OFFICE, AS","","","","","3",",a","3",",a","2",",a","","","","","","","","","","","","","18940518",",,a","","","","","36.8",",,a,18,","","","","","","","83.8",",,,a","","","","","",""
"ASN00053027","1894-06","-29.5","149.9","207.3","MOREE POST OFFICE, AS","","","","","9",",a","5",",a","0",",a","","","","","","","","","","","","","18940622",",,a","","","","","17.5",",,a,22,","","","","","","","34.6",",,,a","","","","","",""
"ASN00053027","1894-07","-29.5","149.9","207.3","MOREE POST OFFICE, AS","","","","","2",",a","2",",a","0",",a","","","","","","","","","","","","","18940729",",,a","","","","","6.4",",,a,29,","","","","","","","9.4",",,,a","","","","","",""
"ASN00053027","1894-08","-29.5","149.9","207.3","MOREE POST OFFICE, AS","","","","","3",",a","2",",a","0",",a","","","","","","","","","","","","","18940821",",,a","","","","","21.6",",,a,21,","","","","","","","29.0",",,,a","","","","","",""
"ASN00053027","1894-09","-29.5","149.9","207.3","MOREE POST OFFICE, AS","","","","","3",",a","2",",a","0",",a","","","","","","","","","","","","","18940909",",,a","","","","","15.5",",,a,09,","","","","","","","28.0",",,,a","","","","","",""
"ASN00053027","1894-10","-29.5","149.9","207.3","MOREE POST OFFICE, AS","","","","","9",",a","7",",a","1",",a","","","","","","","","","","","","","18941019",",,a","","","","","28.2",",,a,19,","","","","","","","109.7",",,,a","","","","","",""
"ASN00053027","1894-11","-29.5","149.9","207.3","MOREE POST OFFICE, AS","","","","","3",",a","3",",a","0",",a","","","","","","","","","","","","","18941118",",,a","","","","","20.8",",,a,18,","","","","","","","39.1",",,,a","","","","","",""
"ASN00053027","1894-12","-29.5","149.9","207.3","MOREE POST OFFICE, AS","","","","","6",",a","5",",a","1",",a","","","","","","","","","","","","","18941209",",,a","","","","","33.0",",,a,09,","","","","","","","72.9",",,,a","","","","","",""
"ASN00053027","1895-01","-29.5","149.9","207.3","MOREE POST OFFICE, AS","","","","","8",",a","8",",a","3",",a","","","","","","","","","","","","","18950121",",,a","","","","","34.0",",,a,21,","","","","","","","140.2",",,,a","","","","","",""
"ASN00053027","1895-02","-29.5","149.9","207.3","MOREE POST OFFICE, AS","","","","","2",",a","1",",a","0",",a","","","","","","","","","","","","","18950207",",,a","","","","","20.8",",,a,07,","","","","","","","21.8",",,,a","","","","","",""
"ASN00053027","1895-03","-29.5","149.9","207.3","MOREE POST OFFICE, AS","","","","","1",",a","1",",a","0",",a","","","","","","","","","","","","","18950324",",,a","","","","","3.6",",,a,24,","","","","","","","3.6",",,,a","","","","","",""
"ASN00053027","1895-04","-29.5","149.9","207.3","MOREE POST OFFICE, AS","","","","","2",",a","1",",a","0",",a","","","","","","","","","","","","","18950421",",,a","","","","","5.6",",,a,21,","","","","","","","6.6",",,,a","","","","","",""
"ASN00053027","1895-05","-29.5","149.9","207.3","MOREE POST OFFICE, AS","","","","","3",",a","2",",a","0",",a","","","","","","","","","","","","","18950524",",,a","","","","","7.1",",,a,24,","","","","","","","13.2",",,,a","","","","","",""
"ASN00053027","1895-06","-29.5","149.9","207.3","MOREE POST OFFICE, AS","","","","","2",",a","1",",a","0",",a","","","","","","","","","","","","","18950622",",,a","","","","","7.6",",,a,22,","","","","","","","7.9",",,,a","","","","","",""
"ASN00053027","1895-07","-29.5","149.9","207.3","MOREE POST OFFICE, AS","","","","","3",",a","2",",a","0",",a","","","","","","","","","","","","","18950718",",,a","","","","","9.4",",,a,18,","","","","","","","12.7",",,,a","","","","","",""
"ASN00053027","1895-08","-29.5","149.9","207.3","MOREE POST OFFICE, AS","","","","","2",",a","2",",a","0",",a","","","","","","","","","","","","","18950812",",,a","","","","","5.3",",,a,12,","","","","","","","8.9",",,,a","","","","","",""
"ASN00053027","1895-09","-29.5","149.9","207.3","MOREE POST OFFICE, AS","","","","","6",",a","4",",a","0",",a","","","","","","","","","","","","","18950917",",,a","","","","","22.1",",,a,17,","","","","","","","57.7",",,,a","","","","","",""
"ASN00053027","1895-10","-29.5","149.9","207.3","MOREE POST OFFICE, AS","","","","","4",",a","3",",a","0",",a","","","","","","","","","","","","","18951001",",,a","","","","","21.1",",,a,01,","","","","","","","31.8",",,,a","","","","","",""
"ASN00053027","1895-11","-29.5","149.9","207.3","MOREE POST OFFICE, AS","","","","","5",",a","4",",a","0",",a","","","","","","","","","","","","","18951102",",,a","","","","","24.4",",,a,02,","","","","","","","52.6",",,,a","","","","","",""
"ASN00053027","1895-12","-29.5","149.9","207.3","MOREE POST OFFICE, AS","","","","","11",",a","8",",a","0",",a","","","","","","","","","","","","","18951210",",,a","","","","","17.8",",,a,10,","","","","","","","75.2",",,,a","","","","","",""
"ASN00053027","1896-01","-29.5","149.9","207.3","MOREE POST OFFICE, AS","","","","","5",",a","4",",a","0",",a","","","","","","","","","","","","","18960128",",,a","","","","","19.6",",,a,28,","","","","","","","31.5",",,,a","","","","","",""
"ASN00053027","1896-02","-29.5","149.9","207.3","MOREE POST OFFICE, AS","","","","","13",",a","8",",a","1",",a","","","","","","","","","","","","","18960209",",,a","","","","","25.9",",,a,09,","","","","","","","92.8",",,,a","","","","","",""
"ASN00053027","1896-03","-29.5","149.9","207.3","MOREE POST OFFICE, AS","","","","","2",",a","2",",a","0",",a","","","","","","","","","","","","","18960325",",,a","","","","","15.7",",,a,25,","","","","","","","26.6",",,,a","","","","","",""
"ASN00053027","1896-04","-29.5","149.9","207.3","MOREE POST OFFICE, AS","","","","","3",",a","2",",a","0",",a","","","","","","","","","","","","","18960410",",,a","","","","","24.1",",,a,10,","","","","","","","43.4",",,,a","","","","","",""
"ASN00053027","1896-05","-29.5","149.9","207.3","MOREE POST OFFICE, AS","","","","","6",",a","3",",a","1",",a","","","","","","","","","","","","","18960520",",,a","","","","","27.2",",,a,20,","","","","","","","37.7",",,,a","","","","","",""
"ASN00053027","1896-06","-29.5","149.9","207.3","MOREE POST OFFICE, AS","","","","","6",",a","3",",a","1",",a","","","","","","","","","","","","","18960608",",,a","","","","","28.7",",,a,08,","","","","","","","41.6",",,,a","","","","","",""
"ASN00053027","1896-07","-29.5","149.9","207.3","MOREE POST OFFICE, AS","","","","","8",",a","5",",a","0",",a","","","","","","","","","","","","","18960707",",,a","","","","","7.4",",,a,07,","","","","","","","28.1",",,,a","","","","","",""
"ASN00053027","1896-08","-29.5","149.9","207.3","MOREE POST OFFICE, AS","","","","","3",",a","3",",a","1",",a","","","","","","","","","","","","","18960825",",,a","","","","","25.9",",,a,25,","","","","","","","37.1",",,,a","","","","","",""
"ASN00053027","1896-09","-29.5","149.9","207.3","MOREE POST OFFICE, AS","","","","","6",",a","3",",a","0",",a","","","","","","","","","","","","","18960923",",,a","","","","","3.8",",,a,23,","","","","","","","13.8",",,,a","","","","","",""
"ASN00053027","1896-10","-29.5","149.9","207.3","MOREE POST OFFICE, AS","","","","","3",",a","2",",a","0",",a","","","","","","","","","","","","","18961008",",,a","","","","","13.0",",,a,08,","","","","","","","21.4",",,,a","","","","","",""
"ASN00053027","1896-11","-29.5","149.9","207.3","MOREE POST OFFICE, AS","","","","","7",",a","7",",a","2",",a","","","","","","","","","","","","","18961102",",,a","","","","","41.1",",,a,02,","","","","","","","132.6",",,,a","","","","","",""
"ASN00053027","1896-12","-29.5","149.9","207.3","MOREE POST OFFICE, AS","","","","","6",",a","5",",a","1",",a","","","","","","","","","","","","","18961206",",,a","","","","","36.1",",,a,06,","","","","","","","73.4",",,,a","","","","","",""
"ASN00053027","1897-01","-29.5","149.9","207.3","MOREE POST OFFICE, AS","","","","","4",",a","4",",a","2",",a","","","","","","","","","","","","","18970109",",,a","","","","","51.3",",,a,09,","","","","","","","94.6",",,,a","","","","","",""
"ASN00053027","1897-02","-29.5","149.9","207.3","MOREE POST OFFICE, AS","","","","","4",",a","4",",a","0",",a","","","","","","","","","","","","","18970204",",,a","","","","","21.6",",,a,04,","","","","","","","40.2",",,,a","","","","","",""
"ASN00053027","1897-03","-29.5","149.9","207.3","MOREE POST OFFICE, AS","","","","","3",",a","3",",a","1",",a","","","","","","","","","","","","","18970302",",,a","","","","","35.6",",,a,02,","","","","","","","53.6",",,,a","","","","","",""
"ASN00053027","1897-04","-29.5","149.9","207.3","MOREE POST OFFICE, AS","","","","","0",",a","0",",a","0",",a","","","","","","","","","","","","","18970430","+,,a","","","","","0.0",",,a,30,+","","","","","","","0.0",",,,a","","","","","",""
"ASN00053027","1897-05","-29.5","149.9","207.3","MOREE POST OFFICE, AS","","","","","3",",a","1",",a","0",",a","","","","","","","","","","","","","18970530",",,a","","","","","3.3",",,a,30,","","","","","","","5.1",",,,a","","","","","",""
"ASN00053027","1897-06","-29.5","149.9","207.3","MOREE POST OFFICE, AS","","","","","3",",a","3",",a","2",",a","","","","","","","","","","","","","18970625",",,a","","","","","43.4",",,a,25,","","","","","","","85.6",",,,a","","","","","",""
"ASN00053027","1897-07","-29.5","149.9","207.3","MOREE POST OFFICE, AS","","","","","5",",a","4",",a","2",",a","","","","","","","","","","","","","18970724",",,a","","","","","70.9",",,a,24,","","","","","","","139.8",",,,a","","","","","",""
"ASN00053027","1897-08","-29.5","149.9","207.3","MOREE POST OFFICE, AS","","","","","2",",a","1",",a","0",",a","","","","","","","","","","","","","18970828",",,a","","","","","17.3",",,a,28,","","","","","","","18.8",",,,a","","","","","",""
"ASN00053027","1897-09","-29.5","149.9","207.3","MOREE POST OFFICE, AS","","","","","4",",a","2",",a","2",",a","","","","","","","","","","","","","18970928",",,a","","","","","34.5",",,a,28,","","","","","","","65.0",",,,a","","","","","",""
"ASN00053027","1897-10","-29.5","149.9","207.3","MOREE POST OFFICE, AS","","","","","6",",a","3",",a","1",",a","","","","","","","","","","","","","18971005",",,a","","","","","34.0",",,a,05,","","","","","","","46.9",",,,a","","","","","",""
"ASN00053027","1897-11","-29.5","149.9","207.3","MOREE POST OFFICE, AS","","","","","0",",a","0",",a","0",",a","","","","","","","","","","","","","18971130","+,,a","","","","","0.0",",,a,30,+","","","","","","","0.0",",,,a","","","","","",""
"ASN00053027","1897-12","-29.5","149.9","207.3","MOREE POST OFFICE, AS","","","","","9",",a","6",",a","1",",a","","","","","","","","","","","","","18971204",",,a","","","","","28.4",",,a,04,","","","","","","","95.0",",,,a","","","","","",""
"ASN00053027","1898-01","-29.5","149.9","207.3","MOREE POST OFFICE, AS","","","","","12",",a","8",",a","1",",a","","","","","","","","","","","","","18980102",",,a","","","","","29.7",",,a,02,","","","","","","","96.6",",,,a","","","","","",""
"ASN00053027","1898-02","-29.5","149.9","207.3","MOREE POST OFFICE, AS","","","","","4",",a","4",",a","1",",a","","","","","","","","","","","","","18980212",",,a","","","","","46.5",",,a,12,","","","","","","","64.5",",,,a","","","","","",""
"ASN00053027","1898-03","-29.5","149.9","207.3","MOREE POST OFFICE, AS","","","","","0",",a","0",",a","0",",a","","","","","","","","","","","","","18980331","+,,a","","","","","0.0",",,a,31,+","","","","","","","0.0",",,,a","","","","","",""
"ASN00053027","1898-04","-29.5","149.9","207.3","MOREE POST OFFICE, AS","","","","","1",",a","1",",a","0",",a","","","","","","","","","","","","","18980430",",,a","","","","","4.6",",,a,30,","","","","","","","4.6",",,,a","","","","","",""
"ASN00053027","1898-05","-29.5","149.9","207.3","MOREE POST OFFICE, AS","","","","","5",",a","5",",a","0",",a","","","","","","","","","","","","","18980501",",,a","","","","","8.9",",,a,01,","","","","","","","32.0",",,,a","","","","","",""
"ASN00053027","1898-06","-29.5","149.9","207.3","MOREE POST OFFICE, AS","","","","","6",",a","4",",a","1",",a","","","","","","","","","","","","","18980616",",,a","","","","","26.4",",,a,16,","","","","","","","58.4",",,,a","","","","","",""
"ASN00053027","1898-07","-29.5","149.9","207.3","MOREE POST OFFICE, AS","","","","","1",",a","0",",a","0",",a","","","","","","","","","","","","","18980701",",,a","","","","","1.0",",,a,01,","","","","","","","1.0",",,,a","","","","","",""
"ASN00053027","1898-08","-29.5","149.9","207.3","MOREE POST OFFICE, AS","","","","","2",",a","1",",a","0",",a","","","","","","","","","","","","","18980831",",,a","","","","","18.0",",,a,31,","","","","","","","19.0",",,,a","","","","","",""
"ASN00053027","1898-09","-29.5","149.9","207.3","MOREE POST OFFICE, AS","","","","","6",",a","3",",a","0",",a","","","","","","","","","","","","","18980905",",,a","","","","","21.6",",,a,05,","","","","","","","36.2",",,,a","","","","","",""
"ASN00053027","1898-10","-29.5","149.9","207.3","MOREE POST OFFICE, AS","","","","","3",",a","3",",a","0",",a","","","","","","","","","","","","","18981002",",,a","","","","","12.2",",,a,02,","","","","","","","21.6",",,,a","","","","","",""
"ASN00053027","1898-11","-29.5","149.9","207.3","MOREE POST OFFICE, AS","","","","","1",",a","1",",a","0",",a","","","","","","","","","","","","","18981124",",,a","","","","","4.8",",,a,24,","","","","","","","4.8",",,,a","","","","","",""
"ASN00053027","1898-12","-29.5","149.9","207.3","MOREE POST OFFICE, AS","","","","","1",",a","1",",a","0",",a","","","","","","","","","","","","","18981224",",,a","","","","","19.3",",,a,24,","","","","","","","19.3",",,,a","","","","","",""
"ASN00053027","1899-01","-29.5","149.9","207.3","MOREE POST OFFICE, AS","","","","","3",",a","3",",a","0",",a","","","","","","","","","","","","","18990129",",,a","","","","","24.1",",,a,29,","","","","","","","41.4",",,,a","","","","","",""
"ASN00053027","1899-02","-29.5","149.9","207.3","MOREE POST OFFICE, AS","","","","","4",",a","4",",a","1",",a","","","","","","","","","","","","","18990222",",,a","","","","","30.0",",,a,22,","","","","","","","58.2",",,,a","","","","","",""
"ASN00053027","1899-03","-29.5","149.9","207.3","MOREE POST OFFICE, AS","","","","","5",",a","1",",a","0",",a","","","","","","","","","","","","","18990301",",,a","","","","","5.6",",,a,01,","","","","","","","11.0",",,,a","","","","","",""
"ASN00053027","1899-04","-29.5","149.9","207.3","MOREE POST OFFICE, AS","","","","","3",",a","3",",a","0",",a","","","","","","","","","","","","","18990403",",,a","","","","","18.5",",,a,03,","","","","","","","25.1",",,,a","","","","","",""
"ASN00053027","1899-05","-29.5","149.9","207.3","MOREE POST OFFICE, AS","","","","","0",",a","0",",a","0",",a","","","","","","","","","","","","","18990531","+,,a","","","","","0.0",",,a,31,+","","","","","","","0.0",",,,a","","","","","",""
"ASN00053027","1899-06","-29.5","149.9","207.3","MOREE POST OFFICE, AS","","","","","8",",a","5",",a","0",",a","","","","","","","","","","","","","18990624",",,a","","","","","18.3",",,a,24,","","","","","","","55.5",",,,a","","","","","",""
"ASN00053027","1899-07","-29.5","149.9","207.3","MOREE POST OFFICE, AS","","","","","8",",a","6",",a","2",",a","","","","","","","","","","","","","18990710",",,a","","","","","42.9",",,a,10,","","","","","","","98.3",",,,a","","","","","",""
"ASN00053027","1899-08","-29.5","149.9","207.3","MOREE POST OFFICE, AS","","","","","9",",a","6",",a","1",",a","","","","","","","","","","","","","18990823",",,a","","","","","37.6",",,a,23,","","","","","","","84.8",",,,a","","","","","",""
"ASN00053027","1899-09","-29.5","149.9","207.3","MOREE POST OFFICE, AS","","","","","6",",a","5",",a","1",",a","","","","","","","","","","","","","18990912",",,a","","","","","32.5",",,a,12,","","","","","","","72.3",",,,a","","","","","",""
"ASN00053027","1899-10","-29.5","149.9","207.3","MOREE POST OFFICE, AS","","","","","3",",a","2",",a","1",",a","","","","","","","","","","","","","18991020",",,a","","","","","48.8",",,a,20,","","","","","","","56.7",",,,a","","","","","",""
"ASN00053027","1899-11","-29.5","149.9","207.3","MOREE POST OFFICE, AS","","","","","5",",a","2",",a","0",",a","","","","","","","","","","","","","18991108",",,a","","","","","7.4",",,a,08,","","","","","","","11.3",",,,a","","","","","",""
"ASN00053027","1899-12","-29.5","149.9","207.3","MOREE POST OFFICE, AS","","","","","3",",a","1",",a","0",",a","","","","","","","","","","","","","18991228",",,a","","","","","13.2",",,a,28,","","","","","","","14.3",",,,a","","","","","",""
"ASN00053027","1900-01","-29.5","149.9","207.3","MOREE POST OFFICE, AS","","","","","5",",a","5",",a","0",",a","","","","","","","","","","","","","19000109",",,a","","","","","20.1",",,a,09,","","","","","","","42.2",",,,a","","","","","",""
"ASN00053027","1900-02","-29.5","149.9","207.3","MOREE POST OFFICE, AS","","","","","9",",a","7",",a","2",",a","","","","","","","","","","","","","19000222",",,a","","","","","33.0",",,a,22,","","","","","","","122.3",",,,a","","","","","",""
"ASN00053027","1900-03","-29.5","149.9","207.3","MOREE POST OFFICE, AS","","","","","4",",a","4",",a","2",",a","","","","","","","","","","","","","19000331",",,a","","","","","61.7",",,a,31,","","","","","","","115.3",",,,a","","","","","",""
"ASN00053027","1900-04","-29.5","149.9","207.3","MOREE POST OFFICE, AS","","","","","7",",a","5",",a","0",",a","","","","","","","","","","","","","19000422",",,a","","","","","14.5",",,a,22,","","","","","","","32.1",",,,a","","","","","",""
"ASN00053027","1900-05","-29.5","149.9","207.3","MOREE POST OFFICE, AS","","","","","8",",a","8",",a","1",",a","","","","","","","","","","","","","19000523",",,a","","","","","30.0",",,a,23,","","","","","","","67.7",",,,a","","","","","",""
"ASN00053027","1900-06","-29.5","149.9","207.3","MOREE POST OFFICE, AS","","","","","9",",a","4",",a","1",",a","","","","","","","","","","","","","19000621",",,a","","","","","26.7",",,a,21,","","","","","","","41.4",",,,a","","","","","",""
"ASN00053027","1900-07","-29.5","149.9","207.3","MOREE POST OFFICE, AS","","","","","6",",a","4",",a","0",",a","","","","","","","","","","","","","19000704",",,a","","","","","19.8",",,a,04,","","","","","","","34.3",",,,a","","","","","",""
"ASN00053027","1900-08","-29.5","149.9","207.3","MOREE POST OFFICE, AS","","","","","0",",a","0",",a","0",",a","","","","","","","","","","","","","19000831","+,,a","","","","","0.0",",,a,31,+","","","","","","","0.0",",,,a","","","","","",""
"ASN00053027","1900-09","-29.5","149.9","207.3","MOREE POST OFFICE, AS","","","","","3",",a","3",",a","0",",a","","","","","","","","","","","","","19000917",",,a","","","","","8.6",",,a,17,","","","","","","","21.3",",,,a","","","","","",""
"ASN00053027","1900-10","-29.5","149.9","207.3","MOREE POST OFFICE, AS","","","","","1",",a","1",",a","0",",a","","","","","","","","","","","","","19001029",",,a","","","","","3.3",",,a,29,","","","","","","","3.3",",,,a","","","","","",""
"ASN00053027","1900-11","-29.5","149.9","207.3","MOREE POST OFFICE, AS","","","","","5",",a","3",",a","0",",a","","","","","","","","","","","","","19001111",",,a","","","","","12.7",",,a,11,","","","","","","","30.8",",,,a","","","","","",""
"ASN00053027","1900-12","-29.5","149.9","207.3","MOREE POST OFFICE, AS","","","","","7",",a","3",",a","0",",a","","","","","","","","","","","","","19001205",",,a","","","","","21.6",",,a,05,","","","","","","","55.3",",,,a","","","","","",""
"ASN00053027","1901-01","-29.5","149.9","207.3","MOREE POST OFFICE, AS","","","","","6",",a","4",",a","1",",a","","","","","","","","","","","","","19010123",",,a","","","","","43.2",",,a,23,","","","","","","","80.3",",,,a","","","","","",""
"ASN00053027","1901-02","-29.5","149.9","207.3","MOREE POST OFFICE, AS","","","","","2",",a","1",",a","0",",a","","","","","","","","","","","","","19010202",",,a","","","","","2.8",",,a,02,","","","","","","","4.6",",,,a","","","","","",""
"ASN00053027","1901-03","-29.5","149.9","207.3","MOREE POST OFFICE, AS","","","","","8",",a","5",",a","0",",a","","","","","","","","","","","","","19010312",",,a","","","","","22.9",",,a,12,","","","","","","","75.8",",,,a","","","","","",""
"ASN00053027","1901-04","-29.5","149.9","207.3","MOREE POST OFFICE, AS","","","","","3",",a","2",",a","1",",a","","","","","","","","","","","","","19010422",",,a","","","","","25.9",",,a,22,","","","","","","","30.8",",,,a","","","","","",""
"ASN00053027","1901-05","-29.5","149.9","207.3","MOREE POST OFFICE, AS","","","","","2",",a","2",",a","1",",a","","","","","","","","","","","","","19010528",",,a","","","","","33.0",",,a,28,","","","","","","","50.8",",,,a","","","","","",""
"ASN00053027","1901-06","-29.5","149.9","207.3","MOREE POST OFFICE, AS","","","","","7",",a","4",",a","1",",a","","","","","","","","","","","","","19010611",",,a","","","","","29.5",",,a,11,","","","","","","","55.7",",,,a","","","","","",""
"ASN00053027","1901-07","-29.5","149.9","207.3","MOREE POST OFFICE, AS","","","","","8",",a","3",",a","0",",a","","","","","","","","","","","","","19010706",",,a","","","","","4.1",",,a,06,","","","","","","","17.4",",,,a","","","","","",""
"ASN00053027","1901-08","-29.5","149.9","207.3","MOREE POST OFFICE, AS","","","","","9",",a","8",",a","0",",a","","","","","","","","","","","","","19010828",",,a","","","","","9.4",",,a,28,","","","","","","","52.8",",,,a","","","","","",""
"ASN00053027","1901-09","-29.5","149.9","207.3","MOREE POST OFFICE, AS","","","","","3",",a","1",",a","0",",a","","","","","","","","","","","","","19010930",",,a","","","","","7.4",",,a,30,","","","","","","","11.5",",,,a","","","","","",""
"ASN00053027","1901-10","-29.5","149.9","207.3","MOREE POST OFFICE, AS","","","","","4",",a","3",",a","0",",a","","","","","","","","","","","","","19011028",",,a","","","","","19.6",",,a,28,","","","","","","","39.7",",,,a","","","","","",""
"ASN00053027","1901-11","-29.5","149.9","207.3","MOREE POST OFFICE, AS","","","","","5",",a","4",",a","1",",a","","","","","","","","","","","","","19011122",",,a","","","","","49.0",",,a,22,","","","","","","","82.7",",,,a","","","","","",""
"ASN00053027","1901-12","-29.5","149.9","207.3","MOREE POST OFFICE, AS","","","","","1",",a","1",",a","0",",a","","","","","","","","","","","","","19011204",",,a","","","","","3.8",",,a,04,","","","","","","","3.8",",,,a","","","","","",""
"ASN00053027","1902-01","-29.5","149.9","207.3","MOREE POST OFFICE, AS","","","","","3",",a","3",",a","0",",a","","","","","","","","","","","","","19020102",",,a","","","","","13.0",",,a,02,","","","","","","","22.2",",,,a","","","","","",""
"ASN00053027","1902-02","-29.5","149.9","207.3","MOREE POST OFFICE, AS","","","","","4",",a","2",",a","0",",a","","","","","","","","","","","","","19020202",",,a","","","","","5.8",",,a,02,","","","","","","","12.1",",,,a","","","","","",""
"ASN00053027","1902-03","-29.5","149.9","207.3","MOREE POST OFFICE, AS","","","","","1",",a","0",",a","0",",a","","","","","","","","","","","","","19020327",",,a","","","","","2.3",",,a,27,","","","","","","","2.3",",,,a","","","","","",""
"ASN00053027","1902-04","-29.5","149.9","207.3","MOREE POST OFFICE, AS","","","","","0",",a","0",",a","0",",a","","","","","","","","","","","","","19020430","+,,a","","","","","0.0",",,a,30,+","","","","","","","0.0",",,,a","","","","","",""
"ASN00053027","1902-05","-29.5","149.9","207.3","MOREE POST OFFICE, AS","","","","","0",",a","0",",a","0",",a","","","","","","","","","","","","","19020531","+,,a","","","","","0.0",",,a,31,+","","","","","","","0.0",",,,a","","","","","",""
"ASN00053027","1902-06","-29.5","149.9","207.3","MOREE POST OFFICE, AS","","","","","3",",a","2",",a","0",",a","","","","","","","","","","","","","19020607",",,a","","","","","5.6",",,a,07,","","","","","","","11.0",",,,a","","","","","",""
"ASN00053027","1902-07","-29.5","149.9","207.3","MOREE POST OFFICE, AS","","","","","1",",a","0",",a","0",",a","","","","","","","","","","","","","19020719",",,a","","","","","1.0",",,a,19,","","","","","","","1.0",",,,a","","","","","",""
"ASN00053027","1902-08","-29.5","149.9","207.3","MOREE POST OFFICE, AS","","","","","6",",a","6",",a","0",",a","","","","","","","","","","","","","19020820",",,a","","","","","24.1",",,a,20,","","","","","","","60.2",",,,a","","","","","",""
"ASN00053027","1902-09","-29.5","149.9","207.3","MOREE POST OFFICE, AS","","","","","2",",a","0",",a","0",",a","","","","","","","","","","","","","19020913",",,a","","","","","1.0",",,a,13,","","","","","","","1.3",",,,a","","","","","",""
"ASN00053027","1902-10","-29.5","149.9","207.3","MOREE POST OFFICE, AS","","","","","9",",a","5",",a","0",",a","","","","","","","","","","","","","19021028",",,a","","","","","9.9",",,a,28,","","","","","","","33.4",",,,a","","","","","",""
"ASN00053027","1902-11","-29.5","149.9","207.3","MOREE POST OFFICE, AS","","","","","4",",a","3",",a","0",",a","","","","","","","","","","","","","19021129",",,a","","","","","7.9",",,a,29,","","","","","","","16.1",",,,a","","","","","",""
"ASN00053027","1902-12","-29.5","149.9","207.3","MOREE POST OFFICE, AS","","","","","7",",a","5",",a","0",",a","","","","","","","","","","","","","19021214",",,a","","","","","25.1",",,a,14,","","","","","","","43.1",",,,a","","","","","",""
"ASN00053027","1903-01","-29.5","149.9","207.3","MOREE POST OFFICE, AS","","","","","4",",a","3",",a","1",",a","","","","","","","","","","","","","19030125",",,a","","","","","36.1",",,a,25,","","","","","","","45.0",",,,a","","","","","",""
"ASN00053027","1903-02","-29.5","149.9","207.3","MOREE POST OFFICE, AS","","","","","3",",a","2",",a","0",",a","","","","","","","","","","","","","19030221",",,a","","","","","6.4",",,a,21,","","","","","","","12.8",",,,a","","","","","",""
"ASN00053027","1903-03","-29.5","149.9","207.3","MOREE POST OFFICE, AS","","","","","5",",a","5",",a","1",",a","","","","","","","","","","","","","19030325",",,a","","","","","37.1",",,a,25,","","","","","","","69.3",",,,a","","","","","",""
"ASN00053027","1903-04","-29.5","149.9","207.3","MOREE POST OFFICE, AS","","","","","3",",a","2",",a","0",",a","","","","","","","","","","","","","19030401",",,a","","","","","10.4",",,a,01,","","","","","","","20.8",",,,a","","","","","",""
"ASN00053027","1903-05","-29.5","149.9","207.3","MOREE POST OFFICE, AS","","","","","7",",a","6",",a","1",",a","","","","","","","","","","","","","19030509",",,a","","","","","27.9",",,a,09,","","","","","","","86.6",",,,a","","","","","",""
"ASN00053027","1903-06","-29.5","149.9","207.3","MOREE POST OFFICE, AS","","","","","2",",a","2",",a","2",",a","","","","","","","","","","","","","19030601",",,a","","","","","33.5",",,a,01,","","","","","","","61.7",",,,a","","","","","",""
"ASN00053027","1903-07","-29.5","149.9","207.3","MOREE POST OFFICE, AS","","","","","10",",a","7",",a","1",",a","","","","","","","","","","","","","19030714",",,a","","","","","46.2",",,a,14,","","","","","","","91.7",",,,a","","","","","",""
"ASN00053027","1903-08","-29.5","149.9","207.3","MOREE POST OFFICE, AS","","","","","7",",a","5",",a","0",",a","","","","","","","","","","","","","19030812",",,a","","","","","16.5",",,a,12,","","","","","","","43.5",",,,a","","","","","",""
"ASN00053027","1903-09","-29.5","149.9","207.3","MOREE POST OFFICE, AS","","","","","7",",a","7",",a","2",",a","","","","","","","","","","","","","19030918",",,a","","","","","41.4",",,a,18,","","","","","","","123.5",",,,a","","","","","",""
"ASN00053027","1903-10","-29.5","149.9","207.3","MOREE POST OFFICE, AS","","","","","7",",a","6",",a","1",",a","","","","","","","","","","","","","19031022",",,a","","","","","25.9",",,a,22,","","","","","","","61.5",",,,a","","","","","",""
"ASN00053027","1903-11","-29.5","149.9","207.3","MOREE POST OFFICE, AS","","","","","7",",a","6",",a","0",",a","","","","","","","","","","","","","19031110",",,a","","","","","19.6",",,a,10,","","","","","","","58.7",",,,a","","","","","",""
"ASN00053027","1903-12","-29.5","149.9","207.3","MOREE POST OFFICE, AS","","","","","7",",a","4",",a","2",",a","","","","","","","","","","","","","19031212",",,a","","","","","75.2",",,a,12,","","","","","","","130.9",",,,a","","","","","",""
"ASN00053027","1904-01","-29.5","149.9","207.3","MOREE POST OFFICE, AS","","","","","3",",a","3",",a","0",",a","","","","","","","","","","","","","19040104",",,a","","","","","18.8",",,a,04,","","","","","","","32.3",",,,a","","","","","",""
"ASN00053027","1904-02","-29.5","149.9","207.3","MOREE POST OFFICE, AS","","","","","6",",a","5",",a","1",",a","","","","","","","","","","","","","19040225",",,a","","","","","43.7",",,a,25,","","","","","","","78.5",",,,a","","","","","",""
"ASN00053027","1904-03","-29.5","149.9","207.3","MOREE POST OFFICE, AS","","","","","9",",a","6",",a","3",",a","","","","","","","","","","","","","19040331",",,a","","","","","51.1",",,a,31,","","","","","","","149.0",",,,a","","","","","",""
"ASN00053027","1904-04","-29.5","149.9","207.3","MOREE POST OFFICE, AS","","","","","1",",a","1",",a","0",",a","","","","","","","","","","","","","19040406",",,a","","","","","12.7",",,a,06,","","","","","","","12.7",",,,a","","","","","",""
"ASN00053027","1904-05","-29.5","149.9","207.3","MOREE POST OFFICE, AS","","","","","8",",a","6",",a","0",",a","","","","","","","","","","","","","19040526",",,a","","","","","15.5",",,a,26,","","","","","","","62.2",",,,a","","","","","",""
"ASN00053027","1904-06","-29.5","149.9","207.3","MOREE POST OFFICE, AS","","","","","2",",a","1",",a","0",",a","","","","","","","","","","","","","19040621",",,a","","","","","10.2",",,a,21,","","","","","","","11.5",",,,a","","","","","",""
"ASN00053027","1904-07","-29.5","149.9","207.3","MOREE POST OFFICE, AS","","","","","5",",a","4",",a","0",",a","","","","","","","","","","","","","19040708",",,a","","","","","19.6",",,a,08,","","","","","","","30.5",",,,a","","","","","",""
"ASN00053027","1904-08","-29.5","149.9","207.3","MOREE POST OFFICE, AS","","","","","1",",a","1",",a","0",",a","","","","","","","","","","","","","19040827",",,a","","","","","16.5",",,a,27,","","","","","","","16.5",",,,a","","","","","",""
"ASN00053027","1904-09","-29.5","149.9","207.3","MOREE POST OFFICE, AS","","","","","4",",a","2",",a","0",",a","","","","","","","","","","","","","19040927",",,a","","","","","22.6",",,a,27,","","","","","","","45.9",",,,a","","","","","",""
"ASN00053027","1904-10","-29.5","149.9","207.3","MOREE POST OFFICE, AS","","","","","10",",a","6",",a","1",",a","","","","","","","","","","","","","19041011",",,a","","","","","34.3",",,a,11,","","","","","","","82.4",",,,a","","","","","",""
"ASN00053027","1904-11","-29.5","149.9","207.3","MOREE POST OFFICE, AS","","","","","5",",a","2",",a","0",",a","","","","","","","","","","","","","19041110",",,a","","","","","8.6",",,a,10,","","","","","","","17.3",",,,a","","","","","",""
"ASN00053027","1904-12","-29.5","149.9","207.3","MOREE POST OFFICE, AS","","","","","3",",a","2",",a","0",",a","","","","","","","","","","","","","19041212",",,a","","","","","6.4",",,a,12,","","","","","","","12.8",",,,a","","","","","",""
"ASN00053027","1905-01","-29.5","149.9","207.3","MOREE POST OFFICE, AS","","","","","4",",a","3",",a","0",",a","","","","","","","","","","","","","19050114",",,a","","","","","17.8",",,a,14,","","","","","","","44.2",",,,a","","","","","",""
"ASN00053027","1905-02","-29.5","149.9","207.3","MOREE POST OFFICE, AS","","","","","6",",a","5",",a","0",",a","","","","","","","","","","","","","19050213",",,a","","","","","20.3",",,a,13,","","","","","","","68.0",",,,a","","","","","",""
"ASN00053027","1905-03","-29.5","149.9","207.3","MOREE POST OFFICE, AS","","","","","4",",a","2",",a","0",",a","","","","","","","","","","","","","19050302",",,a","","","","","15.2",",,a,02,","","","","","","","21.3",",,,a","","","","","",""
"ASN00053027","1905-04","-29.5","149.9","207.3","MOREE POST OFFICE, AS","","","","","7",",a","7",",a","1",",a","","","","","","","","","","","","","19050403",",,a","","","","","52.3",",,a,03,","","","","","","","117.7",",,,a","","","","","",""
"ASN00053027","1905-05","-29.5","149.9","207.3","MOREE POST OFFICE, AS","","","","","9",",a","5",",a","0",",a","","","","","","","","","","","","","19050504",",,a","","","","","7.9",",,a,04,","","","","","","","29.2",",,,a","","","","","",""
"ASN00053027","1905-06","-29.5","149.9","207.3","MOREE POST OFFICE, AS","","","","","4",",a","1",",a","0",",a","","","","","","","","","","","","","19050622",",,a","","","","","10.2",",,a,22,","","","","","","","11.8",",,,a","","","","","",""
"ASN00053027","1905-07","-29.5","149.9","207.3","MOREE POST OFFICE, AS","","","","","4",",a","3",",a","0",",a","","","","","","","","","","","","","19050701",",,a","","","","","5.3",",,a,01,","","","","","","","15.8",",,,a","","","","","",""
"ASN00053027","1905-08","-29.5","149.9","207.3","MOREE POST OFFICE, AS","","","","","3",",a","3",",a","0",",a","","","","","","","","","","","","","19050827",",,a","","","","","18.0",",,a,27,","","","","","","","31.3",",,,a","","","","","",""
"ASN00053027","1905-09","-29.5","149.9","207.3","MOREE POST OFFICE, AS","","","","","0",",a","0",",a","0",",a","","","","","","","","","","","","","19050930","+,,a","","","","","0.0",",,a,30,+","","","","","","","0.0",",,,a","","","","","",""
"ASN00053027","1905-10","-29.5","149.9","207.3","MOREE POST OFFICE, AS","","","","","6",",a","3",",a","0",",a","","","","","","","","","","","","","19051014",",,a","","","","","20.3",",,a,14,","","","","","","","36.1",",,,a","","","","","",""
"ASN00053027","1905-11","-29.5","149.9","207.3","MOREE POST OFFICE, AS","","","","","6",",a","4",",a","0",",a","","","","","","","","","","","","","19051119",",,a","","","","","11.4",",,a,19,","","","","","","","34.3",",,,a","","","","","",""
"ASN00053027","1905-12","-29.5","149.9","207.3","MOREE POST OFFICE, AS","","","","","3",",a","1",",a","0",",a","","","","","","","","","","","","","19051207",",,a","","","","","8.1",",,a,07,","","","","","","","10.4",",,,a","","","","","",""
"ASN00053027","1906-01","-29.5","149.9","207.3","MOREE POST OFFICE, AS","","","","","4",",a","3",",a","0",",a","","","","","","","","","","","","","19060109",",,a","","","","","15.2",",,a,09,","","","","","","","28.1",",,,a","","","","","",""
"ASN00053027","1906-02","-29.5","149.9","207.3","MOREE POST OFFICE, AS","","","","","13",",a","11",",a","1",",a","","","","","","","","","","","","","19060210",",,a","","","","","43.7",",,a,10,","","","","","","","99.8",",,,a","","","","","",""
"ASN00053027","1906-03","-29.5","149.9","207.3","MOREE POST OFFICE, AS","","","","","6",",a","6",",a","1",",a","","","","","","","","","","","","","19060301",",,a","","","","","34.8",",,a,01,","","","","","","","116.8",",,,a","","","","","",""
"ASN00053027","1906-04","-29.5","149.9","207.3","MOREE POST OFFICE, AS","","","","","2",",a","1",",a","0",",a","","","","","","","","","","","","","19060401",",,a","","","","","7.1",",,a,01,","","","","","","","8.9",",,,a","","","","","",""
"ASN00053027","1906-05","-29.5","149.9","207.3","MOREE POST OFFICE, AS","","","","","4",",a","2",",a","0",",a","","","","","","","","","","","","","19060523",",,a","","","","","10.7",",,a,23,","","","","","","","15.0",",,,a","","","","","",""
"ASN00053027","1906-06","-29.5","149.9","207.3","MOREE POST OFFICE, AS","","","","","5",",a","3",",a","0",",a","","","","","","","","","","","","","19060622",",,a","","","","","12.7",",,a,22,","","","","","","","32.5",",,,a","","","","","",""
"ASN00053027","1906-07","-29.5","149.9","207.3","MOREE POST OFFICE, AS","","","","","5",",a","2",",a","0",",a","","","","","","","","","","","","","19060730",",,a","","","","","4.1",",,a,30,","","","","","","","11.0",",,,a","","","","","",""
"ASN00053027","1906-08","-29.5","149.9","207.3","MOREE POST OFFICE, AS","","","","","5",",a","3",",a","1",",a","","","","","","","","","","","","","19060829",",,a","","","","","38.1",",,a,29,","","","","","","","70.2",",,,a","","","","","",""
"ASN00053027","1906-09","-29.5","149.9","207.3","MOREE POST OFFICE, AS","","","","","12",",a","7",",a","1",",a","","","","","","","","","","","","","19060928",",,a","","","","","29.2",",,a,28,","","","","","","","101.8",",,,a","","","","","",""
"ASN00053027","1906-10","-29.5","149.9","207.3","MOREE POST OFFICE, AS","","","","","7",",a","4",",a","0",",a","","","","","","","","","","","","","19061003",",,a","","","","","17.8",",,a,03,","","","","","","","52.9",",,,a","","","","","",""
"ASN00053027","1906-11","-29.5","149.9","207.3","MOREE POST OFFICE, AS","","","","","6",",a","1",",a","0",",a","","","","","","","","","","","","","19061112",",,a","","","","","6.9",",,a,12,","","","","","","","10.6",",,,a","","","","","",""
"ASN00053027","1906-12","-29.5","149.9","207.3","MOREE POST OFFICE, AS","","","","","4",",a","1",",a","0",",a","","","","","","","","","","","","","19061208",",,a","","","","","2.5",",,a,08,","","","","","","","7.1",",,,a","","","","","",""
"ASN00053027","1907-01","-29.5","149.9","207.3","MOREE POST OFFICE, AS","","","","","13",",a","11",",a","2",",a","","","","","","","","","","","","","19070111",",,a","","","","","29.7",",,a,11,","","","","","","","124.3",",,,a","","","","","",""
"ASN00053027","1907-02","-29.5","149.9","207.3","MOREE POST OFFICE, AS","","","","","4",",a","2",",a","0",",a","","","","","","","","","","","","","19070216",",,a","","","","","7.6",",,a,16,","","","","","","","14.0",",,,a","","","","","",""
"ASN00053027","1907-03","-29.5","149.9","207.3","MOREE POST OFFICE, AS","","","","","9",",a","5",",a","1",",a","","","","","","","","","","","","","19070313",",,a","","","","","40.1",",,a,13,","","","","","","","81.7",",,,a","","","","","",""
"ASN00053027","1907-04","-29.5","149.9","207.3","MOREE POST OFFICE, AS","","","","","3",",a","3",",a","0",",a","","","","","","","","","","","","","19070429",",,a","","","","","13.5",",,a,29,","","","","","","","26.2",",,,a","","","","","",""
"ASN00053027","1907-05","-29.5","149.9","207.3","MOREE POST OFFICE, AS","","","","","4",",a","4",",a","0",",a","","","","","","","","","","","","","19070531",",,a","","","","","13.7",",,a,31,","","","","","","","27.7",",,,a","","","","","",""
"ASN00053027","1907-06","-29.5","149.9","207.3","MOREE POST OFFICE, AS","","","","","7",",a","3",",a","0",",a","","","","","","","","","","","","","19070602",",,a","","","","","15.2",",,a,02,","","","","","","","32.0",",,,a","","","","","",""
"ASN00053027","1907-07","-29.5","149.9","207.3","MOREE POST OFFICE, AS","","","","","3",",a","2",",a","0",",a","","","","","","","","","","","","","19070706",",,a","","","","","8.4",",,a,06,","","","","","","","17.8",",,,a","","","","","",""
"ASN00053027","1907-08","-29.5","149.9","207.3","MOREE POST OFFICE, AS","","","","","3",",a","3",",a","1",",a","","","","","","","","","","","","","19070803",",,a","","","","","38.1",",,a,03,","","","","","","","46.5",",,,a","","","","","",""
"ASN00053027","1907-09","-29.5","149.9","207.3","MOREE POST OFFICE, AS","","","","","2",",a","1",",a","0",",a","","","","","","","","","","","","","19070910",",,a","","","","","2.5",",,a,10,","","","","","","","3.3",",,,a","","","","","",""
"ASN00053027","1907-10","-29.5","149.9","207.3","MOREE POST OFFICE, AS","","","","","3",",a","3",",a","0",",a","","","","","","","","","","","","","19071030",",,a","","","","","10.4",",,a,30,","","","","","","","23.1",",,,a","","","","","",""
"ASN00053027","1907-11","-29.5","149.9","207.3","MOREE POST OFFICE, AS","","","","","10",",a","7",",a","1",",a","","","","","","","","","","","","","19071104",",,a","","","","","31.0",",,a,04,","","","","","","","87.8",",,,a","","","","","",""
"ASN00053027","1907-12","-29.5","149.9","207.3","MOREE POST OFFICE, AS","","","","","8",",a","7",",a","1",",a","","","","","","","","","","","","","19071228",",,a","","","","","37.1",",,a,28,","","","","","","","92.0",",,,a","","","","","",""
"ASN00053027","1908-01","-29.5","149.9","207.3","MOREE POST OFFICE, AS","","","","","2",",a","1",",a","0",",a","","","","","","","","","","","","","19080131",",,a","","","","","8.1",",,a,31,","","","","","","","8.6",",,,a","","","","","",""
"ASN00053027","1908-02","-29.5","149.9","207.3","MOREE POST OFFICE, AS","","","","","9",",a","8",",a","4",",a","","","","","","","","","","","","","19080210",",,a","","","","","38.1",",,a,10,","","","","","","","162.2",",,,a","","","","","",""
"ASN00053027","1908-03","-29.5","149.9","207.3","MOREE POST OFFICE, AS","","","","","4",",a","2",",a","2",",a","","","","","","","","","","","","","19080317",",,a","","","","","136.4",",,a,17,","","","","","","","174.5",",,,a","","","","","",""
"ASN00053027","1908-04","-29.5","149.9","207.3","MOREE POST OFFICE, AS","","","","","7",",a","6",",a","0",",a","","","","","","","","","","","","","19080412",",,a","","","","","10.2",",,a,12,","","","","","","","34.8",",,,a","","","","","",""
"ASN00053027","1908-05","-29.5","149.9","207.3","MOREE POST OFFICE, AS","","","","","1",",a","0",",a","0",",a","","","","","","","","","","","","","19080515",",,a","","","","","0.5",",,a,15,","","","","","","","0.5",",,,a","","","","","",""
"ASN00053027","1908-06","-29.5","149.9","207.3","MOREE POST OFFICE, AS","","","","","4",",a","2",",a","0",",a","","","","","","","","","","","","","19080611",",,a","","","","","16.5",",,a,11,","","","","","","","28.7",",,,a","","","","","",""
"ASN00053027","1908-07","-29.5","149.9","207.3","MOREE POST OFFICE, AS","","","","","3",",a","3",",a","0",",a","","","","","","","","","","","","","19080727",",,a","","","","","3.6",",,a,27,","","","","","","","9.6",",,,a","","","","","",""
"ASN00053027","1908-08","-29.5","149.9","207.3","MOREE POST OFFICE, AS","","","","","6",",a","3",",a","1",",a","","","","","","","","","","","","","19080803",",,a","","","","","38.6",",,a,03,","","","","","","","64.8",",,,a","","","","","",""
"ASN00053027","1908-09","-29.5","149.9","207.3","MOREE POST OFFICE, AS","","","","","6",",a","3",",a","1",",a","","","","","","","","","","","","","19080905",",,a","","","","","43.2",",,a,05,","","","","","","","51.0",",,,a","","","","","",""
"ASN00053027","1908-10","-29.5","149.9","207.3","MOREE POST OFFICE, AS","","","","","6",",a","3",",a","0",",a","","","","","","","","","","","","","19081017",",,a","","","","","10.7",",,a,17,","","","","","","","33.4",",,,a","","","","","",""
"ASN00053027","1908-11","-29.5","149.9","207.3","MOREE POST OFFICE, AS","","","","","5",",a","5",",a","1",",a","","","","","","","","","","","","","19081121",",,a","","","","","55.9",",,a,21,","","","","","","","85.1",",,,a","","","","","",""
"ASN00053027","1908-12","-29.5","149.9","207.3","MOREE POST OFFICE, AS","","","","","2",",a","2",",a","1",",a","","","","","","","","","","","","","19081212",",,a","","","","","30.5",",,a,12,","","","","","","","38.6",",,,a","","","","","",""
"ASN00053027","1909-01","-29.5","149.9","207.3","MOREE POST OFFICE, AS","","","","","1",",a","1",",a","1",",a","","","","","","","","","","","","","19090121",",,a","","","","","73.7",",,a,21,","","","","","","","73.7",",,,a","","","","","",""
"ASN00053027","1909-02","-29.5","149.9","207.3","MOREE POST OFFICE, AS","","","","","6",",a","6",",a","3",",a","","","","","","","","","","","","","19090201",",,a","","","","","38.1",",,a,01,","","","","","","","154.4",",,,a","","","","","",""
"ASN00053027","1909-03","-29.5","149.9","207.3","MOREE POST OFFICE, AS","","","","","5",",a","3",",a","0",",a","","","","","","","","","","","","","19090315",",,a","","","","","14.0",",,a,15,","","","","","","","27.7",",,,a","","","","","",""
"ASN00053027","1909-04","-29.5","149.9","207.3","MOREE POST OFFICE, AS","","","","","6",",a","2",",a","0",",a","","","","","","","","","","","","","19090421",",,a","","","","","7.6",",,a,21,","","","","","","","14.9",",,,a","","","","","",""
"ASN00053027","1909-05","-29.5","149.9","207.3","MOREE POST OFFICE, AS","","","","","2",",a","2",",a","0",",a","","","","","","","","","","","","","19090517",",,a","","","","","12.7",",,a,17,","","","","","","","16.5",",,,a","","","","","",""
"ASN00053027","1909-06","-29.5","149.9","207.3","MOREE POST OFFICE, AS","","","","","8",",a","6",",a","1",",a","","","","","","","","","","","","","19090628",",,a","","","","","47.0",",,a,28,","","","","","","","105.2",",,,a","","","","","",""
"ASN00053027","1909-07","-29.5","149.9","207.3","MOREE POST OFFICE, AS","","","","","4",",a","4",",a","0",",a","","","","","","","","","","","","","19090708",",,a","","","","","8.4",",,a,08,","","","","","","","20.6",",,,a","","","","","",""
"ASN00053027","1909-08","-29.5","149.9","207.3","MOREE POST OFFICE, AS","","","","","11",",a","7",",a","0",",a","","","","","","","","","","","","","19090821",",,a","","","","","17.0",",,a,21,","","","","","","","77.9",",,,a","","","","","",""
"ASN00053027","1909-09","-29.5","149.9","207.3","MOREE POST OFFICE, AS","","","","","1",",a","1",",a","0",",a","","","","","","","","","","","","","19090910",",,a","","","","","17.3",",,a,10,","","","","","","","17.3",",,,a","","","","","",""
"ASN00053027","1909-10","-29.5","149.9","207.3","MOREE POST OFFICE, AS","","","","","5",",a","5",",a","0",",a","","","","","","","","","","","","","19091016",",,a","","","","","15.7",",,a,16,","","","","","","","41.3",",,,a","","","","","",""
"ASN00053027","1909-11","-29.5","149.9","207.3","MOREE POST OFFICE, AS","","","","","7",",a","5",",a","0",",a","","","","","","","","","","","","","19091127",",,a","","","","","22.4",",,a,27,","","","","","","","49.8",",,,a","","","","","",""
"ASN00053027","1909-12","-29.5","149.9","207.3","MOREE POST OFFICE, AS","","","","","6",",a","6",",a","1",",a","","","","","","","","","","","","","19091223",",,a","","","","","30.0",",,a,23,","","","","","","","85.3",",,,a","","","","","",""
"ASN00053027","1910-01","-29.5","149.9","207.3","MOREE POST OFFICE, AS","","","","","8",",a","7",",a","3",",a","","","","","","","","","","","","","19100114",",,a","","","","","88.4",",,a,14,","","","","","","","217.5",",,,a","","","","","",""
"ASN00053027","1910-02","-29.5","149.9","207.3","MOREE POST OFFICE, AS","","","","","2",",a","0",",a","0",",a","","","","","","","","","","","","","19100210",",,a","","","","","1.3",",,a,10,","","","","","","","2.1",",,,a","","","","","",""
"ASN00053027","1910-03","-29.5","149.9","207.3","MOREE POST OFFICE, AS","","","","","8",",a","5",",a","2",",a","","","","","","","","","","","","","19100315",",,a","","","","","82.3",",,a,15,","","","","","","","151.1",",,,a","","","","","",""
"ASN00053027","1910-04","-29.5","149.9","207.3","MOREE POST OFFICE, AS","","","","","3",",a","1",",a","0",",a","","","","","","","","","","","","","19100420",",,a","","","","","22.4",",,a,20,","","","","","","","23.7",",,,a","","","","","",""
"ASN00053027","1910-05","-29.5","149.9","207.3","MOREE POST OFFICE, AS","","","","","3",",a","2",",a","0",",a","","","","","","","","","","","","","19100519",",,a","","","","","7.1",",,a,19,","","","","","","","12.0",",,,a","","","","","",""
"ASN00053027","1910-06","-29.5","149.9","207.3","MOREE POST OFFICE, AS","","","","","7",",a","6",",a","1",",a","","","","","","","","","","","","","19100624",",,a","","","","","31.8",",,a,24,","","","","","","","69.8",",,,a","","","","","",""
"ASN00053027","1910-07","-29.5","149.9","207.3","MOREE POST OFFICE, AS","","","","","7",",a","4",",a","0",",a","","","","","","","","","","","","","19100705",",,a","","","","","18.3",",,a,05,","","","","","","","37.4",",,,a","","","","","",""
"ASN00053027","1910-08","-29.5","149.9","207.3","MOREE POST OFFICE, AS","","","","","3",",a","2",",a","0",",a","","","","","","","","","","","","","19100802",",,a","","","","","8.4",",,a,02,","","","","","","","14.2",",,,a","","","","","",""
"ASN00053027","1910-09","-29.5","149.9","207.3","MOREE POST OFFICE, AS","","","","","2",",a","1",",a","0",",a","","","","","","","","","","","","","19100928",",,a","","","","","7.1",",,a,28,","","","","","","","7.4",",,,a","","","","","",""
"ASN00053027","1910-10","-29.5","149.9","207.3","MOREE POST OFFICE, AS","","","","","4",",a","2",",a","1",",a","","","","","","","","","","","","","19101029",",,a","","","","","43.7",",,a,29,","","","","","","","50.8",",,,a","","","","","",""
"ASN00053027","1910-11","-29.5","149.9","207.3","MOREE POST OFFICE, AS","","","","","3",",a","2",",a","0",",a","","","","","","","","","","","","","19101112",",,a","","","","","21.6",",,a,12,","","","","","","","39.9",",,,a","","","","","",""
"ASN00053027","1910-12","-29.5","149.9","207.3","MOREE POST OFFICE, AS","","","","","8",",a","6",",a","1",",a","","","","","","","","","","","","","19101212",",,a","","","","","43.7",",,a,12,","","","","","","","66.9",",,,a","","","","","",""
"ASN00053027","1911-01","-29.5","149.9","207.3","MOREE POST OFFICE, AS","","","","","12",",a","9",",a","2",",a","","","","","","","","","","","","","19110112",",,a","","","","","34.3",",,a,12,","","","","","","","116.5",",,,a","","","","","",""
"ASN00053027","1911-02","-29.5","149.9","207.3","MOREE POST OFFICE, AS","","","","","7",",a","5",",a","2",",a","","","","","","","","","","","","","19110214",",,a","","","","","49.8",",,a,14,","","","","","","","133.2",",,,a","","","","","",""
"ASN00053027","1911-03","-29.5","149.9","207.3","MOREE POST OFFICE, AS","","","","","3",",a","3",",a","0",",a","","","","","","","","","","","","","19110311",",,a","","","","","18.3",",,a,11,","","","","","","","37.3",",,,a","","","","","",""
"ASN00053027","1911-04","-29.5","149.9","207.3","MOREE POST OFFICE, AS","","","","","2",",a","2",",a","0",",a","","","","","","","","","","","","","19110417",",,a","","","","","5.1",",,a,17,","","","","","","","7.6",",,,a","","","","","",""
"ASN00053027","1911-05","-29.5","149.9","207.3","MOREE POST OFFICE, AS","","","","","5",",a","4",",a","0",",a","","","","","","","","","","","","","19110511",",,a","","","","","17.3",",,a,11,","","","","","","","37.6",",,,a","","","","","",""
"ASN00053027","1911-06","-29.5","149.9","207.3","MOREE POST OFFICE, AS","","","","","4",",a","1",",a","0",",a","","","","","","","","","","","","","19110605",",,a","","","","","3.8",",,a,05,","","","","","","","5.9",",,,a","","","","","",""
"ASN00053027","1911-07","-29.5","149.9","207.3","MOREE POST OFFICE, AS","","","","","7",",a","4",",a","0",",a","","","","","","","","","","","","","19110712",",,a","","","","","6.9",",,a,12,","","","","","","","24.6",",,,a","","","","","",""
"ASN00053027","1911-08","-29.5","149.9","207.3","MOREE POST OFFICE, AS","","","","","6",",a","5",",a","0",",a","","","","","","","","","","","","","19110819",",,a","","","","","12.7",",,a,19,","","","","","","","36.9",",,,a","","","","","",""
"ASN00053027","1911-09","-29.5","149.9","207.3","MOREE POST OFFICE, AS","","","","","6",",a","3",",a","0",",a","","","","","","","","","","","","","19110929",",,a","","","","","21.6",",,a,29,","","","","","","","42.9",",,,a","","","","","",""
"ASN00053027","1911-10","-29.5","149.9","207.3","MOREE POST OFFICE, AS","","","","","5",",a","2",",a","0",",a","","","","","","","","","","","","","19111017","+,,a","","","","","6.4",",,a,17,+","","","","","","","17.1",",,,a","","","","","",""
"ASN00053027","1911-11","-29.5","149.9","207.3","MOREE POST OFFICE, AS","","","","","5",",a","5",",a","0",",a","","","","","","","","","","","","","19111123",",,a","","","","","24.9",",,a,23,","","","","","","","45.7",",,,a","","","","","",""
"ASN00053027","1911-12","-29.5","149.9","207.3","MOREE POST OFFICE, AS","","","","","9",",a","6",",a","0",",a","","","","","","","","","","","","","19111231",",,a","","","","","10.9",",,a,31,","","","","","","","33.4",",,,a","","","","","",""
"ASN00053027","1912-01","-29.5","149.9","207.3","MOREE POST OFFICE, AS","","","","","4",",a","3",",a","0",",a","","","","","","","","","","","","","19120106",",,a","","","","","16.3",",,a,06,","","","","","","","34.2",",,,a","","","","","",""
"ASN00053027","1912-02","-29.5","149.9","207.3","MOREE POST OFFICE, AS","","","","","3",",a","1",",a","0",",a","","","","","","","","","","","","","19120227",",,a","","","","","23.9",",,a,27,","","","","","","","25.9",",,,a","","","","","",""
"ASN00053027","1912-03","-29.5","149.9","207.3","MOREE POST OFFICE, AS","","","","","6",",a","6",",a","1",",a","","","","","","","","","","","","","19120302",",,a","","","","","26.9",",,a,02,","","","","","","","84.1",",,,a","","","","","",""
"ASN00053027","1912-04","-29.5","149.9","207.3","MOREE POST OFFICE, AS","","","","","0",",a","0",",a","0",",a","","","","","","","","","","","","","19120430","+,,a","","","","","0.0",",,a,30,+","","","","","","","0.0",",,,a","","","","","",""
"ASN00053027","1912-05","-29.5","149.9","207.3","MOREE POST OFFICE, AS","","","","","1",",a","0",",a","0",",a","","","","","","","","","","","","","19120524",",,a","","","","","2.0",",,a,24,","","","","","","","2.0",",,,a","","","","","",""
"ASN00053027","1912-06","-29.5","149.9","207.3","MOREE POST OFFICE, AS","","","","","4",",a","3",",a","2",",a","","","","","","","","","","","","","19120624",",,a","","","","","45.7",",,a,24,","","","","","","","99.1",",,,a","","","","","",""
"ASN00053027","1912-07","-29.5","149.9","207.3","MOREE POST OFFICE, AS","","","","","8",",a","4",",a","1",",a","","","","","","","","","","","","","19120714",",,a","","","","","30.0",",,a,14,","","","","","","","57.5",",,,a","","","","","",""
"ASN00053027","1912-08","-29.5","149.9","207.3","MOREE POST OFFICE, AS","","","","","4",",a","3",",a","1",",a","","","","","","","","","","","","","19120828",",,a","","","","","27.2",",,a,28,","","","","","","","39.9",",,,a","","","","","",""
"ASN00053027","1912-09","-29.5","149.9","207.3","MOREE POST OFFICE, AS","","","","","5",",a","2",",a","0",",a","","","","","","","","","","","","","19120902",",,a","","","","","15.0",",,a,02,","","","","","","","27.3",",,,a","","","","","",""
"ASN00053027","1912-10","-29.5","149.9","207.3","MOREE POST OFFICE, AS","","","","","8",",a","6",",a","1",",a","","","","","","","","","","","","","19121027",",,a","","","","","29.0",",,a,27,","","","","","","","76.6",",,,a","","","","","",""
"ASN00053027","1912-11","-29.5","149.9","207.3","MOREE POST OFFICE, AS","","","","","5",",a","3",",a","1",",a","","","","","","","","","","","","","19121121",",,a","","","","","30.7",",,a,21,","","","","","","","42.2",",,,a","","","","","",""
"ASN00053027","1912-12","-29.5","149.9","207.3","MOREE POST OFFICE, AS","","","","","1",",a","0",",a","0",",a","","","","","","","","","","","","","19121207",",,a","","","","","0.3",",,a,07,","","","","","","","0.3",",,,a","","","","","",""
"ASN00053027","1913-01","-29.5","149.9","207.3","MOREE POST OFFICE, AS","","","","","7",",a","4",",a","1",",a","","","","","","","","","","","","","19130104",",,a","","","","","45.2",",,a,04,","","","","","","","73.1",",,,a","","","","","",""
"ASN00053027","1913-02","-29.5","149.9","207.3","MOREE POST OFFICE, AS","","","","","7",",a","3",",a","0",",a","","","","","","","","","","","","","19130215",",,a","","","","","4.8",",,a,15,","","","","","","","16.2",",,,a","","","","","",""
"ASN00053027","1913-03","-29.5","149.9","207.3","MOREE POST OFFICE, AS","","","","","6",",a","6",",a","2",",a","","","","","","","","","","","","","19130321",",,a","","","","","55.4",",,a,21,","","","","","","","134.9",",,,a","","","","","",""
"ASN00053027","1913-04","-29.5","149.9","207.3","MOREE POST OFFICE, AS","","","","","5",",a","3",",a","1",",a","","","","","","","","","","","","","19130406",",,a","","","","","57.7",",,a,06,","","","","","","","70.4",",,,a","","","","","",""
"ASN00053027","1913-05","-29.5","149.9","207.3","MOREE POST OFFICE, AS","","","","","10",",a","7",",a","2",",a","","","","","","","","","","","","","19130525",",,a","","","","","79.5",",,a,25,","","","","","","","141.1",",,,a","","","","","",""
"ASN00053027","1913-06","-29.5","149.9","207.3","MOREE POST OFFICE, AS","","","","","7",",a","4",",a","1",",a","","","","","","","","","","","","","19130623",",,a","","","","","34.3",",,a,23,","","","","","","","69.5",",,,a","","","","","",""
"ASN00053027","1913-07","-29.5","149.9","207.3","MOREE POST OFFICE, AS","","","","","1",",a","1",",a","0",",a","","","","","","","","","","","","","19130728",",,a","","","","","10.2",",,a,28,","","","","","","","10.2",",,,a","","","","","",""
"ASN00053027","1913-08","-29.5","149.9","207.3","MOREE POST OFFICE, AS","","","","","2",",a","0",",a","0",",a","","","","","","","","","","","","","19130809",",,a","","","","","2.0",",,a,09,","","","","","","","3.8",",,,a","","","","","",""
"ASN00053027","1913-09","-29.5","149.9","207.3","MOREE POST OFFICE, AS","","","","","5",",a","2",",a","0",",a","","","","","","","","","","","","","19130920",",,a","","","","","8.1",",,a,20,","","","","","","","15.3",",,,a","","","","","",""
"ASN00053027","1913-10","-29.5","149.9","207.3","MOREE POST OFFICE, AS","","","","","2",",a","2",",a","1",",a","","","","","","","","","","","","","19131028",",,a","","","","","25.9",",,a,28,","","","","","","","32.3",",,,a","","","","","",""
"ASN00053027","1913-11","-29.5","149.9","207.3","MOREE POST OFFICE, AS","","","","","1",",a","1",",a","0",",a","","","","","","","","","","","","","19131103",",,a","","","","","13.2",",,a,03,","","","","","","","13.2",",,,a","","","","","",""
"ASN00053027","1913-12","-29.5","149.9","207.3","MOREE POST OFFICE, AS","","","","","5",",a","4",",a","1",",a","","","","","","","","","","","","","19131219",",,a","","","","","43.7",",,a,19,","","","","","","","74.1",",,,a","","","","","",""
"ASN00053027","1914-01","-29.5","149.9","207.3","MOREE POST OFFICE, AS","","","","","6",",a","3",",a","0",",a","","","","","","","","","","","","","19140113",",,a","","","","","7.6",",,a,13,","","","","","","","17.0",",,,a","","","","","",""
"ASN00053027","1914-02","-29.5","149.9","207.3","MOREE POST OFFICE, AS","","","","","7",",a","5",",a","1",",a","","","","","","","","","","","","","19140225",",,a","","","","","32.3",",,a,25,","","","","","","","81.7",",,,a","","","","","",""
"ASN00053027","1914-03","-29.5","149.9","207.3","MOREE POST OFFICE, AS","","","","","7",",a","7",",a","1",",a","","","","","","","","","","","","","19140326",",,a","","","","","25.4",",,a,26,","","","","","","","86.5",",,,a","","","","","",""
"ASN00053027","1914-04","-29.5","149.9","207.3","MOREE POST OFFICE, AS","","","","","5",",a","5",",a","0",",a","","","","","","","","","","","","","19140417",",,a","","","","","20.3",",,a,17,","","","","","","","54.4",",,,a","","","","","",""
"ASN00053027","1914-05","-29.5","149.9","207.3","MOREE POST OFFICE, AS","","","","","5",",a","5",",a","2",",a","","","","","","","","","","","","","19140509",",,a","","","","","93.5",",,a,09,","","","","","","","177.1",",,,a","","","","","",""
"ASN00053027","1914-06","-29.5","149.9","207.3","MOREE POST OFFICE, AS","","","","","2",",a","2",",a","0",",a","","","","","","","","","","","","","19140608",",,a","","","","","14.0",",,a,08,","","","","","","","19.1",",,,a","","","","","",""
"ASN00053027","1914-07","-29.5","149.9","207.3","MOREE POST OFFICE, AS","","","","","6",",a","5",",a","0",",a","","","","","","","","","","","","","19140702","+,,a","","","","","7.6",",,a,02,+","","","","","","","31.0",",,,a","","","","","",""
"ASN00053027","1914-08","-29.5","149.9","207.3","MOREE POST OFFICE, AS","","","","","0",",a","0",",a","0",",a","","","","","","","","","","","","","19140831","+,,a","","","","","0.0",",,a,31,+","","","","","","","0.0",",,,a","","","","","",""
"ASN00053027","1914-09","-29.5","149.9","207.3","MOREE POST OFFICE, AS","","","","","1",",a","0",",a","0",",a","","","","","","","","","","","","","19140914",",,a","","","","","0.8",",,a,14,","","","","","","","0.8",",,,a","","","","","",""
"ASN00053027","1914-10","-29.5","149.9","207.3","MOREE POST OFFICE, AS","","","","","7",",a","3",",a","1",",a","","","","","","","","","","","","","19141017",",,a","","","","","31.0",",,a,17,","","","","","","","44.8",",,,a","","","","","",""
"ASN00053027","1914-11","-29.5","149.9","207.3","MOREE POST OFFICE, AS","","","","","6",",a","2",",a","0",",a","","","","","","","","","","","","","19141108",",,a","","","","","15.2",",,a,08,","","","","","","","21.3",",,,a","","","","","",""
"ASN00053027","1914-12","-29.5","149.9","207.3","MOREE POST OFFICE, AS","","","","","8",",a","7",",a","0",",a","","","","","","","","","","","","","19141222",",,a","","","","","21.3",",,a,22,","","","","","","","67.5",",,,a","","","","","",""
"ASN00053027","1915-01","-29.5","149.9","207.3","MOREE POST OFFICE, AS","","","","","4",",a","4",",a","0",",a","","","","","","","","","","","","","19150113",",,a","","","","","8.1",",,a,13,","","","","","","","16.9",",,,a","","","","","",""
"ASN00053027","1915-02","-29.5","149.9","207.3","MOREE POST OFFICE, AS","","","","","2",",a","2",",a","0",",a","","","","","","","","","","","","","19150210",",,a","","","","","13.2",",,a,10,","","","","","","","15.7",",,,a","","","","","",""
"ASN00053027","1915-03","-29.5","149.9","207.3","MOREE POST OFFICE, AS","","","","","1",",a","0",",a","0",",a","","","","","","","","","","","","","19150331",",,a","","","","","1.5",",,a,31,","","","","","","","1.5",",,,a","","","","","",""
"ASN00053027","1915-04","-29.5","149.9","207.3","MOREE POST OFFICE, AS","","","","","1",",a","1",",a","0",",a","","","","","","","","","","","","","19150405",",,a","","","","","16.3",",,a,05,","","","","","","","16.3",",,,a","","","","","",""
"ASN00053027","1915-05","-29.5","149.9","207.3","MOREE POST OFFICE, AS","","","","","4",",a","2",",a","0",",a","","","","","","","","","","","","","19150515",",,a","","","","","18.3",",,a,15,","","","","","","","33.4",",,,a","","","","","",""
"ASN00053027","1915-06","-29.5","149.9","207.3","MOREE POST OFFICE, AS","","","","","5",",a","3",",a","0",",a","","","","","","","","","","","","","19150621",",,a","","","","","17.0",",,a,21,","","","","","","","28.9",",,,a","","","","","",""
"ASN00053027","1915-07","-29.5","149.9","207.3","MOREE POST OFFICE, AS","","","","","9",",a","8",",a","0",",a","","","","","","","","","","","","","19150726",",,a","","","","","14.5",",,a,26,","","","","","","","56.5",",,,a","","","","","",""
"ASN00053027","1915-08","-29.5","149.9","207.3","MOREE POST OFFICE, AS","","","","","4",",a","4",",a","1",",a","","","","","","","","","","","","","19150824",",,a","","","","","31.0",",,a,24,","","","","","","","54.6",",,,a","","","","","",""
"ASN00053027","1915-09","-29.5","149.9","207.3","MOREE POST OFFICE, AS","","","","","2",",a","1",",a","0",",a","","","","","","","","","","","","","19150920",",,a","","","","","10.4",",,a,20,","","","","","","","11.2",",,,a","","","","","",""
"ASN00053027","1915-10","-29.5","149.9","207.3","MOREE POST OFFICE, AS","","","","","4",",a","2",",a","0",",a","","","","","","","","","","","","","19151015",",,a","","","","","11.7",",,a,15,","","","","","","","20.5",",,,a","","","","","",""
"ASN00053027","1915-11","-29.5","149.9","207.3","MOREE POST OFFICE, AS","","","","","1",",a","0",",a","0",",a","","","","","","","","","","","","","19151115",",,a","","","","","0.8",",,a,15,","","","","","","","0.8",",,,a","","","","","",""
"ASN00053027","1915-12","-29.5","149.9","207.3","MOREE POST OFFICE, AS","","","","","6",",a","5",",a","0",",a","","","","","","","","","","","","","19151216",",,a","","","","","15.7",",,a,16,","","","","","","","50.1",",,,a","","","","","",""
"ASN00053027","1916-01","-29.5","149.9","207.3","MOREE POST OFFICE, AS","","","","","6",",a","5",",a","0",",a","","","","","","","","","","","","","19160129","+,,a","","","","","9.7",",,a,29,+","","","","","","","36.2",",,,a","","","","","",""
"ASN00053027","1916-02","-29.5","149.9","207.3","MOREE POST OFFICE, AS","","","","","4",",a","3",",a","1",",a","","","","","","","","","","","","","19160228",",,a","","","","","42.9",",,a,28,","","","","","","","51.0",",,,a","","","","","",""
"ASN00053027","1916-03","-29.5","149.9","207.3","MOREE POST OFFICE, AS","","","","","5",",a","2",",a","1",",a","","","","","","","","","","","","","19160313",",,a","","","","","35.6",",,a,13,","","","","","","","56.8",",,,a","","","","","",""
"ASN00053027","1916-04","-29.5","149.9","207.3","MOREE POST OFFICE, AS","","","","","7",",a","6",",a","0",",a","","","","","","","","","","","","","19160413",",,a","","","","","20.8",",,a,13,","","","","","","","60.3",",,,a","","","","","",""
"ASN00053027","1916-05","-29.5","149.9","207.3","MOREE POST OFFICE, AS","","","","","1",",a","0",",a","0",",a","","","","","","","","","","","","","19160505",",,a","","","","","1.8",",,a,05,","","","","","","","1.8",",,,a","","","","","",""
"ASN00053027","1916-06","-29.5","149.9","207.3","MOREE POST OFFICE, AS","","","","","8",",a","6",",a","0",",a","","","","","","","","","","","","","19160627",",,a","","","","","23.4",",,a,27,","","","","","","","75.4",",,,a","","","","","",""
"ASN00053027","1916-07","-29.5","149.9","207.3","MOREE POST OFFICE, AS","","","","","9",",a","8",",a","0",",a","","","","","","","","","","","","","19160719",",,a","","","","","20.6",",,a,19,","","","","","","","99.0",",,,a","","","","","",""
"ASN00053027","1916-08","-29.5","149.9","207.3","MOREE POST OFFICE, AS","","","","","9",",a","5",",a","0",",a","","","","","","","","","","","","","19160829",",,a","","","","","24.1",",,a,29,","","","","","","","67.3",",,,a","","","","","",""
"ASN00053027","1916-09","-29.5","149.9","207.3","MOREE POST OFFICE, AS","","","","","5",",a","3",",a","1",",a","","","","","","","","","","","","","19160925",",,a","","","","","36.8",",,a,25,","","","","","","","66.8",",,,a","","","","","",""
"ASN00053027","1916-10","-29.5","149.9","207.3","MOREE POST OFFICE, AS","","","","","9",",a","7",",a","1",",a","","","","","","","","","","","","","19161017",",,a","","","","","47.5",",,a,17,","","","","","","","98.5",",,,a","","","","","",""
"ASN00053027","1916-11","-29.5","149.9","207.3","MOREE POST OFFICE, AS","","","","","7",",a","6",",a","3",",a","","","","","","","","","","","","","19161127",",,a","","","","","39.4",",,a,27,","","","","","","","134.9",",,,a","","","","","",""
"ASN00053027","1916-12","-29.5","149.9","207.3","MOREE POST OFFICE, AS","","","","","8",",a","7",",a","2",",a","","","","","","","","","","","","","19161211",",,a","","","","","48.3",",,a,11,","","","","","","","128.1",",,,a","","","","","",""
"ASN00053027","1917-01","-29.5","149.9","207.3","MOREE POST OFFICE, AS","","","","","8",",a","7",",a","2",",a","","","","","","","","","","","","","19170123",",,a","","","","","36.1",",,a,23,","","","","","","","116.9",",,,a","","","","","",""
"ASN00053027","1917-02","-29.5","149.9","207.3","MOREE POST OFFICE, AS","","","","","7",",a","5",",a","1",",a","","","","","","","","","","","","","19170205",",,a","","","","","53.3",",,a,05,","","","","","","","74.7",",,,a","","","","","",""
"ASN00053027","1917-03","-29.5","149.9","207.3","MOREE POST OFFICE, AS","","","","","6",",a","5",",a","0",",a","","","","","","","","","","","","","19170302",",,a","","","","","12.4",",,a,02,","","","","","","","31.7",",,,a","","","","","",""
"ASN00053027","1917-04","-29.5","149.9","207.3","MOREE POST OFFICE, AS","","","","","0",",a","0",",a","0",",a","","","","","","","","","","","","","19170430","+,,a","","","","","0.0",",,a,30,+","","","","","","","0.0",",,,a","","","","","",""
"ASN00053027","1917-05","-29.5","149.9","207.3","MOREE POST OFFICE, AS","","","","","1",",a","0",",a","0",",a","","","","","","","","","","","","","19170512",",,a","","","","","1.5",",,a,12,","","","","","","","1.5",",,,a","","","","","",""
"ASN00053027","1917-06","-29.5","149.9","207.3","MOREE POST OFFICE, AS","","","","","5",",a","3",",a","0",",a","","","","","","","","","","","","","19170607",",,a","","","","","12.4",",,a,07,","","","","","","","28.6",",,,a","","","","","",""
"ASN00053027","1917-07","-29.5","149.9","207.3","MOREE POST OFFICE, AS","","","","","5",",a","2",",a","0",",a","","","","","","","","","","","","","19170712",",,a","","","","","8.6",",,a,12,","","","","","","","14.5",",,,a","","","","","",""
"ASN00053027","1917-08","-29.5","149.9","207.3","MOREE POST OFFICE, AS","","","","","4",",a","3",",a","0",",a","","","","","","","","","","","","","19170820",",,a","","","","","8.9",",,a,20,","","","","","","","17.1",",,,a","","","","","",""
"ASN00053027","1917-09","-29.5","149.9","207.3","MOREE POST OFFICE, AS","","","","","7",",a","7",",a","1",",a","","","","","","","","","","","","","19170925",",,a","","","","","28.2",",,a,25,","","","","","","","98.5",",,,a","","","","","",""
"ASN00053027","1917-10","-29.5","149.9","207.3","MOREE POST OFFICE, AS","","","","","5",",a","5",",a","0",",a","","","","","","","","","","","","","19171022",",,a","","","","","12.2",",,a,22,","","","","","","","37.0",",,,a","","","","","",""
"ASN00053027","1917-11","-29.5","149.9","207.3","MOREE POST OFFICE, AS","","","","","13",",a","10",",a","1",",a","","","","","","","","","","","","","19171115",",,a","","","","","30.2",",,a,15,","","","","","","","113.1",",,,a","","","","","",""
"ASN00053027","1917-12","-29.5","149.9","207.3","MOREE POST OFFICE, AS","","","","","7",",a","6",",a","1",",a","","","","","","","","","","","","","19171212",",,a","","","","","30.7",",,a,12,","","","","","","","87.6",",,,a","","","","","",""
"ASN00053027","1918-01","-29.5","149.9","207.3","MOREE POST OFFICE, AS","","","","","8",",a","5",",a","1",",a","","","","","","","","","","","","","19180130",",,a","","","","","26.7",",,a,30,","","","","","","","72.4",",,,a","","","","","",""
"ASN00053027","1918-02","-29.5","149.9","207.3","MOREE POST OFFICE, AS","","","","","3",",a","2",",a","0",",a","","","","","","","","","","","","","19180220",",,a","","","","","6.6",",,a,20,","","","","","","","14.0",",,,a","","","","","",""
"ASN00053027","1918-03","-29.5","149.9","207.3","MOREE POST OFFICE, AS","","","","","3",",a","1",",a","0",",a","","","","","","","","","","","","","19180311",",,a","","","","","19.6",",,a,11,","","","","","","","21.1",",,,a","","","","","",""
"ASN00053027","1918-04","-29.5","149.9","207.3","MOREE POST OFFICE, AS","","","","","6",",a","3",",a","0",",a","","","","","","","","","","","","","19180424",",,a","","","","","9.1",",,a,24,","","","","","","","25.7",",,,a","","","","","",""
"ASN00053027","1918-05","-29.5","149.9","207.3","MOREE POST OFFICE, AS","","","","","4",",a","2",",a","0",",a","","","","","","","","","","","","","19180517",",,a","","","","","6.6",",,a,17,","","","","","","","15.8",",,,a","","","","","",""
"ASN00053027","1918-06","-29.5","149.9","207.3","MOREE POST OFFICE, AS","","","","","3",",a","2",",a","0",",a","","","","","","","","","","","","","19180606",",,a","","","","","11.4",",,a,06,","","","","","","","17.0",",,,a","","","","","",""
"ASN00053027","1918-07","-29.5","149.9","207.3","MOREE POST OFFICE, AS","","","","","4",",a","2",",a","0",",a","","","","","","","","","","","","","19180727",",,a","","","","","16.0",",,a,27,","","","","","","","29.2",",,,a","","","","","",""
"ASN00053027","1918-08","-29.5","149.9","207.3","MOREE POST OFFICE, AS","","","","","11",",a","5",",a","1",",a","","","","","","","","","","","","","19180806",",,a","","","","","34.8",",,a,06,","","","","","","","92.7",",,,a","","","","","",""
"ASN00053027","1918-09","-29.5","149.9","207.3","MOREE POST OFFICE, AS","","","","","2",",a","1",",a","0",",a","","","","","","","","","","","","","19180914",",,a","","","","","2.5",",,a,14,","","","","","","","4.3",",,,a","","","","","",""
"ASN00053027","1918-10","-29.5","149.9","207.3","MOREE POST OFFICE, AS","","","","","4",",a","2",",a","0",",a","","","","","","","","","","","","","19181030",",,a","","","","","15.7",",,a,30,","","","","","","","28.9",",,,a","","","","","",""
"ASN00053027","1918-11","-29.5","149.9","207.3","MOREE POST OFFICE, AS","","","","","3",",a","1",",a","0",",a","","","","","","","","","","","","","19181115",",,a","","","","","6.1",",,a,15,","","","","","","","8.2",",,,a","","","","","",""
"ASN00053027","1918-12","-29.5","149.9","207.3","MOREE POST OFFICE, AS","","","","","1",",a","0",",a","0",",a","","","","","","","","","","","","","19181209",",,a","","","","","0.3",",,a,09,","","","","","","","0.3",",,,a","","","","","",""
"ASN00053027","1919-01","-29.5","149.9","207.3","MOREE POST OFFICE, AS","","","","","5",",a","5",",a","0",",a","","","","","","","","","","","","","19190120",",,a","","","","","22.9",",,a,20,","","","","","","","42.1",",,,a","","","","","",""
"ASN00053027","1919-02","-29.5","149.9","207.3","MOREE POST OFFICE, AS","","","","","5",",a","4",",a","0",",a","","","","","","","","","","","","","19190228",",,a","","","","","21.1",",,a,28,","","","","","","","44.5",",,,a","","","","","",""
"ASN00053027","1919-03","-29.5","149.9","207.3","MOREE POST OFFICE, AS","","","","","1",",a","1",",a","0",",a","","","","","","","","","","","","","19190301",",,a","","","","","6.1",",,a,01,","","","","","","","6.1",",,,a","","","","","",""
"ASN00053027","1919-04","-29.5","149.9","207.3","MOREE POST OFFICE, AS","","","","","4",",a","2",",a","0",",a","","","","","","","","","","","","","19190405",",,a","","","","","8.9",",,a,05,","","","","","","","13.8",",,,a","","","","","",""
"ASN00053027","1919-05","-29.5","149.9","207.3","MOREE POST OFFICE, AS","","","","","10",",a","7",",a","2",",a","","","","","","","","","","","","","19190513",",,a","","","","","99.1",",,a,13,","","","","","","","175.4",",,,a","","","","","",""
"ASN00053027","1919-06","-29.5","149.9","207.3","MOREE POST OFFICE, AS","","","","","1",",a","0",",a","0",",a","","","","","","","","","","","","","19190613",",,a","","","","","0.3",",,a,13,","","","","","","","0.3",",,,a","","","","","",""
"ASN00053027","1919-07","-29.5","149.9","207.3","MOREE POST OFFICE, AS","","","","","2",",a","1",",a","0",",a","","","","","","","","","","","","","19190728",",,a","","","","","9.9",",,a,28,","","","","","","","11.2",",,,a","","","","","",""
"ASN00053027","1919-08","-29.5","149.9","207.3","MOREE POST OFFICE, AS","","","","","3",",a","1",",a","0",",a","","","","","","","","","","","","","19190826",",,a","","","","","5.1",",,a,26,","","","","","","","9.1",",,,a","","","","","",""
"ASN00053027","1919-09","-29.5","149.9","207.3","MOREE POST OFFICE, AS","","","","","2",",a","0",",a","0",",a","","","","","","","","","","","","","19190905",",,a","","","","","2.3",",,a,05,","","","","","","","2.6",",,,a","","","","","",""
"ASN00053027","1919-10","-29.5","149.9","207.3","MOREE POST OFFICE, AS","","","","","2",",a","1",",a","0",",a","","","","","","","","","","","","","19191008",",,a","","","","","24.9",",,a,08,","","","","","","","25.2",",,,a","","","","","",""
"ASN00053027","1919-11","-29.5","149.9","207.3","MOREE POST OFFICE, AS","","","","","2",",a","2",",a","0",",a","","","","","","","","","","","","","19191124",",,a","","","","","5.6",",,a,24,","","","","","","","8.1",",,,a","","","","","",""
"ASN00053027","1919-12","-29.5","149.9","207.3","MOREE POST OFFICE, AS","","","","","6",",a","6",",a","1",",a","","","","","","","","","","","","","19191202",",,a","","","","","34.3",",,a,02,","","","","","","","66.1",",,,a","","","","","",""
"ASN00053027","1920-01","-29.5","149.9","207.3","MOREE POST OFFICE, AS","","","","","7",",a","7",",a","1",",a","","","","","","","","","","","","","19200105",",,a","","","","","29.2",",,a,05,","","","","","","","81.0",",,,a","","","","","",""
"ASN00053027","1920-02","-29.5","149.9","207.3","MOREE POST OFFICE, AS","","","","","2",",a","2",",a","0",",a","","","","","","","","","","","","","19200207",",,a","","","","","17.5",",,a,07,","","","","","","","29.2",",,,a","","","","","",""
"ASN00053027","1920-03","-29.5","149.9","207.3","MOREE POST OFFICE, AS","","","","","3",",a","3",",a","0",",a","","","","","","","","","","","","","19200308",",,a","","","","","12.4",",,a,08,","","","","","","","22.1",",,,a","","","","","",""
"ASN00053027","1920-04","-29.5","149.9","207.3","MOREE POST OFFICE, AS","","","","","3",",a","1",",a","0",",a","","","","","","","","","","","","","19200405",",,a","","","","","13.2",",,a,05,","","","","","","","14.3",",,,a","","","","","",""
"ASN00053027","1920-05","-29.5","149.9","207.3","MOREE POST OFFICE, AS","","","","","5",",a","1",",a","1",",a","","","","","","","","","","","","","19200501",",,a","","","","","26.9",",,a,01,","","","","","","","32.0",",,,a","","","","","",""
"ASN00053027","1920-06","-29.5","149.9","207.3","MOREE POST OFFICE, AS","","","","","9",",a","6",",a","2",",a","","","","","","","","","","","","","19200613",",,a","","","","","54.1",",,a,13,","","","","","","","145.9",",,,a","","","","","",""
"ASN00053027","1920-07","-29.5","149.9","207.3","MOREE POST OFFICE, AS","","","","","7",",a","4",",a","1",",a","","","","","","","","","","","","","19200703",",,a","","","","","32.0",",,a,03,","","","","","","","81.3",",,,a","","","","","",""
"ASN00053027","1920-08","-29.5","149.9","207.3","MOREE POST OFFICE, AS","","","","","7",",a","4",",a","0",",a","","","","","","","","","","","","","19200802",",,a","","","","","17.8",",,a,02,","","","","","","","49.3",",,,a","","","","","",""
"ASN00053027","1920-09","-29.5","149.9","207.3","MOREE POST OFFICE, AS","","","","","6",",a","5",",a","1",",a","","","","","","","","","","","","","19200911",",,a","","","","","37.6",",,a,11,","","","","","","","76.2",",,,a","","","","","",""
"ASN00053027","1920-10","-29.5","149.9","207.3","MOREE POST OFFICE, AS","","","","","5",",a","4",",a","1",",a","","","","","","","","","","","","","19201023",",,a","","","","","25.9",",,a,23,","","","","","","","66.3",",,,a","","","","","",""
"ASN00053027","1920-11","-29.5","149.9","207.3","MOREE POST OFFICE, AS","","","","","4",",a","3",",a","1",",a","","","","","","","","","","","","","19201117",",,a","","","","","43.4",",,a,17,","","","","","","","61.5",",,,a","","","","","",""
"ASN00053027","1920-12","-29.5","149.9","207.3","MOREE POST OFFICE, AS","","","","","8",",a","5",",a","2",",a","","","","","","","","","","","","","19201202",",,a","","","","","39.4",",,a,02,","","","","","","","108.6",",,,a","","","","","",""
"ASN00053027","1921-01","-29.5","149.9","207.3","MOREE POST OFFICE, AS","","","","","1",",a","1",",a","0",",a","","","","","","","","","","","","","19210128",",,a","","","","","6.9",",,a,28,","","","","","","","6.9",",,,a","","","","","",""
"ASN00053027","1921-02","-29.5","149.9","207.3","MOREE POST OFFICE, AS","","","","","3",",a","2",",a","0",",a","","","","","","","","","","","","","19210217",",,a","","","","","19.3",",,a,17,","","","","","","","24.9",",,,a","","","","","",""
"ASN00053027","1921-03","-29.5","149.9","207.3","MOREE POST OFFICE, AS","","","","","4",",a","3",",a","2",",a","","","","","","","","","","","","","19210305",",,a","","","","","57.7",",,a,05,","","","","","","","101.4",",,,a","","","","","",""
"ASN00053027","1921-04","-29.5","149.9","207.3","MOREE POST OFFICE, AS","","","","","4",",a","3",",a","0",",a","","","","","","","","","","","","","19210408",",,a","","","","","9.7",",,a,08,","","","","","","","19.4",",,,a","","","","","",""
"ASN00053027","1921-05","-29.5","149.9","207.3","MOREE POST OFFICE, AS","","","","","11",",a","9",",a","1",",a","","","","","","","","","","","","","19210531",",,a","","","","","42.7",",,a,31,","","","","","","","123.2",",,,a","","","","","",""
"ASN00053027","1921-06","-29.5","149.9","207.3","MOREE POST OFFICE, AS","","","","","12",",a","11",",a","2",",a","","","","","","","","","","","","","19210609",",,a","","","","","45.7",",,a,09,","","","","","","","200.1",",,,a","","","","","",""
"ASN00053027","1921-07","-29.5","149.9","207.3","MOREE POST OFFICE, AS","","","","","7",",a","6",",a","2",",a","","","","","","","","","","","","","19210723",",,a","","","","","46.7",",,a,23,","","","","","","","126.1",",,,a","","","","","",""
"ASN00053027","1921-08","-29.5","149.9","207.3","MOREE POST OFFICE, AS","","","","","3",",a","1",",a","0",",a","","","","","","","","","","","","","19210812",",,a","","","","","13.5",",,a,12,","","","","","","","17.0",",,,a","","","","","",""
"ASN00053027","1921-09","-29.5","149.9","207.3","MOREE POST OFFICE, AS","","","","","7",",a","4",",a","0",",a","","","","","","","","","","","","","19210919",",,a","","","","","12.7",",,a,19,","","","","","","","40.1",",,,a","","","","","",""
"ASN00053027","1921-10","-29.5","149.9","207.3","MOREE POST OFFICE, AS","","","","","6",",a","6",",a","1",",a","","","","","","","","","","","","","19211001",",,a","","","","","29.0",",,a,01,","","","","","","","76.6",",,,a","","","","","",""
"ASN00053027","1921-11","-29.5","149.9","207.3","MOREE POST OFFICE, AS","","","","","4",",a","4",",a","1",",a","","","","","","","","","","","","","19211112",",,a","","","","","46.7",",,a,12,","","","","","","","76.7",",,,a","","","","","",""
"ASN00053027","1921-12","-29.5","149.9","207.3","MOREE POST OFFICE, AS","","","","","10",",a","10",",a","2",",a","","","","","","","","","","","","","19211224",",,a","","","","","64.8",",,a,24,","","","","","","","205.1",",,,a","","","","","",""
"ASN00053027","1922-01","-29.5","149.9","207.3","MOREE POST OFFICE, AS","","","","","4",",a","3",",a","2",",a","","","","","","","","","","","","","19220113",",,a","","","","","40.1",",,a,13,","","","","","","","83.3",",,,a","","","","","",""
"ASN00053027","1922-02","-29.5","149.9","207.3","MOREE POST OFFICE, AS","","","","","3",",a","1",",a","0",",a","","","","","","","","","","","","","19220204",",,a","","","","","18.5",",,a,04,","","","","","","","22.6",",,,a","","","","","",""
"ASN00053027","1922-03","-29.5","149.9","207.3","MOREE POST OFFICE, AS","","","","","2",",a","1",",a","1",",a","","","","","","","","","","","","","19220306",",,a","","","","","31.0",",,a,06,","","","","","","","31.8",",,,a","","","","","",""
"ASN00053027","1922-04","-29.5","149.9","207.3","MOREE POST OFFICE, AS","","","","","2",",a","1",",a","0",",a","","","","","","","","","","","","","19220405",",,a","","","","","16.5",",,a,05,","","","","","","","17.3",",,,a","","","","","",""
"ASN00053027","1922-05","-29.5","149.9","207.3","MOREE POST OFFICE, AS","","","","","1",",a","1",",a","0",",a","","","","","","","","","","","","","19220513",",,a","","","","","6.1",",,a,13,","","","","","","","6.1",",,,a","","","","","",""
"ASN00053027","1922-06","-29.5","149.9","207.3","MOREE POST OFFICE, AS","","","","","6",",a","6",",a","0",",a","","","","","","","","","","","","","19220622",",,a","","","","","17.0",",,a,22,","","","","","","","57.4",",,,a","","","","","",""
"ASN00053027","1922-07","-29.5","149.9","207.3","MOREE POST OFFICE, AS","","","","","8",",a","6",",a","0",",a","","","","","","","","","","","","","19220724",",,a","","","","","24.1",",,a,24,","","","","","","","56.2",",,,a","","","","","",""
"ASN00053027","1922-08","-29.5","149.9","207.3","MOREE POST OFFICE, AS","","","","","2",",a","0",",a","0",",a","","","","","","","","","","","","","19220812",",,a","","","","","1.0",",,a,12,","","","","","","","1.8",",,,a","","","","","",""
"ASN00053027","1922-09","-29.5","149.9","207.3","MOREE POST OFFICE, AS","","","","","7",",a","3",",a","0",",a","","","","","","","","","","","","","19220912",",,a","","","","","5.6",",,a,12,","","","","","","","21.9",",,,a","","","","","",""
"ASN00053027","1922-10","-29.5","149.9","207.3","MOREE POST OFFICE, AS","","","","","4",",a","1",",a","0",",a","","","","","","","","","","","","","19221026",",,a","","","","","13.5",",,a,26,","","","","","","","18.1",",,,a","","","","","",""
"ASN00053027","1922-11","-29.5","149.9","207.3","MOREE POST OFFICE, AS","","","","","4",",a","2",",a","0",",a","","","","","","","","","","","","","19221122",",,a","","","","","5.1",",,a,22,","","","","","","","9.4",",,,a","","","","","",""
"ASN00053027","1922-12","-29.5","149.9","207.3","MOREE POST OFFICE, AS","","","","","11",",a","11",",a","0",",a","","","","","","","","","","","","","19221218",",,a","","","","","22.4",",,a,18,","","","","","","","101.2",",,,a","","","","","",""
"ASN00053027","1923-01","-29.5","149.9","207.3","MOREE POST OFFICE, AS","","","","","5",",a","4",",a","0",",a","","","","","","","","","","","","","19230108",",,a","","","","","7.6",",,a,08,","","","","","","","20.7",",,,a","","","","","",""
"ASN00053027","1923-02","-29.5","149.9","207.3","MOREE POST OFFICE, AS","","","","","1",",a","1",",a","0",",a","","","","","","","","","","","","","19230209",",,a","","","","","2.8",",,a,09,","","","","","","","2.8",",,,a","","","","","",""
"ASN00053027","1923-03","-29.5","149.9","207.3","MOREE POST OFFICE, AS","","","","","2",",a","1",",a","0",",a","","","","","","","","","","","","","19230310",",,a","","","","","5.1",",,a,10,","","","","","","","5.9",",,,a","","","","","",""
"ASN00053027","1923-04","-29.5","149.9","207.3","MOREE POST OFFICE, AS","","","","","6",",a","4",",a","0",",a","","","","","","","","","","","","","19230427","+,,a","","","","","5.8",",,a,27,+","","","","","","","21.8",",,,a","","","","","",""
"ASN00053027","1923-05","-29.5","149.9","207.3","MOREE POST OFFICE, AS","","","","","4",",a","1",",a","0",",a","","","","","","","","","","","","","19230508",",,a","","","","","4.3",",,a,08,","","","","","","","7.6",",,,a","","","","","",""
"ASN00053027","1923-06","-29.5","149.9","207.3","MOREE POST OFFICE, AS","","","","","7",",a","5",",a","0",",a","","","","","","","","","","","","","19230604",",,a","","","","","22.4",",,a,04,","","","","","","","57.5",",,,a","","","","","",""
"ASN00053027","1923-07","-29.5","149.9","207.3","MOREE POST OFFICE, AS","","","","","6",",a","3",",a","0",",a","","","","","","","","","","","","","19230702",",,a","","","","","8.9",",,a,02,","","","","","","","23.5",",,,a","","","","","",""
"ASN00053027","1923-08","-29.5","149.9","207.3","MOREE POST OFFICE, AS","","","","","3",",a","0",",a","0",",a","","","","","","","","","","","","","19230824",",,a","","","","","1.5",",,a,24,","","","","","","","2.8",",,,a","","","","","",""
"ASN00053027","1923-09","-29.5","149.9","207.3","MOREE POST OFFICE, AS","","","","","4",",a","1",",a","1",",a","","","","","","","","","","","","","19230904",",,a","","","","","26.7",",,a,04,","","","","","","","30.3",",,,a","","","","","",""
"ASN00053027","1923-10","-29.5","149.9","207.3","MOREE POST OFFICE, AS","","","","","5",",a","4",",a","0",",a","","","","","","","","","","","","","19231018",",,a","","","","","16.5",",,a,18,","","","","","","","30.5",",,,a","","","","","",""
"ASN00053027","1923-11","-29.5","149.9","207.3","MOREE POST OFFICE, AS","","","","","3",",a","1",",a","1",",a","","","","","","","","","","","","","19231101",",,a","","","","","27.4",",,a,01,","","","","","","","28.7",",,,a","","","","","",""
"ASN00053027","1923-12","-29.5","149.9","207.3","MOREE POST OFFICE, AS","","","","","6",",a","5",",a","3",",a","","","","","","","","","","","","","19231226",",,a","","","","","85.3",",,a,26,","","","","","","","152.6",",,,a","","","","","",""
"ASN00053027","1924-01","-29.5","149.9","207.3","MOREE POST OFFICE, AS","","","","","6",",a","4",",a","0",",a","","","","","","","","","","","","","19240123",",,a","","","","","24.9",",,a,23,","","","","","","","49.5",",,,a","","","","","",""
"ASN00053027","1924-02","-29.5","149.9","207.3","MOREE POST OFFICE, AS","","","","","9",",a","8",",a","3",",a","","","","","","","","","","","","","19240219",",,a","","","","","38.1",",,a,19,","","","","","","","148.7",",,,a","","","","","",""
"ASN00053027","1924-03","-29.5","149.9","207.3","MOREE POST OFFICE, AS","","","","","3",",a","2",",a","0",",a","","","","","","","","","","","","","19240307",",,a","","","","","15.0",",,a,07,","","","","","","","18.3",",,,a","","","","","",""
"ASN00053027","1924-04","-29.5","149.9","207.3","MOREE POST OFFICE, AS","","","","","5",",a","4",",a","1",",a","","","","","","","","","","","","","19240409",",,a","","","","","26.7",",,a,09,","","","","","","","49.3",",,,a","","","","","",""
"ASN00053027","1924-05","-29.5","149.9","207.3","MOREE POST OFFICE, AS","","","","","1",",a","1",",a","0",",a","","","","","","","","","","","","","19240515",",,a","","","","","8.1",",,a,15,","","","","","","","8.1",",,,a","","","","","",""
"ASN00053027","1924-06","-29.5","149.9","207.3","MOREE POST OFFICE, AS","","","","","5",",a","4",",a","0",",a","","","","","","","","","","","","","19240611",",,a","","","","","11.7",",,a,11,","","","","","","","36.1",",,,a","","","","","",""
"ASN00053027","1924-07","-29.5","149.9","207.3","MOREE POST OFFICE, AS","","","","","7",",a","4",",a","1",",a","","","","","","","","","","","","","19240708",",,a","","","","","35.8",",,a,08,","","","","","","","63.8",",,,a","","","","","",""
"ASN00053027","1924-08","-29.5","149.9","207.3","MOREE POST OFFICE, AS","","","","","4",",a","4",",a","0",",a","","","","","","","","","","","","","19240826",",,a","","","","","25.1",",,a,26,","","","","","","","42.3",",,,a","","","","","",""
"ASN00053027","1924-09","-29.5","149.9","207.3","MOREE POST OFFICE, AS","","","","","7",",a","4",",a","0",",a","","","","","","","","","","","","","19240912",",,a","","","","","19.6",",,a,12,","","","","","","","48.1",",,,a","","","","","",""
"ASN00053027","1924-10","-29.5","149.9","207.3","MOREE POST OFFICE, AS","","","","","4",",a","4",",a","1",",a","","","","","","","","","","","","","19241006",",,a","","","","","32.5",",,a,06,","","","","","","","55.4",",,,a","","","","","",""
"ASN00053027","1924-11","-29.5","149.9","207.3","MOREE POST OFFICE, AS","","","","","9",",a","9",",a","1",",a","","","","","","","","","","","","","19241106",",,a","","","","","58.2",",,a,06,","","","","","","","139.7",",,,a","","","","","",""
"ASN00053027","1924-12","-29.5","149.9","207.3","MOREE POST OFFICE, AS","","","","","3",",a","3",",a","1",",a","","","","","","","","","","","","","19241216",",,a","","","","","31.8",",,a,16,","","","","","","","49.8",",,,a","","","","","",""
"ASN00053027","1925-01","-29.5","149.9","207.3","MOREE POST OFFICE, AS","","","","","8",",a","7",",a","2",",a","","","","","","","","","","","","","19250112",",,a","","","","","52.1",",,a,12,","","","","","","","122.2",",,,a","","","","","",""
"ASN00053027","1925-02","-29.5","149.9","207.3","MOREE POST OFFICE, AS","","","","","4",",a","3",",a","0",",a","","","","","","","","","","","","","19250210",",,a","","","","","9.1",",,a,10,","","","","","","","20.3",",,,a","","","","","",""
"ASN00053027","1925-03","-29.5","149.9","207.3","MOREE POST OFFICE, AS","","","","","5",",a","2",",a","1",",a","","","","","","","","","","","","","19250323",",,a","","","","","26.7",",,a,23,","","","","","","","38.1",",,,a","","","","","",""
"ASN00053027","1925-04","-29.5","149.9","207.3","MOREE POST OFFICE, AS","","","","","0",",a","0",",a","0",",a","","","","","","","","","","","","","19250430","+,,a","","","","","0.0",",,a,30,+","","","","","","","0.0",",,,a","","","","","",""
"ASN00053027","1925-05","-29.5","149.9","207.3","MOREE POST OFFICE, AS","","","","","9",",a","4",",a","1",",a","","","","","","","","","","","","","19250507",",,a","","","","","29.2",",,a,07,","","","","","","","45.2",",,,a","","","","","",""
"ASN00053027","1925-06","-29.5","149.9","207.3","MOREE POST OFFICE, AS","","","","","4",",a","1",",a","0",",a","","","","","","","","","","","","","19250622",",,a","","","","","2.5",",,a,22,","","","","","","","7.1",",,,a","","","","","",""
"ASN00053027","1925-07","-29.5","149.9","207.3","MOREE POST OFFICE, AS","","","","","4",",a","2",",a","0",",a","","","","","","","","","","","","","19250711",",,a","","","","","16.0",",,a,11,","","","","","","","30.0",",,,a","","","","","",""
"ASN00053027","1925-08","-29.5","149.9","207.3","MOREE POST OFFICE, AS","","","","","3",",a","3",",a","0",",a","","","","","","","","","","","","","19250821",",,a","","","","","10.4",",,a,21,","","","","","","","21.4",",,,a","","","","","",""
"ASN00053027","1925-09","-29.5","149.9","207.3","MOREE POST OFFICE, AS","","","","","0",",a","0",",a","0",",a","","","","","","","","","","","","","19250930","+,,a","","","","","0.0",",,a,30,+","","","","","","","0.0",",,,a","","","","","",""
"ASN00053027","1925-10","-29.5","149.9","207.3","MOREE POST OFFICE, AS","","","","","4",",a","1",",a","0",",a","","","","","","","","","","","","","19251013",",,a","","","","","2.8",",,a,13,","","","","","","","7.4",",,,a","","","","","",""
"ASN00053027","1925-11","-29.5","149.9","207.3","MOREE POST OFFICE, AS","","","","","9",",a","6",",a","1",",a","","","","","","","","","","","","","19251107",",,a","","","","","29.0",",,a,07,","","","","","","","99.4",",,,a","","","","","",""
"ASN00053027","1925-12","-29.5","149.9","207.3","MOREE POST OFFICE, AS","","","","","6",",a","5",",a","1",",a","","","","","","","","","","","","","19251231",",,a","","","","","33.0",",,a,31,","","","","","","","74.6",",,,a","","","","","",""
"ASN00053027","1926-01","-29.5","149.9","207.3","MOREE POST OFFICE, AS","","","","","5",",a","4",",a","1",",a","","","","","","","","","","","","","19260104",",,a","","","","","29.2",",,a,04,","","","","","","","47.0",",,,a","","","","","",""
"ASN00053027","1926-02","-29.5","149.9","207.3","MOREE POST OFFICE, AS","","","","","2",",a","2",",a","0",",a","","","","","","","","","","","","","19260203",",,a","","","","","6.9",",,a,03,","","","","","","","9.4",",,,a","","","","","",""
"ASN00053027","1926-03","-29.5","149.9","207.3","MOREE POST OFFICE, AS","","","","","9",",a","7",",a","0",",a","","","","","","","","","","","","","19260327",",,a","","","","","15.2",",,a,27,","","","","","","","44.3",",,,a","","","","","",""
"ASN00053027","1926-04","-29.5","149.9","207.3","MOREE POST OFFICE, AS","","","","","3",",a","3",",a","0",",a","","","","","","","","","","","","","19260426",",,a","","","","","21.6",",,a,26,","","","","","","","29.2",",,,a","","","","","",""
"ASN00053027","1926-05","-29.5","149.9","207.3","MOREE POST OFFICE, AS","","","","","7",",a","4",",a","0",",a","","","","","","","","","","","","","19260511",",,a","","","","","20.3",",,a,11,","","","","","","","50.0",",,,a","","","","","",""
"ASN00053027","1926-06","-29.5","149.9","207.3","MOREE POST OFFICE, AS","","","","","5",",a","3",",a","0",",a","","","","","","","","","","","","","19260607",",,a","","","","","22.9",",,a,07,","","","","","","","32.0",",,,a","","","","","",""
"ASN00053027","1926-07","-29.5","149.9","207.3","MOREE POST OFFICE, AS","","","","","6",",a","4",",a","0",",a","","","","","","","","","","","","","19260714",",,a","","","","","17.8",",,a,14,","","","","","","","42.1",",,,a","","","","","",""
"ASN00053027","1926-08","-29.5","149.9","207.3","MOREE POST OFFICE, AS","","","","","2",",a","1",",a","0",",a","","","","","","","","","","","","","19260830",",,a","","","","","4.1",",,a,30,","","","","","","","5.6",",,,a","","","","","",""
"ASN00053027","1926-09","-29.5","149.9","207.3","MOREE POST OFFICE, AS","","","","","4",",a","4",",a","1",",a","","","","","","","","","","","","","19260927",",,a","","","","","26.7",",,a,27,","","","","","","","42.4",",,,a","","","","","",""
"ASN00053027","1926-10","-29.5","149.9","207.3","MOREE POST OFFICE, AS","","","","","3",",a","2",",a","0",",a","","","","","","","","","","","","","19261016",",,a","","","","","4.1",",,a,16,","","","","","","","8.7",",,,a","","","","","",""
"ASN00053027","1926-11","-29.5","149.9","207.3","MOREE POST OFFICE, AS","","","","","1",",a","0",",a","0",",a","","","","","","","","","","","","","19261123",",,a","","","","","0.8",",,a,23,","","","","","","","0.8",",,,a","","","","","",""
"ASN00053027","1926-12","-29.5","149.9","207.3","MOREE POST OFFICE, AS","","","","","6",",a","6",",a","0",",a","","","","","","","","","","","","","19261218",",,a","","","","","16.0",",,a,18,","","","","","","","60.9",",,,a","","","","","",""
"ASN00053027","1927-01","-29.5","149.9","207.3","MOREE POST OFFICE, AS","","","","","8",",a","6",",a","2",",a","","","","","","","","","","","","","19270122",",,a","","","","","36.8",",,a,22,","","","","","","","89.4",",,,a","","","","","",""
"ASN00053027","1927-02","-29.5","149.9","207.3","MOREE POST OFFICE, AS","","","","","1",",a","1",",a","0",",a","","","","","","","","","","","","","19270202",",,a","","","","","5.1",",,a,02,","","","","","","","5.1",",,,a","","","","","",""
"ASN00053027","1927-03","-29.5","149.9","207.3","MOREE POST OFFICE, AS","","","","","4",",a","4",",a","1",",a","","","","","","","","","","","","","19270311",",,a","","","","","33.5",",,a,11,","","","","","","","55.1",",,,a","","","","","",""
"ASN00053027","1927-04","-29.5","149.9","207.3","MOREE POST OFFICE, AS","","","","","6",",a","5",",a","0",",a","","","","","","","","","","","","","19270415",",,a","","","","","22.1",",,a,15,","","","","","","","62.9",",,,a","","","","","",""
"ASN00053027","1927-05","-29.5","149.9","207.3","MOREE POST OFFICE, AS","","","","","2",",a","2",",a","0",",a","","","","","","","","","","","","","19270502",",,a","","","","","14.5",",,a,02,","","","","","","","21.6",",,,a","","","","","",""
"ASN00053027","1927-06","-29.5","149.9","207.3","MOREE POST OFFICE, AS","","","","","4",",a","3",",a","0",",a","","","","","","","","","","","","","19270606",",,a","","","","","15.2",",,a,06,","","","","","","","34.5",",,,a","","","","","",""
"ASN00053027","1927-07","-29.5","149.9","207.3","MOREE POST OFFICE, AS","","","","","0",",a","0",",a","0",",a","","","","","","","","","","","","","19270731","+,,a","","","","","0.0",",,a,31,+","","","","","","","0.0",",,,a","","","","","",""
"ASN00053027","1927-08","-29.5","149.9","207.3","MOREE POST OFFICE, AS","","","","","1",",a","1",",a","0",",a","","","","","","","","","","","","","19270827",",,a","","","","","7.9",",,a,27,","","","","","","","7.9",",,,a","","","","","",""
"ASN00053027","1927-09","-29.5","149.9","207.3","MOREE POST OFFICE, AS","","","","","2",",a","0",",a","0",",a","","","","","","","","","","","","","19270926",",,a","","","","","1.3",",,a,26,","","","","","","","1.8",",,,a","","","","","",""
"ASN00053027","1927-10","-29.5","149.9","207.3","MOREE POST OFFICE, AS","","","","","8",",a","6",",a","0",",a","","","","","","","","","","","","","19271014",",,a","","","","","24.4",",,a,14,","","","","","","","76.6",",,,a","","","","","",""
"ASN00053027","1927-11","-29.5","149.9","207.3","MOREE POST OFFICE, AS","","","","","8",",a","4",",a","1",",a","","","","","","","","","","","","","19271129",",,a","","","","","67.8",",,a,29,","","","","","","","105.4",",,,a","","","","","",""
"ASN00053027","1927-12","-29.5","149.9","207.3","MOREE POST OFFICE, AS","","","","","9",",a","7",",a","0",",a","","","","","","","","","","","","","19271208",",,a","","","","","18.5",",,a,08,","","","","","","","64.1",",,,a","","","","","",""
"ASN00053027","1928-01","-29.5","149.9","207.3","MOREE POST OFFICE, AS","","","","","5",",a","3",",a","1",",a","","","","","","","","","","","","","19280118",",,a","","","","","56.9",",,a,18,","","","","","","","85.7",",,,a","","","","","",""
"ASN00053027","1928-02","-29.5","149.9","207.3","MOREE POST OFFICE, AS","","","","","8",",a","6",",a","1",",a","","","","","","","","","","","","","19280217",",,a","","","","","30.5",",,a,17,","","","","","","","97.7",",,,a","","","","","",""
"ASN00053027","1928-03","-29.5","149.9","207.3","MOREE POST OFFICE, AS","","","","","4",",a","4",",a","2",",a","","","","","","","","","","","","","19280328",",,a","","","","","36.8",",,a,28,","","","","","","","97.1",",,,a","","","","","",""
"ASN00053027","1928-04","-29.5","149.9","207.3","MOREE POST OFFICE, AS","","","","","6",",a","5",",a","1",",a","","","","","","","","","","","","","19280407",",,a","","","","","70.1",",,a,07,","","","","","","","93.2",",,,a","","","","","",""
"ASN00053027","1928-05","-29.5","149.9","207.3","MOREE POST OFFICE, AS","","","","","2",",a","0",",a","0",",a","","","","","","","","","","","","","19280528",",,a","","","","","1.5",",,a,28,","","","","","","","2.5",",,,a","","","","","",""
"ASN00053027","1928-06","-29.5","149.9","207.3","MOREE POST OFFICE, AS","","","","","7",",a","6",",a","1",",a","","","","","","","","","","","","","19280625",",,a","","","","","30.0",",,a,25,","","","","","","","85.2",",,,a","","","","","",""
"ASN00053027","1928-07","-29.5","149.9","207.3","MOREE POST OFFICE, AS","","","","","4",",a","3",",a","1",",a","","","","","","","","","","","","","19280714",",,a","","","","","45.7",",,a,14,","","","","","","","55.9",",,,a","","","","","",""
"ASN00053027","1928-08","-29.5","149.9","207.3","MOREE POST OFFICE, AS","","","","","0",",a","0",",a","0",",a","","","","","","","","","","","","","19280831","+,,a","","","","","0.0",",,a,31,+","","","","","","","0.0",",,,a","","","","","",""
"ASN00053027","1928-09","-29.5","149.9","207.3","MOREE POST OFFICE, AS","","","","","1",",a","0",",a","0",",a","","","","","","","","","","","","","19280901",",,a","","","","","2.3",",,a,01,","","","","","","","2.3",",,,a","","","","","",""
"ASN00053027","1928-10","-29.5","149.9","207.3","MOREE POST OFFICE, AS","","","","","5",",a","3",",a","0",",a","","","","","","","","","","","","","19281013",",,a","","","","","11.4",",,a,13,","","","","","","","21.8",",,,a","","","","","",""
"ASN00053027","1928-11","-29.5","149.9","207.3","MOREE POST OFFICE, AS","","","","","2",",a","2",",a","0",",a","","","","","","","","","","","","","19281103",",,a","","","","","9.4",",,a,03,","","","","","","","15.8",",,,a","","","","","",""
"ASN00053027","1928-12","-29.5","149.9","207.3","MOREE POST OFFICE, AS","","","","","3",",a","2",",a","0",",a","","","","","","","","","","","","","19281222",",,a","","","","","5.6",",,a,22,","","","","","","","11.4",",,,a","","","","","",""
"ASN00053027","1929-01","-29.5","149.9","207.3","MOREE POST OFFICE, AS","","","","","2",",a","2",",a","0",",a","","","","","","","","","","","","","19290111",",,a","","","","","6.9",",,a,11,","","","","","","","10.7",",,,a","","","","","",""
"ASN00053027","1929-02","-29.5","149.9","207.3","MOREE POST OFFICE, AS","","","","","8",",a","8",",a","1",",a","","","","","","","","","","","","","19290213",",,a","","","","","38.6",",,a,13,","","","","","","","110.9",",,,a","","","","","",""
"ASN00053027","1929-03","-29.5","149.9","207.3","MOREE POST OFFICE, AS","","","","","5",",a","5",",a","0",",a","","","","","","","","","","","","","19290327",",,a","","","","","14.7",",,a,27,","","","","","","","41.5",",,,a","","","","","",""
"ASN00053027","1929-04","-29.5","149.9","207.3","MOREE POST OFFICE, AS","","","","","3",",a","3",",a","2",",a","","","","","","","","","","","","","19290402",",,a","","","","","86.9",",,a,02,","","","","","","","130.8",",,,a","","","","","",""
"ASN00053027","1929-05","-29.5","149.9","207.3","MOREE POST OFFICE, AS","","","","","1",",a","1",",a","0",",a","","","","","","","","","","","","","19290530",",,a","","","","","8.9",",,a,30,","","","","","","","8.9",",,,a","","","","","",""
"ASN00053027","1929-06","-29.5","149.9","207.3","MOREE POST OFFICE, AS","","","","","4",",a","1",",a","0",",a","","","","","","","","","","","","","19290628",",,a","","","","","3.6",",,a,28,","","","","","","","8.2",",,,a","","","","","",""
"ASN00053027","1929-07","-29.5","149.9","207.3","MOREE POST OFFICE, AS","","","","","2",",a","2",",a","0",",a","","","","","","","","","","","","","19290729",",,a","","","","","8.9",",,a,29,","","","","","","","15.5",",,,a","","","","","",""
"ASN00053027","1929-08","-29.5","149.9","207.3","MOREE POST OFFICE, AS","","","","","4",",a","2",",a","1",",a","","","","","","","","","","","","","19290813",",,a","","","","","29.0",",,a,13,","","","","","","","40.7",",,,a","","","","","",""
"ASN00053027","1929-09","-29.5","149.9","207.3","MOREE POST OFFICE, AS","","","","","3",",a","2",",a","1",",a","","","","","","","","","","","","","19290928",",,a","","","","","26.9",",,a,28,","","","","","","","32.8",",,,a","","","","","",""
"ASN00053027","1929-10","-29.5","149.9","207.3","MOREE POST OFFICE, AS","","","","","5",",a","2",",a","1",",a","","","","","","","","","","","","","19291012",",,a","","","","","40.4",",,a,12,","","","","","","","64.4",",,,a","","","","","",""
"ASN00053027","1929-11","-29.5","149.9","207.3","MOREE POST OFFICE, AS","","","","","3",",a","3",",a","1",",a","","","","","","","","","","","","","19291116",",,a","","","","","34.3",",,a,16,","","","","","","","43.7",",,,a","","","","","",""
"ASN00053027","1929-12","-29.5","149.9","207.3","MOREE POST OFFICE, AS","","","","","5",",a","3",",a","0",",a","","","","","","","","","","","","","19291226",",,a","","","","","12.4",",,a,26,","","","","","","","24.3",",,,a","","","","","",""
"ASN00053027","1930-01","-29.5","149.9","207.3","MOREE POST OFFICE, AS","","","","","3",",a","3",",a","0",",a","","","","","","","","","","","","","19300124",",,a","","","","","22.9",",,a,24,","","","","","","","29.0",",,,a","","","","","",""
"ASN00053027","1930-02","-29.5","149.9","207.3","MOREE POST OFFICE, AS","","","","","2",",a","1",",a","0",",a","","","","","","","","","","","","","19300222",",,a","","","","","11.7",",,a,22,","","","","","","","12.2",",,,a","","","","","",""
"ASN00053027","1930-03","-29.5","149.9","207.3","MOREE POST OFFICE, AS","","","","","5",",a","5",",a","0",",a","","","","","","","","","","","","","19300321",",,a","","","","","20.8",",,a,21,","","","","","","","39.8",",,,a","","","","","",""
"ASN00053027","1930-04","-29.5","149.9","207.3","MOREE POST OFFICE, AS","","","","","3",",a","2",",a","0",",a","","","","","","","","","","","","","19300410",",,a","","","","","16.0",",,a,10,","","","","","","","20.6",",,,a","","","","","",""
"ASN00053027","1930-05","-29.5","149.9","207.3","MOREE POST OFFICE, AS","","","","","3",",a","1",",a","0",",a","","","","","","","","","","","","","19300510",",,a","","","","","12.7",",,a,10,","","","","","","","15.5",",,,a","","","","","",""
"ASN00053027","1930-06","-29.5","149.9","207.3","MOREE POST OFFICE, AS","","","","","8",",a","6",",a","2",",a","","","","","","","","","","","","","19300616",",,a","","","","","39.1",",,a,16,","","","","","","","122.1",",,,a","","","","","",""
"ASN00053027","1930-07","-29.5","149.9","207.3","MOREE POST OFFICE, AS","","","","","6",",a","4",",a","0",",a","","","","","","","","","","","","","19300728",",,a","","","","","11.9",",,a,28,","","","","","","","33.1",",,,a","","","","","",""
"ASN00053027","1930-08","-29.5","149.9","207.3","MOREE POST OFFICE, AS","","","","","4",",a","2",",a","1",",a","","","","","","","","","","","","","19300823",",,a","","","","","34.3",",,a,23,","","","","","","","43.3",",,,a","","","","","",""
"ASN00053027","1930-09","-29.5","149.9","207.3","MOREE POST OFFICE, AS","","","","","3",",a","3",",a","0",",a","","","","","","","","","","","","","19300913",",,a","","","","","13.2",",,a,13,","","","","","","","27.9",",,,a","","","","","",""
"ASN00053027","1930-10","-29.5","149.9","207.3","MOREE POST OFFICE, AS","","","","","6",",a","5",",a","1",",a","","","","","","","","","","","","","19301008",",,a","","","","","37.3",",,a,08,","","","","","","","68.6",",,,a","","","","","",""
"ASN00053027","1930-11","-29.5","149.9","207.3","MOREE POST OFFICE, AS","","","","","7",",a","4",",a","0",",a","","","","","","","","","","","","","19301124",",,a","","","","","18.0",",,a,24,","","","","","","","53.4",",,,a","","","","","",""
"ASN00053027","1930-12","-29.5","149.9","207.3","MOREE POST OFFICE, AS","","","","","4",",a","3",",a","0",",a","","","","","","","","","","","","","19301218",",,a","","","","","22.1",",,a,18,","","","","","","","33.0",",,,a","","","","","",""
"ASN00053027","1931-01","-29.5","149.9","207.3","MOREE POST OFFICE, AS","","","","","2",",a","2",",a","0",",a","","","","","","","","","","","","","19310119",",,a","","","","","10.9",",,a,19,","","","","","","","18.5",",,,a","","","","","",""
"ASN00053027","1931-02","-29.5","149.9","207.3","MOREE POST OFFICE, AS","","","","","2",",a","1",",a","0",",a","","","","","","","","","","","","","19310202",",,a","","","","","15.2",",,a,02,","","","","","","","16.5",",,,a","","","","","",""
"ASN00053027","1931-03","-29.5","149.9","207.3","MOREE POST OFFICE, AS","","","","","8",",a","7",",a","3",",a","","","","","","","","","","","","","19310305",",,a","","","","","81.3",",,a,05,","","","","","","","214.1",",,,a","","","","","",""
"ASN00053027","1931-04","-29.5","149.9","207.3","MOREE POST OFFICE, AS","","","","","5",",a","4",",a","1",",a","","","","","","","","","","","","","19310402",",,a","","","","","35.1",",,a,02,","","","","","","","65.6",",,,a","","","","","",""
"ASN00053027","1931-05","-29.5","149.9","207.3","MOREE POST OFFICE, AS","","","","","7",",a","4",",a","1",",a","","","","","","","","","","","","","19310514",",,a","","","","","54.6",",,a,14,","","","","","","","106.0",",,,a","","","","","",""
"ASN00053027","1931-06","-29.5","149.9","207.3","MOREE POST OFFICE, AS","","","","","7",",a","6",",a","1",",a","","","","","","","","","","","","","19310625",",,a","","","","","48.3",",,a,25,","","","","","","","72.6",",,,a","","","","","",""
"ASN00053027","1931-07","-29.5","149.9","207.3","MOREE POST OFFICE, AS","","","","","4",",a","3",",a","0",",a","","","","","","","","","","","","","19310721",",,a","","","","","12.4",",,a,21,","","","","","","","29.7",",,,a","","","","","",""
"ASN00053027","1931-08","-29.5","149.9","207.3","MOREE POST OFFICE, AS","","","","","3",",a","2",",a","0",",a","","","","","","","","","","","","","19310804",",,a","","","","","14.5",",,a,04,","","","","","","","22.1",",,,a","","","","","",""
"ASN00053027","1931-09","-29.5","149.9","207.3","MOREE POST OFFICE, AS","","","","","4",",a","4",",a","0",",a","","","","","","","","","","","","","19310912",",,a","","","","","16.5",",,a,12,","","","","","","","33.5",",,,a","","","","","",""
"ASN00053027","1931-10","-29.5","149.9","207.3","MOREE POST OFFICE, AS","","","","","1",",a","1",",a","0",",a","","","","","","","","","","","","","19311003",",,a","","","","","21.6",",,a,03,","","","","","","","21.6",",,,a","","","","","",""
"ASN00053027","1931-11","-29.5","149.9","207.3","MOREE POST OFFICE, AS","","","","","4",",a","4",",a","0",",a","","","","","","","","","","","","","19311117",",,a","","","","","19.1",",,a,17,","","","","","","","54.6",",,,a","","","","","",""
"ASN00053027","1931-12","-29.5","149.9","207.3","MOREE POST OFFICE, AS","","","","","11",",a","8",",a","0",",a","","","","","","","","","","","","","19311207",",,a","","","","","24.1",",,a,07,","","","","","","","95.5",",,,a","","","","","",""
"ASN00053027","1932-01","-29.5","149.9","207.3","MOREE POST OFFICE, AS","","","","","4",",a","2",",a","0",",a","","","","","","","","","","","","","19320108",",,a","","","","","8.6",",,a,08,","","","","","","","15.5",",,,a","","","","","",""
"ASN00053027","1932-02","-29.5","149.9","207.3","MOREE POST OFFICE, AS","","","","","2",",a","1",",a","0",",a","","","","","","","","","","","","","19320202",",,a","","","","","3.0",",,a,02,","","","","","","","3.8",",,,a","","","","","",""
"ASN00053027","1932-03","-29.5","149.9","207.3","MOREE POST OFFICE, AS","","","","","6",",a","3",",a","0",",a","","","","","","","","","","","","","19320317",",,a","","","","","11.9",",,a,17,","","","","","","","34.4",",,,a","","","","","",""
"ASN00053027","1932-04","-29.5","149.9","207.3","MOREE POST OFFICE, AS","","","","","4",",a","4",",a","0",",a","","","","","","","","","","","","","19320418",",,a","","","","","20.3",",,a,18,","","","","","","","51.3",",,,a","","","","","",""
"ASN00053027","1932-05","-29.5","149.9","207.3","MOREE POST OFFICE, AS","","","","","2",",a","2",",a","0",",a","","","","","","","","","","","","","19320520",",,a","","","","","10.2",",,a,20,","","","","","","","16.3",",,,a","","","","","",""
"ASN00053027","1932-06","-29.5","149.9","207.3","MOREE POST OFFICE, AS","","","","","3",",a","3",",a","0",",a","","","","","","","","","","","","","19320603",",,a","","","","","15.2",",,a,03,","","","","","","","25.4",",,,a","","","","","",""
"ASN00053027","1932-07","-29.5","149.9","207.3","MOREE POST OFFICE, AS","","","","","4",",a","4",",a","0",",a","","","","","","","","","","","","","19320712",",,a","","","","","8.9",",,a,12,","","","","","","","24.2",",,,a","","","","","",""
"ASN00053027","1932-08","-29.5","149.9","207.3","MOREE POST OFFICE, AS","","","","","3",",a","2",",a","0",",a","","","","","","","","","","","","","19320831",",,a","","","","","8.6",",,a,31,","","","","","","","11.7",",,,a","","","","","",""
"ASN00053027","1932-09","-29.5","149.9","207.3","MOREE POST OFFICE, AS","","","","","7",",a","4",",a","2",",a","","","","","","","","","","","","","19320916",",,a","","","","","36.8",",,a,16,","","","","","","","95.6",",,,a","","","","","",""
"ASN00053027","1932-10","-29.5","149.9","207.3","MOREE POST OFFICE, AS","","","","","6",",a","3",",a","1",",a","","","","","","","","","","","","","19321027",",,a","","","","","26.7",",,a,27,","","","","","","","53.6",",,,a","","","","","",""
"ASN00053027","1932-11","-29.5","149.9","207.3","MOREE POST OFFICE, AS","","","","","5",",a","5",",a","0",",a","","","","","","","","","","","","","19321125","+,,a","","","","","17.8",",,a,25,+","","","","","","","68.4",",,,a","","","","","",""
"ASN00053027","1932-12","-29.5","149.9","207.3","MOREE POST OFFICE, AS","","","","","6",",a","4",",a","0",",a","","","","","","","","","","","","","19321205",",,a","","","","","19.6",",,a,05,","","","","","","","35.6",",,,a","","","","","",""
"ASN00053027","1933-01","-29.5","149.9","207.3","MOREE POST OFFICE, AS","","","","","9",",a","6",",a","0",",a","","","","","","","","","","","","","19330128",",,a","","","","","24.1",",,a,28,","","","","","","","53.4",",,,a","","","","","",""
"ASN00053027","1933-02","-29.5","149.9","207.3","MOREE POST OFFICE, AS","","","","","2",",a","2",",a","0",",a","","","","","","","","","","","","","19330217",",,a","","","","","9.7",",,a,17,","","","","","","","17.3",",,,a","","","","","",""
"ASN00053027","1933-03","-29.5","149.9","207.3","MOREE POST OFFICE, AS","","","","","2",",a","1",",a","0",",a","","","","","","","","","","","","","19330304",",,a","","","","","6.4",",,a,04,","","","","","","","8.4",",,,a","","","","","",""
"ASN00053027","1933-04","-29.5","149.9","207.3","MOREE POST OFFICE, AS","","","","","3",",a","1",",a","0",",a","","","","","","","","","","","","","19330405",",,a","","","","","18.0",",,a,05,","","","","","","","20.3",",,,a","","","","","",""
"ASN00053027","1933-05","-29.5","149.9","207.3","MOREE POST OFFICE, AS","","","","","3",",a","2",",a","1",",a","","","","","","","","","","","","","19330501",",,a","","","","","30.0",",,a,01,","","","","","","","48.3",",,,a","","","","","",""
"ASN00053027","1933-06","-29.5","149.9","207.3","MOREE POST OFFICE, AS","","","","","5",",a","3",",a","1",",a","","","","","","","","","","","","","19330623",",,a","","","","","36.8",",,a,23,","","","","","","","50.1",",,,a","","","","","",""
"ASN00053027","1933-07","-29.5","149.9","207.3","MOREE POST OFFICE, AS","","","","","11",",a","6",",a","1",",a","","","","","","","","","","","","","19330710",",,a","","","","","29.2",",,a,10,","","","","","","","93.6",",,,a","","","","","",""
"ASN00053027","1933-08","-29.5","149.9","207.3","MOREE POST OFFICE, AS","","","","","5",",a","1",",a","0",",a","","","","","","","","","","","","","19330818",",,a","","","","","4.6",",,a,18,","","","","","","","9.5",",,,a","","","","","",""
"ASN00053027","1933-09","-29.5","149.9","207.3","MOREE POST OFFICE, AS","","","","","10",",a","5",",a","0",",a","","","","","","","","","","","","","19330928",",,a","","","","","14.7",",,a,28,","","","","","","","49.6",",,,a","","","","","",""
"ASN00053027","1933-10","-29.5","149.9","207.3","MOREE POST OFFICE, AS","","","","","6",",a","5",",a","1",",a","","","","","","","","","","","","","19331027",",,a","","","","","28.2",",,a,27,","","","","","","","63.5",",,,a","","","","","",""
"ASN00053027","1933-11","-29.5","149.9","207.3","MOREE POST OFFICE, AS","","","","","7",",a","4",",a","1",",a","","","","","","","","","","","","","19331120",",,a","","","","","43.4",",,a,20,","","","","","","","74.4",",,,a","","","","","",""
"ASN00053027","1933-12","-29.5","149.9","207.3","MOREE POST OFFICE, AS","","","","","7",",a","4",",a","0",",a","","","","","","","","","","","","","19331208",",,a","","","","","24.6",",,a,08,","","","","","","","49.6",",,,a","","","","","",""
"ASN00053027","1934-01","-29.5","149.9","207.3","MOREE POST OFFICE, AS","","","","","5",",a","4",",a","0",",a","","","","","","","","","","","","","19340131",",,a","","","","","20.6",",,a,31,","","","","","","","50.7",",,,a","","","","","",""
"ASN00053027","1934-02","-29.5","149.9","207.3","MOREE POST OFFICE, AS","","","","","8",",a","8",",a","2",",a","","","","","","","","","","","","","19340202",",,a","","","","","83.1",",,a,02,","","","","","","","160.2",",,,a","","","","","",""
"ASN00053027","1934-03","-29.5","149.9","207.3","MOREE POST OFFICE, AS","","","","","0",",a","0",",a","0",",a","","","","","","","","","","","","","19340331","+,,a","","","","","0.0",",,a,31,+","","","","","","","0.0",",,,a","","","","","",""
"ASN00053027","1934-04","-29.5","149.9","207.3","MOREE POST OFFICE, AS","","","","","4",",a","1",",a","0",",a","","","","","","","","","","","","","19340414",",,a","","","","","9.1",",,a,14,","","","","","","","12.4",",,,a","","","","","",""
"ASN00053027","1934-05","-29.5","149.9","207.3","MOREE POST OFFICE, AS","","","","","4",",a","3",",a","0",",a","","","","","","","","","","","","","19340505",",,a","","","","","8.4",",,a,05,","","","","","","","17.9",",,,a","","","","","",""
"ASN00053027","1934-06","-29.5","149.9","207.3","MOREE POST OFFICE, AS","","","","","4",",a","3",",a","0",",a","","","","","","","","","","","","","19340625",",,a","","","","","20.3",",,a,25,","","","","","","","26.6",",,,a","","","","","",""
"ASN00053027","1934-07","-29.5","149.9","207.3","MOREE POST OFFICE, AS","","","","","9",",a","3",",a","1",",a","","","","","","","","","","","","","19340730",",,a","","","","","25.9",",,a,30,","","","","","","","57.5",",,,a","","","","","",""
"ASN00053027","1934-08","-29.5","149.9","207.3","MOREE POST OFFICE, AS","","","","","9",",a","6",",a","0",",a","","","","","","","","","","","","","19340831",",,a","","","","","5.1",",,a,31,","","","","","","","25.2",",,,a","","","","","",""
"ASN00053027","1934-09","-29.5","149.9","207.3","MOREE POST OFFICE, AS","","","","","6",",a","4",",a","0",",a","","","","","","","","","","","","","19340901",",,a","","","","","11.2",",,a,01,","","","","","","","38.2",",,,a","","","","","",""
"ASN00053027","1934-10","-29.5","149.9","207.3","MOREE POST OFFICE, AS","","","","","8",",a","6",",a","1",",a","","","","","","","","","","","","","19341012",",,a","","","","","42.7",",,a,12,","","","","","","","103.4",",,,a","","","","","",""
"ASN00053027","1934-11","-29.5","149.9","207.3","MOREE POST OFFICE, AS","","","","","6",",a","3",",a","1",",a","","","","","","","","","","","","","19341130",",,a","","","","","26.4",",,a,30,","","","","","","","44.7",",,,a","","","","","",""
"ASN00053027","1934-12","-29.5","149.9","207.3","MOREE POST OFFICE, AS","","","","","6",",a","5",",a","1",",a","","","","","","","","","","","","","19341226",",,a","","","","","35.6",",,a,26,","","","","","","","75.1",",,,a","","","","","",""
"ASN00053027","1935-01","-29.5","149.9","207.3","MOREE POST OFFICE, AS","","","","","8",",a","6",",a","1",",a","","","","","","","","","","","","","19350116",",,a","","","","","45.7",",,a,16,","","","","","","","115.6",",,,a","","","","","",""
"ASN00053027","1935-02","-29.5","149.9","207.3","MOREE POST OFFICE, AS","","","","","3",",a","3",",a","0",",a","","","","","","","","","","","","","19350211",",,a","","","","","24.9",",,a,11,","","","","","","","46.7",",,,a","","","","","",""
"ASN00053027","1935-03","-29.5","149.9","207.3","MOREE POST OFFICE, AS","","","","","2",",a","0",",a","0",",a","","","","","","","","","","","","","19350315",",,a","","","","","1.0",",,a,15,","","","","","","","1.8",",,,a","","","","","",""
"ASN00053027","1935-04","-29.5","149.9","207.3","MOREE POST OFFICE, AS","","","","","4",",a","3",",a","0",",a","","","","","","","","","","","","","19350418",",,a","","","","","15.5",",,a,18,","","","","","","","26.2",",,,a","","","","","",""
"ASN00053027","1935-05","-29.5","149.9","207.3","MOREE POST OFFICE, AS","","","","","1",",a","1",",a","0",",a","","","","","","","","","","","","","19350507",",,a","","","","","5.1",",,a,07,","","","","","","","5.1",",,,a","","","","","",""
"ASN00053027","1935-06","-29.5","149.9","207.3","MOREE POST OFFICE, AS","","","","","2",",a","1",",a","0",",a","","","","","","","","","","","","","19350608",",,a","","","","","4.3",",,a,08,","","","","","","","5.8",",,,a","","","","","",""
"ASN00053027","1935-07","-29.5","149.9","207.3","MOREE POST OFFICE, AS","","","","","4",",a","2",",a","1",",a","","","","","","","","","","","","","19350701",",,a","","","","","45.7",",,a,01,","","","","","","","52.0",",,,a","","","","","",""
"ASN00053027","1935-08","-29.5","149.9","207.3","MOREE POST OFFICE, AS","","","","","4",",a","2",",a","0",",a","","","","","","","","","","","","","19350810",",,a","","","","","8.4",",,a,10,","","","","","","","16.6",",,,a","","","","","",""
"ASN00053027","1935-09","-29.5","149.9","207.3","MOREE POST OFFICE, AS","","","","","7",",a","5",",a","0",",a","","","","","","","","","","","","","19350912",",,a","","","","","17.3",",,a,12,","","","","","","","46.7",",,,a","","","","","",""
"ASN00053027","1935-10","-29.5","149.9","207.3","MOREE POST OFFICE, AS","","","","","4",",a","2",",a","0",",a","","","","","","","","","","","","","19351022",",,a","","","","","15.7",",,a,22,","","","","","","","31.7",",,,a","","","","","",""
"ASN00053027","1935-11","-29.5","149.9","207.3","MOREE POST OFFICE, AS","","","","","4",",a","1",",a","0",",a","","","","","","","","","","","","","19351104",",,a","","","","","3.8",",,a,04,","","","","","","","8.9",",,,a","","","","","",""
"ASN00053027","1935-12","-29.5","149.9","207.3","MOREE POST OFFICE, AS","","","","","2",",a","2",",a","0",",a","","","","","","","","","","","","","19351209",",,a","","","","","23.6",",,a,09,","","","","","","","27.7",",,,a","","","","","",""
"ASN00053027","1936-01","-29.5","149.9","207.3","MOREE POST OFFICE, AS","","","","","8",",a","5",",a","0",",a","","","","","","","","","","","","","19360131",",,a","","","","","19.6",",,a,31,","","","","","","","59.5",",,,a","","","","","",""
"ASN00053027","1936-02","-29.5","149.9","207.3","MOREE POST OFFICE, AS","","","","","5",",a","4",",a","1",",a","","","","","","","","","","","","","19360207",",,a","","","","","32.3",",,a,07,","","","","","","","46.7",",,,a","","","","","",""
"ASN00053027","1936-03","-29.5","149.9","207.3","MOREE POST OFFICE, AS","","","","","6",",a","5",",a","0",",a","","","","","","","","","","","","","19360319",",,a","","","","","14.5",",,a,19,","","","","","","","45.5",",,,a","","","","","",""
"ASN00053027","1936-04","-29.5","149.9","207.3","MOREE POST OFFICE, AS","","","","","2",",a","1",",a","1",",a","","","","","","","","","","","","","19360408",",,a","","","","","32.3",",,a,08,","","","","","","","33.3",",,,a","","","","","",""
"ASN00053027","1936-05","-29.5","149.9","207.3","MOREE POST OFFICE, AS","","","","","2",",a","2",",a","0",",a","","","","","","","","","","","","","19360515",",,a","","","","","15.7",",,a,15,","","","","","","","29.7",",,,a","","","","","",""
"ASN00053027","1936-06","-29.5","149.9","207.3","MOREE POST OFFICE, AS","","","","","2",",a","2",",a","0",",a","","","","","","","","","","","","","19360612",",,a","","","","","18.5",",,a,12,","","","","","","","21.0",",,,a","","","","","",""
"ASN00053027","1936-07","-29.5","149.9","207.3","MOREE POST OFFICE, AS","","","","","7",",a","3",",a","2",",a","","","","","","","","","","","","","19360704",",,a","","","","","31.8",",,a,04,","","","","","","","71.7",",,,a","","","","","",""
"ASN00053027","1936-08","-29.5","149.9","207.3","MOREE POST OFFICE, AS","","","","","2",",a","2",",a","1",",a","","","","","","","","","","","","","19360804",",,a","","","","","31.5",",,a,04,","","","","","","","34.0",",,,a","","","","","",""
"ASN00053027","1936-09","-29.5","149.9","207.3","MOREE POST OFFICE, AS","","","","","3",",a","3",",a","1",",a","","","","","","","","","","","","","19360901",",,a","","","","","27.2",",,a,01,","","","","","","","46.0",",,,a","","","","","",""
"ASN00053027","1936-10","-29.5","149.9","207.3","MOREE POST OFFICE, AS","","","","","2",",a","0",",a","0",",a","","","","","","","","","","","","","19361003",",,a","","","","","0.8",",,a,03,","","","","","","","1.3",",,,a","","","","","",""
"ASN00053027","1936-11","-29.5","149.9","207.3","MOREE POST OFFICE, AS","","","","","2",",a","1",",a","0",",a","","","","","","","","","","","","","19361116",",,a","","","","","2.5",",,a,16,","","","","","","","3.0",",,,a","","","","","",""
"ASN00053027","1936-12","-29.5","149.9","207.3","MOREE POST OFFICE, AS","","","","","11",",a","6",",a","1",",a","","","","","","","","","","","","","19361215",",,a","","","","","45.7",",,a,15,","","","","","","","76.7",",,,a","","","","","",""
"ASN00053027","1937-01","-29.5","149.9","207.3","MOREE POST OFFICE, AS","","","","","4",",a","3",",a","0",",a","","","","","","","","","","","","","19370112",",,a","","","","","19.1",",,a,12,","","","","","","","41.4",",,,a","","","","","",""
"ASN00053027","1937-02","-29.5","149.9","207.3","MOREE POST OFFICE, AS","","","","","3",",a","2",",a","0",",a","","","","","","","","","","","","","19370212",",,a","","","","","21.6",",,a,12,","","","","","","","42.4",",,,a","","","","","",""
"ASN00053027","1937-03","-29.5","149.9","207.3","MOREE POST OFFICE, AS","","","","","4",",a","3",",a","2",",a","","","","","","","","","","","","","19370315",",,a","","","","","109.2",",,a,15,","","","","","","","184.6",",,,a","","","","","",""
"ASN00053027","1937-04","-29.5","149.9","207.3","MOREE POST OFFICE, AS","","","","","2",",a","2",",a","0",",a","","","","","","","","","","","","","19370417",",,a","","","","","14.0",",,a,17,","","","","","","","17.3",",,,a","","","","","",""
"ASN00053027","1937-05","-29.5","149.9","207.3","MOREE POST OFFICE, AS","","","","","1",",a","0",",a","0",",a","","","","","","","","","","","","","19370525",",,a","","","","","0.3",",,a,25,","","","","","","","0.3",",,,a","","","","","",""
"ASN00053027","1937-06","-29.5","149.9","207.3","MOREE POST OFFICE, AS","","","","","4",",a","4",",a","0",",a","","","","","","","","","","","","","19370612",",,a","","","","","14.7",",,a,12,","","","","","","","33.7",",,,a","","","","","",""
"ASN00053027","1937-07","-29.5","149.9","207.3","MOREE POST OFFICE, AS","","","","","2",",a","1",",a","0",",a","","","","","","","","","","","","","19370723",",,a","","","","","22.1",",,a,23,","","","","","","","24.1",",,,a","","","","","",""
"ASN00053027","1937-08","-29.5","149.9","207.3","MOREE POST OFFICE, AS","","","","","3",",a","3",",a","1",",a","","","","","","","","","","","","","19370827",",,a","","","","","34.3",",,a,27,","","","","","","","42.2",",,,a","","","","","",""
"ASN00053027","1937-09","-29.5","149.9","207.3","MOREE POST OFFICE, AS","","","","","3",",a","2",",a","1",",a","","","","","","","","","","","","","19370902",",,a","","","","","30.0",",,a,02,","","","","","","","54.9",",,,a","","","","","",""
"ASN00053027","1937-10","-29.5","149.9","207.3","MOREE POST OFFICE, AS","","","","","4",",a","3",",a","0",",a","","","","","","","","","","","","","19371016",",,a","","","","","8.9",",,a,16,","","","","","","","18.3",",,,a","","","","","",""
"ASN00053027","1937-11","-29.5","149.9","207.3","MOREE POST OFFICE, AS","","","","","5",",a","4",",a","1",",a","","","","","","","","","","","","","19371104",",,a","","","","","27.9",",,a,04,","","","","","","","80.2",",,,a","","","","","",""
"ASN00053027","1937-12","-29.5","149.9","207.3","MOREE POST OFFICE, AS","","","","","5",",a","3",",a","0",",a","","","","","","","","","","","","","19371209",",,a","","","","","8.6",",,a,09,","","","","","","","18.0",",,,a","","","","","",""
"ASN00053027","1938-01","-29.5","149.9","207.3","MOREE POST OFFICE, AS","","","","","6",",a","3",",a","0",",a","","","","","","","","","","","","","19380125",",,a","","","","","16.5",",,a,25,","","","","","","","35.7",",,,a","","","","","",""
"ASN00053027","1938-02","-29.5","149.9","207.3","MOREE POST OFFICE, AS","","","","","5",",a","4",",a","2",",a","","","","","","","","","","","","","19380201",",,a","","","","","33.0",",,a,01,","","","","","","","92.4",",,,a","","","","","",""
"ASN00053027","1938-03","-29.5","149.9","207.3","MOREE POST OFFICE, AS","","","","","1",",a","1",",a","0",",a","","","","","","","","","","","","","19380322",",,a","","","","","23.1",",,a,22,","","","","","","","23.1",",,,a","","","","","",""
"ASN00053027","1938-04","-29.5","149.9","207.3","MOREE POST OFFICE, AS","","","","","5",",a","1",",a","0",",a","","","","","","","","","","","","","19380411",",,a","","","","","4.3",",,a,11,","","","","","","","9.1",",,,a","","","","","",""
"ASN00053027","1938-05","-29.5","149.9","207.3","MOREE POST OFFICE, AS","","","","","4",",a","4",",a","2",",a","","","","","","","","","","","","","19380526",",,a","","","","","106.7",",,a,26,","","","","","","","152.7",",,,a","","","","","",""
"ASN00053027","1938-06","-29.5","149.9","207.3","MOREE POST OFFICE, AS","","","","","5",",a","2",",a","0",",a","","","","","","","","","","","","","19380625",",,a","","","","","12.4",",,a,25,","","","","","","","24.7",",,,a","","","","","",""
"ASN00053027","1938-07","-29.5","149.9","207.3","MOREE POST OFFICE, AS","","","","","6",",a","3",",a","0",",a","","","","","","","","","","","","","19380721",",,a","","","","","13.7",",,a,21,","","","","","","","27.9",",,,a","","","","","",""
"ASN00053027","1938-08","-29.5","149.9","207.3","MOREE POST OFFICE, AS","","","","","5","2,a","3","2,a","1","2,a","","","","","","","","","","","","","19380825",",2,a","","","","","50.8","2,,a,25,","","","","","","","124.4",",a,,a","","","","","",""
"ASN00053027","1938-09","-29.5","149.9","207.3","MOREE POST OFFICE, AS","","","","","2",",a","1",",a","0",",a","","","","","","","","","","","","","19380912",",,a","","","","","16.0",",,a,12,","","","","","","","16.8",",,,a","","","","","",""
"ASN00053027","1938-10","-29.5","149.9","207.3","MOREE POST OFFICE, AS","","","","","7",",a","3",",a","0",",a","","","","","","","","","","","","","19381024",",,a","","","","","20.3",",,a,24,","","","","","","","42.5",",,,a","","","","","",""
"ASN00053027","1938-11","-29.5","149.9","207.3","MOREE POST OFFICE, AS","","","","","8",",a","4",",a","1",",a","","","","","","","","","","","","","19381101",",,a","","","","","27.9",",,a,01,","","","","","","","68.5",",,,a","","","","","",""
"ASN00053027","1938-12","-29.5","149.9","207.3","MOREE POST OFFICE, AS","","","","","1",",a","0",",a","0",",a","","","","","","","","","","","","","19381222",",,a","","","","","1.8",",,a,22,","","","","","","","1.8",",,,a","","","","","",""
"ASN00053027","1939-01","-29.5","149.9","207.3","MOREE POST OFFICE, AS","","","","","7",",a","6",",a","1",",a","","","","","","","","","","","","","19390119",",,a","","","","","41.9",",,a,19,","","","","","","","92.1",",,,a","","","","","",""
"ASN00053027","1939-02","-29.5","149.9","207.3","MOREE POST OFFICE, AS","","","","","2",",a","0",",a","0",",a","","","","","","","","","","","","","19390218",",,a","","","","","2.0",",,a,18,","","","","","","","2.8",",,,a","","","","","",""
"ASN00053027","1939-03","-29.5","149.9","207.3","MOREE POST OFFICE, AS","","","","","8",",a","5",",a","2",",a","","","","","","","","","","","","","19390311",",,a","","","","","44.7",",,a,11,","","","","","","","107.0",",,,a","","","","","",""
"ASN00053027","1939-04","-29.5","149.9","207.3","MOREE POST OFFICE, AS","","","","","5",",a","3",",a","0",",a","","","","","","","","","","","","","19390405",",,a","","","","","9.7",",,a,05,","","","","","","","23.5",",,,a","","","","","",""
"ASN00053027","1939-05","-29.5","149.9","207.3","MOREE POST OFFICE, AS","","","","","5",",a","2",",a","1",",a","","","","","","","","","","","","","19390517",",,a","","","","","25.7",",,a,17,","","","","","","","35.1",",,,a","","","","","",""
"ASN00053027","1939-06","-29.5","149.9","207.3","MOREE POST OFFICE, AS","","","","","7",",a","5",",a","1",",a","","","","","","","","","","","","","19390617",",,a","","","","","53.8",",,a,17,","","","","","","","78.1",",,,a","","","","","",""
"ASN00053027","1939-07","-29.5","149.9","207.3","MOREE POST OFFICE, AS","","","","","6",",a","5",",a","1",",a","","","","","","","","","","","","","19390705",",,a","","","","","31.0",",,a,05,","","","","","","","63.8",",,,a","","","","","",""
"ASN00053027","1939-08","-29.5","149.9","207.3","MOREE POST OFFICE, AS","","","","","9",",a","6",",a","1",",a","","","","","","","","","","","","","19390803",",,a","","","","","40.1",",,a,03,","","","","","","","75.7",",,,a","","","","","",""
"ASN00053027","1939-09","-29.5","149.9","207.3","MOREE POST OFFICE, AS","","","","","3",",a","0",",a","0",",a","","","","","","","","","","","","","19390927",",,a","","","","","1.5",",,a,27,","","","","","","","2.8",",,,a","","","","","",""
"ASN00053027","1939-10","-29.5","149.9","207.3","MOREE POST OFFICE, AS","","","","","5",",a","3",",a","0",",a","","","","","","","","","","","","","19391023",",,a","","","","","12.2",",,a,23,","","","","","","","22.8",",,,a","","","","","",""
"ASN00053027","1939-11","-29.5","149.9","207.3","MOREE POST OFFICE, AS","","","","","3",",a","0",",a","0",",a","","","","","","","","","","","","","19391104",",,a","","","","","1.8",",,a,04,","","","","","","","3.1",",,,a","","","","","",""
"ASN00053027","1939-12","-29.5","149.9","207.3","MOREE POST OFFICE, AS","","","","","4",",a","3",",a","0",",a","","","","","","","","","","","","","19391221","+,,a","","","","","6.4",",,a,21,+","","","","","","","15.9",",,,a","","","","","",""
"ASN00053027","1940-01","-29.5","149.9","207.3","MOREE POST OFFICE, AS","","","","","2",",a","1",",a","0",",a","","","","","","","","","","","","","19400130",",,a","","","","","10.9",",,a,30,","","","","","","","11.2",",,,a","","","","","",""
"ASN00053027","1940-02","-29.5","149.9","207.3","MOREE POST OFFICE, AS","","","","","4",",a","2",",a","1",",a","","","","","","","","","","","","","19400202",",,a","","","","","41.9",",,a,02,","","","","","","","48.3",",,,a","","","","","",""
"ASN00053027","1940-03","-29.5","149.9","207.3","MOREE POST OFFICE, AS","","","","","2",",a","2",",a","2",",a","","","","","","","","","","","","","19400318",",,a","","","","","65.0",",,a,18,","","","","","","","98.8",",,,a","","","","","",""
"ASN00053027","1940-04","-29.5","149.9","207.3","MOREE POST OFFICE, AS","","","","","3",",a","2",",a","0",",a","","","","","","","","","","","","","19400415",",,a","","","","","15.7",",,a,15,","","","","","","","20.0",",,,a","","","","","",""
"ASN00053027","1940-05","-29.5","149.9","207.3","MOREE POST OFFICE, AS","","","","","3",",a","2",",a","0",",a","","","","","","","","","","","","","19400514",",,a","","","","","7.1",",,a,14,","","","","","","","11.4",",,,a","","","","","",""
"ASN00053027","1940-06","-29.5","149.9","207.3","MOREE POST OFFICE, AS","","","","","1",",a","1",",a","0",",a","","","","","","","","","","","","","19400627",",,a","","","","","16.3",",,a,27,","","","","","","","16.3",",,,a","","","","","",""
"ASN00053027","1940-07","-29.5","149.9","207.3","MOREE POST OFFICE, AS","","","","","1",",a","0",",a","0",",a","","","","","","","","","","","","","19400731",",,a","","","","","1.3",",,a,31,","","","","","","","1.3",",,,a","","","","","",""
"ASN00053027","1940-08","-29.5","149.9","207.3","MOREE POST OFFICE, AS","","","","","3",",a","2",",a","0",",a","","","","","","","","","","","","","19400803",",,a","","","","","5.3",",,a,03,","","","","","","","9.9",",,,a","","","","","",""
"ASN00053027","1940-09","-29.5","149.9","207.3","MOREE POST OFFICE, AS","","","","","4",",a","3",",a","0",",a","","","","","","","","","","","","","19400923",",,a","","","","","20.8",",,a,23,","","","","","","","30.2",",,,a","","","","","",""
"ASN00053027","1940-10","-29.5","149.9","207.3","MOREE POST OFFICE, AS","","","","","5",",a","2",",a","0",",a","","","","","","","","","","","","","19401021",",,a","","","","","8.4",",,a,21,","","","","","","","15.8",",,,a","","","","","",""
"ASN00053027","1940-11","-29.5","149.9","207.3","MOREE POST OFFICE, AS","","","","","5",",a","3",",a","0",",a","","","","","","","","","","","","","19401101",",,a","","","","","11.7",",,a,01,","","","","","","","23.4",",,,a","","","","","",""
"ASN00053027","1940-12","-29.5","149.9","207.3","MOREE POST OFFICE, AS","","","","","9",",a","5",",a","0",",a","","","","","","","","","","","","","19401230",",,a","","","","","17.3",",,a,30,","","","","","","","44.0",",,,a","","","","","",""
"ASN00053027","1941-01","-29.5","149.9","207.3","MOREE POST OFFICE, AS","","","","","12",",a","9",",a","2",",a","","","","","","","","","","","","","19410106",",,a","","","","","43.9",",,a,06,","","","","","","","139.5",",,,a","","","","","",""
"ASN00053027","1941-02","-29.5","149.9","207.3","MOREE POST OFFICE, AS","","","","","4",",a","4",",a","1",",a","","","","","","","","","","","","","19410211",",,a","","","","","30.5",",,a,11,","","","","","","","48.3",",,,a","","","","","",""
"ASN00053027","1941-03","-29.5","149.9","207.3","MOREE POST OFFICE, AS","","","","","5","2,a","4","2,a","0","2,a","","","","","","","","","","","","","19410305",",2,a","","","","","22.4","2,,a,05,","","","","","","","85.0",",a,,a","","","","","",""
"ASN00053027","1941-04","-29.5","149.9","207.3","MOREE POST OFFICE, AS","","","","","1",",a","0",",a","0",",a","","","","","","","","","","","","","19410417",",,a","","","","","1.3",",,a,17,","","","","","","","1.3",",,,a","","","","","",""
"ASN00053027","1941-05","-29.5","149.9","207.3","MOREE POST OFFICE, AS","","","","","1",",a","1",",a","0",",a","","","","","","","","","","","","","19410524",",,a","","","","","4.6",",,a,24,","","","","","","","4.6",",,,a","","","","","",""
"ASN00053027","1941-06","-29.5","149.9","207.3","MOREE POST OFFICE, AS","","","","","6",",a","4",",a","0",",a","","","","","","","","","","","","","19410602",",,a","","","","","24.1",",,a,02,","","","","","","","39.0",",,,a","","","","","",""
"ASN00053027","1941-07","-29.5","149.9","207.3","MOREE POST OFFICE, AS","","","","","2",",a","1",",a","0",",a","","","","","","","","","","","","","19410710",",,a","","","","","2.8",",,a,10,","","","","","","","5.1",",,,a","","","","","",""
"ASN00053027","1941-08","-29.5","149.9","207.3","MOREE POST OFFICE, AS","","","","","1",",a","1",",a","0",",a","","","","","","","","","","","","","19410823",",,a","","","","","13.0",",,a,23,","","","","","","","13.0",",,,a","","","","","",""
"ASN00053027","1941-09","-29.5","149.9","207.3","MOREE POST OFFICE, AS","","","","","3",",a","0",",a","0",",a","","","","","","","","","","","","","19410923",",,a","","","","","1.0",",,a,23,","","","","","","","1.8",",,,a","","","","","",""
"ASN00053027","1941-10","-29.5","149.9","207.3","MOREE POST OFFICE, AS","","","","","4",",a","2",",a","0",",a","","","","","","","","","","","","","19411013",",,a","","","","","10.7",",,a,13,","","","","","","","20.3",",,,a","","","","","",""
"ASN00053027","1941-11","-29.5","149.9","207.3","MOREE POST OFFICE, AS","","","","","7",",a","4",",a","3",",a","","","","","","","","","","","","","19411112",",,a","","","","","79.0",",,a,12,","","","","","","","145.6",",,,a","","","","","",""
"ASN00053027","1941-12","-29.5","149.9","207.3","MOREE POST OFFICE, AS","","","","","2",",a","1",",a","0",",a","","","","","","","","","","","","","19411229",",,a","","","","","4.1",",,a,29,","","","","","","","4.9",",,,a","","","","","",""
"ASN00053027","1942-01","-29.5","149.9","207.3","MOREE POST OFFICE, AS","","","","","3",",a","1",",a","0",",a","","","","","","","","","","","","","19420116",",,a","","","","","10.9",",,a,16,","","","","","","","11.5",",,,a","","","","","",""
"ASN00053027","1942-02","-29.5","149.9","207.3","MOREE POST OFFICE, AS","","","","","8",",a","4",",a","1",",a","","","","","","","","","","","","","19420202",",,a","","","","","47.8",",,a,02,","","","","","","","67.7",",,,a","","","","","",""
"ASN00053027","1942-03","-29.5","149.9","207.3","MOREE POST OFFICE, AS","","","","","1",",a","1",",a","0",",a","","","","","","","","","","","","","19420325",",,a","","","","","15.2",",,a,25,","","","","","","","15.2",",,,a","","","","","",""
"ASN00053027","1942-04","-29.5","149.9","207.3","MOREE POST OFFICE, AS","","","","","0",",a","0",",a","0",",a","","","","","","","","","","","","","19420430","+,,a","","","","","0.0",",,a,30,+","","","","","","","0.0",",,,a","","","","","",""
"ASN00053027","1942-05","-29.5","149.9","207.3","MOREE POST OFFICE, AS","","","","","5",",a","2",",a","0",",a","","","","","","","","","","","","","19420527",",,a","","","","","20.1",",,a,27,","","","","","","","29.8",",,,a","","","","","",""
"ASN00053027","1942-06","-29.5","149.9","207.3","MOREE POST OFFICE, AS","","","","","5",",a","3",",a","0",",a","","","","","","","","","","","","","19420606",",,a","","","","","12.4",",,a,06,","","","","","","","33.1",",,,a","","","","","",""
"ASN00053027","1942-07","-29.5","149.9","207.3","MOREE POST OFFICE, AS","","","","","5",",a","5",",a","1",",a","","","","","","","","","","","","","19420711",",,a","","","","","43.2",",,a,11,","","","","","","","87.6",",,,a","","","","","",""
"ASN00053027","1942-08","-29.5","149.9","207.3","MOREE POST OFFICE, AS","","","","","2",",a","1",",a","0",",a","","","","","","","","","","","","","19420803",",,a","","","","","6.6",",,a,03,","","","","","","","7.4",",,,a","","","","","",""
"ASN00053027","1942-09","-29.5","149.9","207.3","MOREE POST OFFICE, AS","","","","","4",",a","0",",a","0",",a","","","","","","","","","","","","","19420922",",,a","","","","","2.0",",,a,22,","","","","","","","5.8",",,,a","","","","","",""
"ASN00053027","1942-10","-29.5","149.9","207.3","MOREE POST OFFICE, AS","","","","","8","2,a","4","2,a","0","2,a","","","","","","","","","","","","","19421026",",2,a","","","","","7.4","2,,a,26,","","","","","","","65.6",",a,,a","","","","","",""
"ASN00053027","1942-11","-29.5","149.9","207.3","MOREE POST OFFICE, AS","","","","","5",",a","3",",a","0",",a","","","","","","","","","","","","","19421107",",,a","","","","","24.6",",,a,07,","","","","","","","48.7",",,,a","","","","","",""
"ASN00053027","1942-12","-29.5","149.9","207.3","MOREE POST OFFICE, AS","","","","","9",",a","8",",a","2",",a","","","","","","","","","","","","","19421212",",,a","","","","","96.5",",,a,12,","","","","","","","184.7",",,,a","","","","","",""
"ASN00053027","1943-01","-29.5","149.9","207.3","MOREE POST OFFICE, AS","","","","","8",",a","4",",a","0",",a","","","","","","","","","","","","","19430114",",,a","","","","","11.9",",,a,14,","","","","","","","35.8",",,,a","","","","","",""
"ASN00053027","1943-02","-29.5","149.9","207.3","MOREE POST OFFICE, AS","","","","","3",",a","1",",a","0",",a","","","","","","","","","","","","","19430219",",,a","","","","","3.6",",,a,19,","","","","","","","5.9",",,,a","","","","","",""
"ASN00053027","1943-03","-29.5","149.9","207.3","MOREE POST OFFICE, AS","","","","","0",",a","0",",a","0",",a","","","","","","","","","","","","","19430331","+,,a","","","","","0.0",",,a,31,+","","","","","","","0.0",",,,a","","","","","",""
"ASN00053027","1943-04","-29.5","149.9","207.3","MOREE POST OFFICE, AS","","","","","4",",a","3",",a","1",",a","","","","","","","","","","","","","19430412",",,a","","","","","51.6",",,a,12,","","","","","","","71.0",",,,a","","","","","",""
"ASN00053027","1943-05","-29.5","149.9","207.3","MOREE POST OFFICE, AS","","","","","6",",a","3",",a","0",",a","","","","","","","","","","","","","19430513",",,a","","","","","14.0",",,a,13,","","","","","","","35.6",",,,a","","","","","",""
"ASN00053027","1943-06","-29.5","149.9","207.3","MOREE POST OFFICE, AS","","","","","3",",a","2",",a","1",",a","","","","","","","","","","","","","19430601",",,a","","","","","32.8",",,a,01,","","","","","","","44.3",",,,a","","","","","",""
"ASN00053027","1943-07","-29.5","149.9","207.3","MOREE POST OFFICE, AS","","","","","6",",a","3",",a","0",",a","","","","","","","","","","","","","19430729",",,a","","","","","6.1",",,a,29,","","","","","","","16.0",",,,a","","","","","",""
"ASN00053027","1943-08","-29.5","149.9","207.3","MOREE POST OFFICE, AS","","","","","6",",a","5",",a","0",",a","","","","","","","","","","","","","19430807",",,a","","","","","17.8",",,a,07,","","","","","","","37.9",",,,a","","","","","",""
"ASN00053027","1943-09","-29.5","149.9","207.3","MOREE POST OFFICE, AS","","","","","8",",a","3",",a","0",",a","","","","","","","","","","","","","19430927",",,a","","","","","9.1",",,a,27,","","","","","","","27.0",",,,a","","","","","",""
"ASN00053027","1943-10","-29.5","149.9","207.3","MOREE POST OFFICE, AS","","","","","4",",a","4",",a","1",",a","","","","","","","","","","","","","19431025",",,a","","","","","64.0",",,a,25,","","","","","","","86.4",",,,a","","","","","",""
"ASN00053027","1943-11","-29.5","149.9","207.3","MOREE POST OFFICE, AS","","","","","8",",a","4",",a","0",",a","","","","","","","","","","","","","19431115",",,a","","","","","20.3",",,a,15,","","","","","","","56.4",",,,a","","","","","",""
"ASN00053027","1943-12","-29.5","149.9","207.3","MOREE POST OFFICE, AS","","","","","5",",a","3",",a","0",",a","","","","","","","","","","","","","19431227",",,a","","","","","16.0",",,a,27,","","","","","","","38.7",",,,a","","","","","",""
"ASN00053027","1944-01","-29.5","149.9","207.3","MOREE POST OFFICE, AS","","","","","5",",a","4",",a","0",",a","","","","","","","","","","","","","19440126",",,a","","","","","13.5",",,a,26,","","","","","","","43.3",",,,a","","","","","",""
"ASN00053027","1944-02","-29.5","149.9","207.3","MOREE POST OFFICE, AS","","","","","4",",a","3",",a","1",",a","","","","","","","","","","","","","19440209",",,a","","","","","31.5",",,a,09,","","","","","","","71.5",",,,a","","","","","",""
"ASN00053027","1944-03","-29.5","149.9","207.3","MOREE POST OFFICE, AS","","","","","1",",a","1",",a","0",",a","","","","","","","","","","","","","19440318",",,a","","","","","3.6",",,a,18,","","","","","","","3.6",",,,a","","","","","",""
"ASN00053027","1944-04","-29.5","149.9","207.3","MOREE POST OFFICE, AS","","","","","1",",a","1",",a","0",",a","","","","","","","","","","","","","19440410",",,a","","","","","13.0",",,a,10,","","","","","","","13.0",",,,a","","","","","",""
"ASN00053027","1944-05","-29.5","149.9","207.3","MOREE POST OFFICE, AS","","","","","4",",a","3",",a","1",",a","","","","","","","","","","","","","19440523",",,a","","","","","53.3",",,a,23,","","","","","","","68.0",",,,a","","","","","",""
"ASN00053027","1944-06","-29.5","149.9","207.3","MOREE POST OFFICE, AS","","","","","1",",a","0",",a","0",",a","","","","","","","","","","","","","19440615",",,a","","","","","0.8",",,a,15,","","","","","","","0.8",",,,a","","","","","",""
"ASN00053027","1944-07","-29.5","149.9","207.3","MOREE POST OFFICE, AS","","","","","7",",a","4",",a","0",",a","","","","","","","","","","","","","19440710",",,a","","","","","10.7",",,a,10,","","","","","","","33.6",",,,a","","","","","",""
"ASN00053027","1944-08","-29.5","149.9","207.3","MOREE POST OFFICE, AS","","","","","8",",a","3",",a","2",",a","","","","","","","","","","","","","19440823",",,a","","","","","40.4",",,a,23,","","","","","","","84.2",",,,a","","","","","",""
"ASN00053027","1944-09","-29.5","149.9","207.3","MOREE POST OFFICE, AS","","","","","2",",a","1",",a","0",",a","","","","","","","","","","","","","19440915",",,a","","","","","10.7",",,a,15,","","","","","","","11.7",",,,a","","","","","",""
"ASN00053027","1944-10","-29.5","149.9","207.3","MOREE POST OFFICE, AS","","","","","3",",a","1",",a","0",",a","","","","","","","","","","","","","19441027",",,a","","","","","10.4",",,a,27,","","","","","","","11.7",",,,a","","","","","",""
"ASN00053027","1944-11","-29.5","149.9","207.3","MOREE POST OFFICE, AS","","","","","3",",a","2",",a","0",",a","","","","","","","","","","","","","19441125",",,a","","","","","25.1",",,a,25,","","","","","","","29.7",",,,a","","","","","",""
"ASN00053027","1944-12","-29.5","149.9","207.3","MOREE POST OFFICE, AS","","","","","3",",a","1",",a","0",",a","","","","","","","","","","","","","19441221",",,a","","","","","15.0",",,a,21,","","","","","","","16.3",",,,a","","","","","",""
"ASN00053027","1945-01","-29.5","149.9","207.3","MOREE POST OFFICE, AS","","","","","9",",a","5",",a","2",",a","","","","","","","","","","","","","19450106",",,a","","","","","74.7",",,a,06,","","","","","","","133.1",",,,a","","","","","",""
"ASN00053027","1945-02","-29.5","149.9","207.3","MOREE POST OFFICE, AS","","","","","7",",a","6",",a","0",",a","","","","","","","","","","","","","19450226",",,a","","","","","22.1",",,a,26,","","","","","","","77.5",",,,a","","","","","",""
"ASN00053027","1945-03","-29.5","149.9","207.3","MOREE POST OFFICE, AS","","","","","1",",a","1",",a","0",",a","","","","","","","","","","","","","19450331",",,a","","","","","10.2",",,a,31,","","","","","","","10.2",",,,a","","","","","",""
"ASN00053027","1945-04","-29.5","149.9","207.3","MOREE POST OFFICE, AS","","","","","2",",a","1",",a","0",",a","","","","","","","","","","","","","19450409",",,a","","","","","3.3",",,a,09,","","","","","","","5.3",",,,a","","","","","",""
"ASN00053027","1945-05","-29.5","149.9","207.3","MOREE POST OFFICE, AS","","","","","6",",a","2",",a","0",",a","","","","","","","","","","","","","19450508",",,a","","","","","20.1",",,a,08,","","","","","","","38.7",",,,a","","","","","",""
"ASN00053027","1945-06","-29.5","149.9","207.3","MOREE POST OFFICE, AS","","","","","9",",a","4",",a","1",",a","","","","","","","","","","","","","19450611",",,a","","","","","45.0",",,a,11,","","","","","","","85.7",",,,a","","","","","",""
"ASN00053027","1945-07","-29.5","149.9","207.3","MOREE POST OFFICE, AS","","","","","5","2,a","3","2,a","0","2,a","","","","","","","","","","","","","19450712",",2,a","","","","","19.6","2,,a,12,","","","","","","","48.1",",a,,a","","","","","",""
"ASN00053027","1945-08","-29.5","149.9","207.3","MOREE POST OFFICE, AS","","","","","7",",a","5",",a","0",",a","","","","","","","","","","","","","19450830",",,a","","","","","9.4",",,a,30,","","","","","","","31.5",",,,a","","","","","",""
"ASN00053027","1945-09","-29.5","149.9","207.3","MOREE POST OFFICE, AS","","","","","3",",a","2",",a","0",",a","","","","","","","","","","","","","19450915",",,a","","","","","3.8",",,a,15,","","","","","","","8.6",",,,a","","","","","",""
"ASN00053027","1945-10","-29.5","149.9","207.3","MOREE POST OFFICE, AS","","","","","2",",a","2",",a","0",",a","","","","","","","","","","","","","19451001",",,a","","","","","5.1",",,a,01,","","","","","","","7.6",",,,a","","","","","",""
"ASN00053027","1945-11","-29.5","149.9","207.3","MOREE POST OFFICE, AS","","","","","4",",a","3",",a","0",",a","","","","","","","","","","","","","19451119",",,a","","","","","13.5",",,a,19,","","","","","","","25.4",",,,a","","","","","",""
"ASN00053027","1945-12","-29.5","149.9","207.3","MOREE POST OFFICE, AS","","","","","2",",a","2",",a","0",",a","","","","","","","","","","","","","19451208",",,a","","","","","5.6",",,a,08,","","","","","","","8.6",",,,a","","","","","",""
"ASN00053027","1946-01","-29.5","149.9","207.3","MOREE POST OFFICE, AS","","","","","5",",a","4",",a","1",",a","","","","","","","","","","","","","19460122",",,a","","","","","132.8",",,a,22,","","","","","","","180.1",",,,a","","","","","",""
"ASN00053027","1946-02","-29.5","149.9","207.3","MOREE POST OFFICE, AS","","","","","3",",a","1",",a","0",",a","","","","","","","","","","","","","19460222",",,a","","","","","5.1",",,a,22,","","","","","","","6.9",",,,a","","","","","",""
"ASN00053027","1946-03","-29.5","149.9","207.3","MOREE POST OFFICE, AS","","","","","2",",a","2",",a","0",",a","","","","","","","","","","","","","19460316",",,a","","","","","8.4",",,a,16,","","","","","","","16.0",",,,a","","","","","",""
"ASN00053027","1946-04","-29.5","149.9","207.3","MOREE POST OFFICE, AS","","","","","3",",a","2",",a","0",",a","","","","","","","","","","","","","19460404",",,a","","","","","6.1",",,a,04,","","","","","","","9.2",",,,a","","","","","",""
"ASN00053027","1946-05","-29.5","149.9","207.3","MOREE POST OFFICE, AS","","","","","2",",a","2",",a","0",",a","","","","","","","","","","","","","19460520",",,a","","","","","14.5",",,a,20,","","","","","","","17.8",",,,a","","","","","",""
"ASN00053027","1946-06","-29.5","149.9","207.3","MOREE POST OFFICE, AS","","","","","1",",a","1",",a","0",",a","","","","","","","","","","","","","19460629",",,a","","","","","6.9",",,a,29,","","","","","","","6.9",",,,a","","","","","",""
"ASN00053027","1946-07","-29.5","149.9","207.3","MOREE POST OFFICE, AS","","","","","1",",a","1",",a","0",",a","","","","","","","","","","","","","19460715",",,a","","","","","4.1",",,a,15,","","","","","","","4.1",",,,a","","","","","",""
"ASN00053027","1946-08","-29.5","149.9","207.3","MOREE POST OFFICE, AS","","","","","0",",a","0",",a","0",",a","","","","","","","","","","","","","19460831","+,,a","","","","","0.0",",,a,31,+","","","","","","","0.0",",,,a","","","","","",""
"ASN00053027","1946-09","-29.5","149.9","207.3","MOREE POST OFFICE, AS","","","","","5",",a","4",",a","1",",a","","","","","","","","","","","","","19460919",",,a","","","","","55.4",",,a,19,","","","","","","","92.2",",,,a","","","","","",""
"ASN00053027","1946-10","-29.5","149.9","207.3","MOREE POST OFFICE, AS","","","","","2",",a","0",",a","0",",a","","","","","","","","","","","","","19461015",",,a","","","","","2.0",",,a,15,","","","","","","","3.3",",,,a","","","","","",""
"ASN00053027","1946-11","-29.5","149.9","207.3","MOREE POST OFFICE, AS","","","","","4",",a","3",",a","0",",a","","","","","","","","","","","","","19461118",",,a","","","","","22.1",",,a,18,","","","","","","","30.7",",,,a","","","","","",""
"ASN00053027","1946-12","-29.5","149.9","207.3","MOREE POST OFFICE, AS","","","","","5",",a","4",",a","0",",a","","","","","","","","","","","","","19461206",",,a","","","","","21.6",",,a,06,","","","","","","","50.4",",,,a","","","","","",""
"ASN00053027","1947-01","-29.5","149.9","207.3","MOREE POST OFFICE, AS","","","","","5",",a","4",",a","0",",a","","","","","","","","","","","","","19470107",",,a","","","","","14.2",",,a,07,","","","","","","","37.6",",,,a","","","","","",""
"ASN00053027","1947-02","-29.5","149.9","207.3","MOREE POST OFFICE, AS","","","","","12",",a","8",",a","2",",a","","","","","","","","","","","","","19470212",",,a","","","","","61.5",",,a,12,","","","","","","","144.9",",,,a","","","","","",""
"ASN00053027","1947-03","-29.5","149.9","207.3","MOREE POST OFFICE, AS","","","","","4",",a","3",",a","1",",a","","","","","","","","","","","","","19470301",",,a","","","","","44.5",",,a,01,","","","","","","","57.5",",,,a","","","","","",""
"ASN00053027","1947-04","-29.5","149.9","207.3","MOREE POST OFFICE, AS","","","","","2",",a","2",",a","0",",a","","","","","","","","","","","","","19470422",",,a","","","","","7.6",",,a,22,","","","","","","","11.7",",,,a","","","","","",""
"ASN00053027","1947-05","-29.5","149.9","207.3","MOREE POST OFFICE, AS","","","","","1",",a","1",",a","0",",a","","","","","","","","","","","","","19470526",",,a","","","","","13.2",",,a,26,","","","","","","","13.2",",,,a","","","","","",""
"ASN00053027","1947-06","-29.5","149.9","207.3","MOREE POST OFFICE, AS","","","","","1",",a","1",",a","0",",a","","","","","","","","","","","","","19470605",",,a","","","","","11.9",",,a,05,","","","","","","","11.9",",,,a","","","","","",""
"ASN00053027","1947-07","-29.5","149.9","207.3","MOREE POST OFFICE, AS","","","","","6",",a","4",",a","0",",a","","","","","","","","","","","","","19470714",",,a","","","","","7.6",",,a,14,","","","","","","","22.9",",,,a","","","","","",""
"ASN00053027","1947-08","-29.5","149.9","207.3","MOREE POST OFFICE, AS","","","","","7",",a","4",",a","0",",a","","","","","","","","","","","","","19470819",",,a","","","","","11.4",",,a,19,","","","","","","","36.1",",,,a","","","","","",""
"ASN00053027","1947-09","-29.5","149.9","207.3","MOREE POST OFFICE, AS","","","","","6",",a","5",",a","0",",a","","","","","","","","","","","","","19470903",",,a","","","","","16.5",",,a,03,","","","","","","","43.0",",,,a","","","","","",""
"ASN00053027","1947-10","-29.5","149.9","207.3","MOREE POST OFFICE, AS","","","","","6",",a","4",",a","0",",a","","","","","","","","","","","","","19471016",",,a","","","","","18.8",",,a,16,","","","","","","","60.5",",,,a","","","","","",""
"ASN00053027","1947-11","-29.5","149.9","207.3","MOREE POST OFFICE, AS","","","","","7","2,a","5","2,a","0","2,a","","","","","","","","","","","","","19471129",",2,a","","","","","15.0","2,,a,29,","","","","","","","79.1",",a,,a","","","","","",""
"ASN00053027","1947-12","-29.5","149.9","207.3","MOREE POST OFFICE, AS","","","","","8",",a","5",",a","0",",a","","","","","","","","","","","","","19471203",",,a","","","","","23.1",",,a,03,","","","","","","","53.1",",,,a","","","","","",""
"ASN00053027","1948-01","-29.5","149.9","207.3","MOREE POST OFFICE, AS","","","","","3",",a","2",",a","1",",a","","","","","","","","","","","","","19480102",",,a","","","","","28.2",",,a,02,","","","","","","","37.9",",,,a","","","","","",""
"ASN00053027","1948-02","-29.5","149.9","207.3","MOREE POST OFFICE, AS","","","","","3",",a","2",",a","0",",a","","","","","","","","","","","","","19480229",",,a","","","","","16.0",",,a,29,","","","","","","","30.7",",,,a","","","","","",""
"ASN00053027","1948-03","-29.5","149.9","207.3","MOREE POST OFFICE, AS","","","","","8",",a","5",",a","1",",a","","","","","","","","","","","","","19480301",",,a","","","","","35.6",",,a,01,","","","","","","","63.6",",,,a","","","","","",""
"ASN00053027","1948-04","-29.5","149.9","207.3","MOREE POST OFFICE, AS","","","","","3",",a","2",",a","0",",a","","","","","","","","","","","","","19480430",",,a","","","","","10.2",",,a,30,","","","","","","","17.6",",,,a","","","","","",""
"ASN00053027","1948-05","-29.5","149.9","207.3","MOREE POST OFFICE, AS","","","","","3","2,a","3","2,a","0","2,a","","","","","","","","","","","","","19480501",",2,a","","","","","5.3","2,,a,01,","","","","","","","58.4",",a,,a","","","","","",""
"ASN00053027","1948-06","-29.5","149.9","207.3","MOREE POST OFFICE, AS","","","","","6",",a","4",",a","1",",a","","","","","","","","","","","","","19480608",",,a","","","","","29.2",",,a,08,","","","","","","","85.0",",,,a","","","","","",""
"ASN00053027","1948-07","-29.5","149.9","207.3","MOREE POST OFFICE, AS","","","","","3","2,a","3","2,a","0","2,a","","","","","","","","","","","","","19480706",",2,a","","","","","10.9","2,,a,06,","","","","","","","52.3",",a,,a","","","","","",""
"ASN00053027","1948-08","-29.5","149.9","207.3","MOREE POST OFFICE, AS","","","","","5",",a","1",",a","0",",a","","","","","","","","","","","","","19480801",",,a","","","","","3.3",",,a,01,","","","","","","","7.2",",,,a","","","","","",""
"ASN00053027","1948-09","-29.5","149.9","207.3","MOREE POST OFFICE, AS","","","","","6",",a","6",",a","1",",a","","","","","","","","","","","","","19480917",",,a","","","","","26.7",",,a,17,","","","","","","","77.8",",,,a","","","","","",""
"ASN00053027","1948-10","-29.5","149.9","207.3","MOREE POST OFFICE, AS","","","","","6",",a","1",",a","0",",a","","","","","","","","","","","","","19481028",",,a","","","","","2.5",",,a,28,","","","","","","","10.4",",,,a","","","","","",""
"ASN00053027","1948-11","-29.5","149.9","207.3","MOREE POST OFFICE, AS","","","","","4","4,a","2","4,a","0","4,a","","","","","","","","","","","","","19481101",",4,a","","","","","9.4","4,,a,01,","","","","","","","31.2",",a,,a","","","","","",""
"ASN00053027","1948-12","-29.5","149.9","207.3","MOREE POST OFFICE, AS","","","","","3",",a","3",",a","0",",a","","","","","","","","","","","","","19481217",",,a","","","","","22.9",",,a,17,","","","","","","","46.6",",,,a","","","","","",""
"ASN00053027","1949-01","-29.5","149.9","207.3","MOREE POST OFFICE, AS","","","","","2",",a","2",",a","1",",a","","","","","","","","","","","","","19490110",",,a","","","","","58.4",",,a,10,","","","","","","","71.1",",,,a","","","","","",""
"ASN00053027","1949-02","-29.5","149.9","207.3","MOREE POST OFFICE, AS","","","","","6",",a","6",",a","2",",a","","","","","","","","","","","","","19490221",",,a","","","","","53.8",",,a,21,","","","","","","","106.7",",,,a","","","","","",""
"ASN00053027","1949-03","-29.5","149.9","207.3","MOREE POST OFFICE, AS","","","","","4",",a","2",",a","0",",a","","","","","","","","","","","","","19490328",",,a","","","","","6.6",",,a,28,","","","","","","","13.0",",,,a","","","","","",""
"ASN00053027","1949-04","-29.5","149.9","207.3","MOREE POST OFFICE, AS","","","","","2",",a","2",",a","1",",a","","","","","","","","","","","","","19490421",",,a","","","","","26.4",",,a,21,","","","","","","","29.2",",,,a","","","","","",""
"ASN00053027","1949-05","-29.5","149.9","207.3","MOREE POST OFFICE, AS","","","","","1",",a","1",",a","0",",a","","","","","","","","","","","","","19490504",",,a","","","","","2.5",",,a,04,","","","","","","","2.5",",,,a","","","","","",""
"ASN00053027","1949-06","-29.5","149.9","207.3","MOREE POST OFFICE, AS","","","","","4","2,a","2","2,a","0","2,a","","","","","","","","","","","","","19490601",",2,a","","","","","14.7","2,,a,01,","","","","","","","28.6",",a,,a","","","","","",""
"ASN00053027","1949-07","-29.5","149.9","207.3","MOREE POST OFFICE, AS","","","","","4",",a","1",",a","0",",a","","","","","","","","","","","","","19490725",",,a","","","","","6.9",",,a,25,","","","","","","","11.3",",,,a","","","","","",""
"ASN00053027","1949-08","-29.5","149.9","207.3","MOREE POST OFFICE, AS","","","","","1",",a","0",",a","0",",a","","","","","","","","","","","","","19490825",",,a","","","","","1.8",",,a,25,","","","","","","","1.8",",,,a","","","","","",""
"ASN00053027","1949-09","-29.5","149.9","207.3","MOREE POST OFFICE, AS","","","","","8",",a","6",",a","1",",a","","","","","","","","","","","","","19490909",",,a","","","","","30.5",",,a,09,","","","","","","","97.9",",,,a","","","","","",""
"ASN00053027","1949-10","-29.5","149.9","207.3","MOREE POST OFFICE, AS","","","","","14",",a","13",",a","0",",a","","","","","","","","","","","","","19491014",",,a","","","","","17.3",",,a,14,","","","","","","","109.6",",,,a","","","","","",""
"ASN00053027","1949-11","-29.5","149.9","207.3","MOREE POST OFFICE, AS","","","","","3",",a","3",",a","2",",a","","","","","","","","","","","","","19491123",",,a","","","","","39.4",",,a,23,","","","","","","","86.4",",,,a","","","","","",""
"ASN00053027","1949-12","-29.5","149.9","207.3","MOREE POST OFFICE, AS","","","","","2",",a","1",",a","0",",a","","","","","","","","","","","","","19491209",",,a","","","","","15.2",",,a,09,","","","","","","","16.5",",,,a","","","","","",""
"ASN00053027","1950-01","-29.5","149.9","207.3","MOREE POST OFFICE, AS","","","","","2",",a","2",",a","2",",a","","","","","","","","","","","","","19500119",",,a","","","","","46.5",",,a,19,","","","","","","","82.3",",,,a","","","","","",""
"ASN00053027","1950-02","-29.5","149.9","207.3","MOREE POST OFFICE, AS","","","","","9",",a","4",",a","2",",a","","","","","","","","","","","","","19500218",",,a","","","","","72.4",",,a,18,","","","","","","","128.3",",,,a","","","","","",""
"ASN00053027","1950-03","-29.5","149.9","207.3","MOREE POST OFFICE, AS","","","","","6","2,a","4","2,a","0","2,a","","","","","","","","","","","","","19500301",",2,a","","","","","16.3","2,,a,01,","","","","","","","65.6",",a,,a","","","","","",""
"ASN00053027","1950-04","-29.5","149.9","207.3","MOREE POST OFFICE, AS","","","","","5",",a","2",",a","0",",a","","","","","","","","","","","","","19500407",",,a","","","","","7.6",",,a,07,","","","","","","","15.4",",,,a","","","","","",""
"ASN00053027","1950-05","-29.5","149.9","207.3","MOREE POST OFFICE, AS","","","","","2",",a","2",",a","0",",a","","","","","","","","","","","","","19500524",",,a","","","","","14.0",",,a,24,","","","","","","","20.1",",,,a","","","","","",""
"ASN00053027","1950-06","-29.5","149.9","207.3","MOREE POST OFFICE, AS","","","","","15","4,a","7","4,a","0","4,a","","","","","","","","","","","","","19500615",",4,a","","","","","22.6","4,,a,15,","","","","","","","148.0",",a,,a","","","","","",""
"ASN00053027","1950-07","-29.5","149.9","207.3","MOREE POST OFFICE, AS","","","","","14","2,a","10","2,a","4","2,a","","","","","","","","","","","","","19500722",",2,a","","","","","94.0","2,,a,22,","","","","","","","266.1",",a,,a","","","","","",""
"ASN00053027","1950-08","-29.5","149.9","207.3","MOREE POST OFFICE, AS","","","","","4",",a","2",",a","0",",a","","","","","","","","","","","","","19500825",",,a","","","","","6.1",",,a,25,","","","","","","","10.2",",,,a","","","","","",""
"ASN00053027","1950-09","-29.5","149.9","207.3","MOREE POST OFFICE, AS","","","","","6",",a","5",",a","0",",a","","","","","","","","","","","","","19500926",",,a","","","","","16.8",",,a,26,","","","","","","","48.3",",,,a","","","","","",""
"ASN00053027","1950-10","-29.5","149.9","207.3","MOREE POST OFFICE, AS","","","","","11","2,a","7","2,a","2","2,a","","","","","","","","","","","","","19501026","+,2,a","","","","","25.4","2,,a,26,+","","","","","","","91.2",",a,,a","","","","","",""
"ASN00053027","1950-11","-29.5","149.9","207.3","MOREE POST OFFICE, AS","","","","","11",",a","10",",a","2",",a","","","","","","","","","","","","","19501125",",,a","","","","","53.3",",,a,25,","","","","","","","179.8",",,,a","","","","","",""
"ASN00053027","1950-12","-29.5","149.9","207.3","MOREE POST OFFICE, AS","","","","","2",",a","2",",a","0",",a","","","","","","","","","","","","","19501202",",,a","","","","","3.8",",,a,02,","","","","","","","6.3",",,,a","","","","","",""
"ASN00053027","1951-01","-29.5","149.9","207.3","MOREE POST OFFICE, AS","","","","","10",",a","8",",a","1",",a","","","","","","","","","","","","","19510117",",,a","","","","","33.0",",,a,17,","","","","","","","125.6",",,,a","","","","","",""
"ASN00053027","1951-02","-29.5","149.9","207.3","MOREE POST OFFICE, AS","","","","","4",",a","3",",a","0",",a","","","","","","","","","","","","","19510224",",,a","","","","","10.4",",,a,24,","","","","","","","24.6",",,,a","","","","","",""
"ASN00053027","1951-03","-29.5","149.9","207.3","MOREE POST OFFICE, AS","","","","","4",",a","3",",a","1",",a","","","","","","","","","","","","","19510309",",,a","","","","","37.1",",,a,09,","","","","","","","64.8",",,,a","","","","","",""
"ASN00053027","1951-04","-29.5","149.9","207.3","MOREE POST OFFICE, AS","","","","","2",",a","0",",a","0",",a","","","","","","","","","","","","","19510418",",,a","","","","","2.3",",,a,18,","","","","","","","2.8",",,,a","","","","","",""
"ASN00053027","1951-05","-29.5","149.9","207.3","MOREE POST OFFICE, AS","","","","","4",",a","2",",a","0",",a","","","","","","","","","","","","","19510524",",,a","","","","","6.6",",,a,24,","","","","","","","15.0",",,,a","","","","","",""
"ASN00053027","1951-06","-29.5","149.9","207.3","MOREE POST OFFICE, AS","","","","","8",",a","7",",a","0",",a","","","","","","","","","","","","","19510607",",,a","","","","","13.7",",,a,07,","","","","","","","52.8",",,,a","","","","","",""
"ASN00053027","1951-07","-29.5","149.9","207.3","MOREE POST OFFICE, AS","","","","","1",",a","0",",a","0",",a","","","","","","","","","","","","","19510709",",,a","","","","","0.5",",,a,09,","","","","","","","0.5",",,,a","","","","","",""
"ASN00053027","1951-08","-29.5","149.9","207.3","MOREE POST OFFICE, AS","","","","","4",",a","3",",a","0",",a","","","","","","","","","","","","","19510819",",,a","","","","","18.5",",,a,19,","","","","","","","26.7",",,,a","","","","","",""
"ASN00053027","1951-09","-29.5","149.9","207.3","MOREE POST OFFICE, AS","","","","","4",",a","2",",a","1",",a","","","","","","","","","","","","","19510924",",,a","","","","","25.4",",,a,24,","","","","","","","30.7",",,,a","","","","","",""
"ASN00053027","1951-10","-29.5","149.9","207.3","MOREE POST OFFICE, AS","","","","","4",",a","4",",a","0",",a","","","","","","","","","","","","","19511014",",,a","","","","","8.9",",,a,14,","","","","","","","16.9",",,,a","","","","","",""
"ASN00053027","1951-11","-29.5","149.9","207.3","MOREE POST OFFICE, AS","","","","","1",",a","1",",a","0",",a","","","","","","","","","","","","","19511127",",,a","","","","","8.4",",,a,27,","","","","","","","8.4",",,,a","","","","","",""
"ASN00053027","1951-12","-29.5","149.9","207.3","MOREE POST OFFICE, AS","","","","","2",",a","2",",a","0",",a","","","","","","","","","","","","","19511210",",,a","","","","","9.9",",,a,10,","","","","","","","17.8",",,,a","","","","","",""
"ASN00053027","1952-01","-29.5","149.9","207.3","MOREE POST OFFICE, AS","","","","","1","2,a","1","2,a","0","2,a","","","","","","","","","","","","","19520128",",2,a","","","","","4.3","2,,a,28,","","","","","","","11.9",",a,,a","","","","","",""
"ASN00053027","1952-02","-29.5","149.9","207.3","MOREE POST OFFICE, AS","","","","","6",",a","4",",a","0",",a","","","","","","","","","","","","","19520219",",,a","","","","","19.8",",,a,19,","","","","","","","58.3",",,,a","","","","","",""
"ASN00053027","1952-03","-29.5","149.9","207.3","MOREE POST OFFICE, AS","","","","","3","2,a","2","2,a","0","2,a","","","","","","","","","","","","","19520322",",2,a","","","","","13.5","2,,a,22,","","","","","","","34.1",",a,,a","","","","","",""
"ASN00053027","1952-04","-29.5","149.9","207.3","MOREE POST OFFICE, AS","","","","","3","2,a","3","2,a","0","2,a","","","","","","","","","","","","","19520409",",2,a","","","","","21.6","2,,a,09,","","","","","","","54.1",",a,,a","","","","","",""
"ASN00053027","1952-05","-29.5","149.9","207.3","MOREE POST OFFICE, AS","","","","","5",",a","4",",a","1",",a","","","","","","","","","","","","","19520524",",,a","","","","","26.9",",,a,24,","","","","","","","46.4",",,,a","","","","","",""
"ASN00053027","1952-06","-29.5","149.9","207.3","MOREE POST OFFICE, AS","","","","","3",",a","2",",a","0",",a","","","","","","","","","","","","","19520616",",,a","","","","","12.2",",,a,16,","","","","","","","24.7",",,,a","","","","","",""
"ASN00053027","1952-07","-29.5","149.9","207.3","MOREE POST OFFICE, AS","","","","","3","2,a","2","2,a","0","2,a","","","","","","","","","","","","","19520717",",2,a","","","","","21.8","2,,a,17,","","","","","","","48.8",",a,,a","","","","","",""
"ASN00053027","1952-08","-29.5","149.9","207.3","MOREE POST OFFICE, AS","","","","","10",",a","5",",a","0",",a","","","","","","","","","","","","","19520813",",,a","","","","","16.0",",,a,13,","","","","","","","48.0",",,,a","","","","","",""
"ASN00053027","1952-09","-29.5","149.9","207.3","MOREE POST OFFICE, AS","","","","","2",",a","1",",a","0",",a","","","","","","","","","","","","","19520917",",,a","","","","","2.8",",,a,17,","","","","","","","3.8",",,,a","","","","","",""
"ASN00053027","1952-10","-29.5","149.9","207.3","MOREE POST OFFICE, AS","","","","","4","4,a","3","4,a","2","4,a","","","","","","","","","","","","","19521025",",4,a","","","","","45.7","4,,a,25,","","","","","","","114.5",",a,,a","","","","","",""
"ASN00053027","1952-11","-29.5","149.9","207.3","MOREE POST OFFICE, AS","","","","","2",",a","1",",a","0",",a","","","","","","","","","","","","","19521127",",,a","","","","","9.4",",,a,27,","","","","","","","11.4",",,,a","","","","","",""
"ASN00053027","1952-12","-29.5","149.9","207.3","MOREE POST OFFICE, AS","","","","","2",",a","2",",a","0",",a","","","","","","","","","","","","","19521227",",,a","","","","","10.2",",,a,27,","","","","","","","17.6",",,,a","","","","","",""
"ASN00053027","1953-01","-29.5","149.9","207.3","MOREE POST OFFICE, AS","","","","","5",",a","2",",a","0",",a","","","","","","","","","","","","","19530106",",,a","","","","","7.6",",,a,06,","","","","","","","16.6",",,,a","","","","","",""
"ASN00053027","1953-02","-29.5","149.9","207.3","MOREE POST OFFICE, AS","","","","","7","4,a","6","4,a","1","4,a","","","","","","","","","","","","","19530217",",4,a","","","","","32.0","4,,a,17,","","","","","","","172.1",",a,,a","","","","","",""
"ASN00053027","1953-03","-29.5","149.9","207.3","MOREE POST OFFICE, AS","","","","","4",",a","3",",a","0",",a","","","","","","","","","","","","","19530324",",,a","","","","","10.9",",,a,24,","","","","","","","26.7",",,,a","","","","","",""
"ASN00053027","1953-04","-29.5","149.9","207.3","MOREE POST OFFICE, AS","","","","","4",",a","3",",a","0",",a","","","","","","","","","","","","","19530413",",,a","","","","","10.7",",,a,13,","","","","","","","23.6",",,,a","","","","","",""
"ASN00053027","1953-05","-29.5","149.9","207.3","MOREE POST OFFICE, AS","","","","","3",",a","3",",a","2",",a","","","","","","","","","","","","","19530501",",,a","","","","","38.9",",,a,01,","","","","","","","79.5",",,,a","","","","","",""
"ASN00053027","1953-06","-29.5","149.9","207.3","MOREE POST OFFICE, AS","","","","","0",",a","0",",a","0",",a","","","","","","","","","","","","","19530630","+,,a","","","","","0.0",",,a,30,+","","","","","","","0.0",",,,a","","","","","",""
"ASN00053027","1953-07","-29.5","149.9","207.3","MOREE POST OFFICE, AS","","","","","2",",a","2",",a","0",",a","","","","","","","","","","","","","19530710",",,a","","","","","7.6",",,a,10,","","","","","","","14.0",",,,a","","","","","",""
"ASN00053027","1953-08","-29.5","149.9","207.3","MOREE POST OFFICE, AS","","","","","8",",a","5",",a","2",",a","","","","","","","","","","","","","19530829",",,a","","","","","36.6",",,a,29,","","","","","","","78.0",",,,a","","","","","",""
"ASN00053027","1953-09","-29.5","149.9","207.3","MOREE POST OFFICE, AS","","","","","2",",a","2",",a","0",",a","","","","","","","","","","","","","19530930",",,a","","","","","3.0",",,a,30,","","","","","","","5.8",",,,a","","","","","",""
"ASN00053027","1953-10","-29.5","149.9","207.3","MOREE POST OFFICE, AS","","","","","7",",a","6",",a","1",",a","","","","","","","","","","","","","19531016",",,a","","","","","57.2",",,a,16,","","","","","","","80.0",",,,a","","","","","",""
"ASN00053027","1953-11","-29.5","149.9","207.3","MOREE POST OFFICE, AS","","","","","4",",a","2",",a","1",",a","","","","","","","","","","","","","19531127",",,a","","","","","32.3",",,a,27,","","","","","","","39.6",",,,a","","","","","",""
"ASN00053027","1953-12","-29.5","149.9","207.3","MOREE POST OFFICE, AS","","","","","1",",a","1",",a","0",",a","","","","","","","","","","","","","19531228",",,a","","","","","4.3",",,a,28,","","","","","","","4.3",",,,a","","","","","",""
"ASN00053027","1954-01","-29.5","149.9","207.3","MOREE POST OFFICE, AS","","","","","7",",a","4",",a","0",",a","","","","","","","","","","","","","19540103",",,a","","","","","14.5",",,a,03,","","","","","","","33.1",",,,a","","","","","",""
"ASN00053027","1954-02","-29.5","149.9","207.3","MOREE POST OFFICE, AS","","","","","7","2,a","7","2,a","1","2,a","","","","","","","","","","","","","19540213",",2,a","","","","","39.9","2,,a,13,","","","","","","","187.8",",a,,a","","","","","",""
"ASN00053027","1954-03","-29.5","149.9","207.3","MOREE POST OFFICE, AS","","","","","0",",a","0",",a","0",",a","","","","","","","","","","","","","19540331","+,,a","","","","","0.0",",,a,31,+","","","","","","","0.0",",,,a","","","","","",""
"ASN00053027","1954-04","-29.5","149.9","207.3","MOREE POST OFFICE, AS","","","","","0",",a","0",",a","0",",a","","","","","","","","","","","","","19540430","+,,a","","","","","0.0",",,a,30,+","","","","","","","0.0",",,,a","","","","","",""
"ASN00053027","1954-05","-29.5","149.9","207.3","MOREE POST OFFICE, AS","","","","","1",",a","1",",a","0",",a","","","","","","","","","","","","","19540508",",,a","","","","","9.7",",,a,08,","","","","","","","9.7",",,,a","","","","","",""
"ASN00053027","1954-06","-29.5","149.9","207.3","MOREE POST OFFICE, AS","","","","","3",",a","3",",a","0",",a","","","","","","","","","","","","","19540605",",,a","","","","","17.3",",,a,05,","","","","","","","36.3",",,,a","","","","","",""
"ASN00053027","1954-07","-29.5","149.9","207.3","MOREE POST OFFICE, AS","","","","","","","","","","","","","","","","","","","","","","","","","","","","","","","","","","","","","55.1",",a,,a","","","","","",""
"ASN00053027","1954-08","-29.5","149.9","207.3","MOREE POST OFFICE, AS","","","","","3",",a","3",",a","0",",a","","","","","","","","","","","","","19540813",",,a","","","","","13.5",",,a,13,","","","","","","","21.8",",,,a","","","","","",""
"ASN00053027","1954-09","-29.5","149.9","207.3","MOREE POST OFFICE, AS","","","","","5",",a","2",",a","0",",a","","","","","","","","","","","","","19540903",",,a","","","","","6.4",",,a,03,","","","","","","","14.0",",,,a","","","","","",""
"ASN00053027","1954-10","-29.5","149.9","207.3","MOREE POST OFFICE, AS","","","","","6","2,a","5","2,a","2","2,a","","","","","","","","","","","","","19541016",",2,a","","","","","106.7","2,,a,16,","","","","","","","195.6",",a,,a","","","","","",""
"ASN00053027","1954-11","-29.5","149.9","207.3","MOREE POST OFFICE, AS","","","","","7",",a","5",",a","2",",a","","","","","","","","","","","","","19541104",",,a","","","","","77.0",",,a,04,","","","","","","","128.8",",,,a","","","","","",""
"ASN00053027","1954-12","-29.5","149.9","207.3","MOREE POST OFFICE, AS","","","","","0","2,a","0","2,a","0","2,a","","","","","","","","","","","","","19541231","+,2,a","","","","","0.0","2,,a,31,+","","","","","","","26.7",",a,,a","","","","","",""
"ASN00053027","1955-01","-29.5","149.9","207.3","MOREE POST OFFICE, AS","","","","","8",",a","8",",a","3",",a","","","","","","","","","","","","","19550124",",,a","","","","","57.4",",,a,24,","","","","","","","181.3",",,,a","","","","","",""
"ASN00053027","1955-02","-29.5","149.9","207.3","MOREE POST OFFICE, AS","","","","","6",",a","6",",a","2",",a","","","","","","","","","","","","","19550225",",,a","","","","","74.9",",,a,25,","","","","","","","148.1",",,,a","","","","","",""
"ASN00053027","1955-03","-29.5","149.9","207.3","MOREE POST OFFICE, AS","","","","","1",",a","0",",a","0",",a","","","","","","","","","","","","","19550319",",,a","","","","","1.3",",,a,19,","","","","","","","1.3",",,,a","","","","","",""
"ASN00053027","1955-04","-29.5","149.9","207.3","MOREE POST OFFICE, AS","","","","","2",",a","2",",a","1",",a","","","","","","","","","","","","","19550430",",,a","","","","","59.2",",,a,30,","","","","","","","67.8",",,,a","","","","","",""
"ASN00053027","1955-05","-29.5","149.9","207.3","MOREE POST OFFICE, AS","","","","","4",",a","3",",a","1",",a","","","","","","","","","","","","","19550526",",,a","","","","","34.5",",,a,26,","","","","","","","42.5",",,,a","","","","","",""
"ASN00053027","1955-06","-29.5","149.9","207.3","MOREE POST OFFICE, AS","","","","","6",",a","4",",a","1",",a","","","","","","","","","","","","","19550623",",,a","","","","","25.4",",,a,23,","","","","","","","41.2",",,,a","","","","","",""
"ASN00053027","1955-07","-29.5","149.9","207.3","MOREE POST OFFICE, AS","","","","","3",",a","3",",a","1",",a","","","","","","","","","","","","","19550714",",,a","","","","","36.3",",,a,14,","","","","","","","56.3",",,,a","","","","","",""
"ASN00053027","1955-08","-29.5","149.9","207.3","MOREE POST OFFICE, AS","","","","","6",",a","3",",a","0",",a","","","","","","","","","","","","","19550821",",,a","","","","","19.1",",,a,21,","","","","","","","33.1",",,,a","","","","","",""
"ASN00053027","1955-09","-29.5","149.9","207.3","MOREE POST OFFICE, AS","","","","","4",",a","2",",a","0",",a","","","","","","","","","","","","","19550928",",,a","","","","","7.1",",,a,28,","","","","","","","16.0",",,,a","","","","","",""
"ASN00053027","1955-10","-29.5","149.9","207.3","MOREE POST OFFICE, AS","","","","","12",",a","9",",a","1",",a","","","","","","","","","","","","","19551022",",,a","","","","","30.5",",,a,22,","","","","","","","97.7",",,,a","","","","","",""
"ASN00053027","1955-11","-29.5","149.9","207.3","MOREE POST OFFICE, AS","","","","","5",",a","4",",a","0",",a","","","","","","","","","","","","","19551127",",,a","","","","","11.4",",,a,27,","","","","","","","33.7",",,,a","","","","","",""
"ASN00053027","1955-12","-29.5","149.9","207.3","MOREE POST OFFICE, AS","","","","","8",",a","5",",a","0",",a","","","","","","","","","","","","","19551219",",,a","","","","","13.2",",,a,19,","","","","","","","40.2",",,,a","","","","","",""
"ASN00053027","1956-01","-29.5","149.9","207.3","MOREE POST OFFICE, AS","","","","","5",",a","3",",a","1",",a","","","","","","","","","","","","","19560121",",,a","","","","","51.3",",,a,21,","","","","","","","69.8",",,,a","","","","","",""
"ASN00053027","1956-02","-29.5","149.9","207.3","MOREE POST OFFICE, AS","","","","","11",",a","10",",a","3",",a","","","","","","","","","","","","","19560210",",,a","","","","","110.5",",,a,10,","","","","","","","250.0",",,,a","","","","","",""
"ASN00053027","1956-03","-29.5","149.9","207.3","MOREE POST OFFICE, AS","","","","","10",",a","6",",a","1",",a","","","","","","","","","","","","","19560310",",,a","","","","","50.0",",,a,10,","","","","","","","118.3",",,,a","","","","","",""
"ASN00053027","1956-04","-29.5","149.9","207.3","MOREE POST OFFICE, AS","","","","","4",",a","3",",a","0",",a","","","","","","","","","","","","","19560426",",,a","","","","","15.7",",,a,26,","","","","","","","32.5",",,,a","","","","","",""
"ASN00053027","1956-05","-29.5","149.9","207.3","MOREE POST OFFICE, AS","","","","","8",",a","7",",a","1",",a","","","","","","","","","","","","","19560501",",,a","","","","","30.5",",,a,01,","","","","","","","88.4",",,,a","","","","","",""
"ASN00053027","1956-06","-29.5","149.9","207.3","MOREE POST OFFICE, AS","","","","","10",",a","6",",a","1",",a","","","","","","","","","","","","","19560625",",,a","","","","","32.0",",,a,25,","","","","","","","66.3",",,,a","","","","","",""
"ASN00053027","1956-07","-29.5","149.9","207.3","MOREE POST OFFICE, AS","","","","","7",",a","5",",a","0",",a","","","","","","","","","","","","","19560707",",,a","","","","","17.8",",,a,07,","","","","","","","38.2",",,,a","","","","","",""
"ASN00053027","1956-08","-29.5","149.9","207.3","MOREE POST OFFICE, AS","","","","","1",",a","1",",a","0",",a","","","","","","","","","","","","","19560819",",,a","","","","","3.6",",,a,19,","","","","","","","3.6",",,,a","","","","","",""
"ASN00053027","1956-09","-29.5","149.9","207.3","MOREE POST OFFICE, AS","","","","","7",",a","3",",a","0",",a","","","","","","","","","","","","","19560930",",,a","","","","","5.1",",,a,30,","","","","","","","18.3",",,,a","","","","","",""
"ASN00053027","1956-10","-29.5","149.9","207.3","MOREE POST OFFICE, AS","","","","","5",",a","4",",a","0",",a","","","","","","","","","","","","","19561031",",,a","","","","","20.1",",,a,31,","","","","","","","58.4",",,,a","","","","","",""
"ASN00053027","1956-11","-29.5","149.9","207.3","MOREE POST OFFICE, AS","","","","","6",",a","3",",a","0",",a","","","","","","","","","","","","","19561111",",,a","","","","","10.2",",,a,11,","","","","","","","25.2",",,,a","","","","","",""
"ASN00053027","1956-12","-29.5","149.9","207.3","MOREE POST OFFICE, AS","","","","","4",",a","4",",a","0",",a","","","","","","","","","","","","","19561204",",,a","","","","","21.6",",,a,04,","","","","","","","51.8",",,,a","","","","","",""
"ASN00053027","1957-01","-29.5","149.9","207.3","MOREE POST OFFICE, AS","","","314.1",",a","4",",a","4",",a","1",",a","0",",a","0",",a","0",",a","31",",a","30",",a","19570128",",,a","19570105",",,a","19570116",",,a","12.8",",a,28,","30.5",",,a,05,","43.3",",a,16,","0.0","a","0.0",",a","44.0",",,,a","28.46",",a","37.80",",,,a","19.13",",,,a"
"ASN00053027","1957-02","-29.5","149.9","207.3","MOREE POST OFFICE, AS","","","228.0",",a","7",",a","4",",a","0",",a","0",",a","0",",a","0",",a","28",",a","21",",a","19570228",",,a","19570205",",,a","19570203",",,a","14.4",",a,28,","15.2",",,a,05,","39.4",",a,03,","0.0","a","0.0",",a","39.6",",,,a","26.48",",a","33.94",",,,a","19.01",",,,a"
"ASN00053027","1957-03","-29.5","149.9","207.3","MOREE POST OFFICE, AS","","","165.6",",a","5",",a","4",",a","1",",a","0",",a","0",",a","0",",a","30",",a","21",",a","19570317",",,a","19570305",",,a","19570323",",,a","8.3",",a,17,","25.4",",,a,05,","37.2",",a,23,","0.3","a","0.3",",a","58.7",",,,a","23.67",",a","32.13",",,,a","15.20",",,,a"
"ASN00053027","1957-04","-29.5","149.9","207.3","MOREE POST OFFICE, AS","","","98.9","4,a","4",",a","4",",a","0",",a","0","3,a","0","3,a","0","3,a","26","3,a","11","3,a","19570430",",3,a","19570418",",,a","19570411","+,3,a","5.0","3,a,30,","13.2",",,a,18,","33.9","3,a,11,+","3.3","a","3.0","3,a","33.8",",,,a","21.97","4,a","29.86","3,,,a","14.09","3,,,a"
"ASN00053027","1957-05","-29.5","149.9","207.3","MOREE POST OFFICE, AS","","","0.5",",a","0",",a","0",",a","0",",a","0",",a","3",",a","0",",a","25",",a","0",",a","19570524",",,a","19570531","+,,a","19570514","+,,a","-2.2",",a,24,","0.0",",,a,31,+","29.4",",a,14,+","117.1","a","113.8",",a","0.0",",,,a","14.68",",a","24.36",",,,a","4.99",",,,a"
"ASN00053027","1957-06","-29.5","149.9","207.3","MOREE POST OFFICE, AS","","","0.0",",a","4",",a","3",",a","0",",a","0",",a","1",",a","0",",a","26",",a","0",",a","19570610",",,a","19570630",",,a","19570604","+,,a","0.0",",a,10,","20.3",",,a,30,","27.2",",a,04,+","223.4","a","106.3",",a","47.0",",,,a","14.79",",a","23.08",",,,a","6.50",",,,a"
"ASN00053027","1957-07","-29.5","149.9","207.3","MOREE POST OFFICE, AS","0.0","a","0.0",",a","1",",a","0",",a","0",",a","0",",a","9",",a","0",",a","4",",a","0",",a","19570722","+,,a","19570710",",,a","19570726",",,a","-2.8",",a,22,+","1.0",",,a,10,","22.8",",a,26,","485.6","a","262.2",",a","1.0",",,,a","9.88",",a","17.45",",,,a","2.30",",,,a"
"ASN00053027","1957-08","-29.5","149.9","207.3","MOREE POST OFFICE, AS","0.6","a","0.6",",a","5",",a","3",",a","0",",a","0",",a","4",",a","0",",a","22",",a","0",",a","19570812",",,a","19570822",",,a","19570821",",,a","-1.7",",a,12,","5.6",",,a,22,","28.3",",a,21,","634.3","a","148.7",",a","14.0",",,,a","13.55",",a","22.19",",,,a","4.92",",,,a"
"ASN00053027","1957-09","-29.5","149.9","207.3","MOREE POST OFFICE, AS","10.0","a","9.4",",a","0",",a","0",",a","0",",a","0",",a","1",",a","0",",a","29",",a","3",",a","19570917",",,a","19570930","+,,a","19570926","+,,a","-0.6",",a,17,","0.0",",,a,30,+","32.2",",a,26,+","719.3","a","85.0",",a","0.0",",,,a","15.81",",a","26.05",",,,a","5.58",",,,a"
"ASN00053027","1957-10","-29.5","149.9","207.3","MOREE POST OFFICE, AS","117.7","a","107.7",",a","1",",a","1",",a","0",",a","0",",a","0",",a","0",",a","31",",a","12",",a","19571003",",,a","19571030",",,a","19571022",",,a","0.6",",a,03,","17.8",",,a,30,","37.2",",a,22,","740.1","a","20.8",",a","17.8",",,,a","21.13",",a","30.93",",,,a","11.34",",,,a"
"ASN00053027","1957-11","-29.5","149.9","207.3","MOREE POST OFFICE, AS","316.6","a","198.9",",a","1",",a","1",",a","0",",a","0",",a","0",",a","0",",a","30",",a","24",",a","19571111",",,a","19571118",",,a","19571124",",,a","8.3",",a,11,","5.6",",,a,18,","42.2",",a,24,","740.1","a","0.0",",a","5.6",",,,a","24.96",",a","34.93",",,,a","15.00",",,,a"
"ASN00053027","1957-12","-29.5","149.9","207.3","MOREE POST OFFICE, AS","659.9","a","343.3",",a","6",",a","5",",a","0",",a","0",",a","0",",a","0",",a","31",",a","29",",a","19571204",",,a","19571220",",,a","19571201",",,a","13.3",",a,04,","22.9",",,a,20,","43.9",",a,01,","740.1","a","0.0",",a","51.1",",,,a","29.41",",a","37.73",",,,a","21.09",",,,a"
"ASN00053027","1958-01","-29.5","149.9","207.3","MOREE POST OFFICE, AS","967.8","a","307.9",",a","8",",a","4",",a","0",",a","0",",a","0",",a","0",",a","31",",a","29",",a","19580122","+,,a","19580129",",,a","19580115",",,a","15.6",",a,22,+","19.8",",,a,29,","42.2",",a,15,","0.0","a","0.0",",a","49.4",",,,a","28.27",",a","36.45",",,,a","20.08",",,,a"
"ASN00053027","1958-02","-29.5","149.9","207.3","MOREE POST OFFICE, AS","1223.2","a","255.4",",a","4",",a","1",",a","0",",a","0",",a","0",",a","0",",a","28",",a","26",",a","19580221",",,a","19580201",",,a","19580228","+,,a","13.3",",a,21,","5.6",",,a,01,","39.4",",a,28,+","0.0","a","0.0",",a","7.9",",,,a","27.45",",a","35.16",",,,a","19.75",",,,a"
"ASN00053027","1958-03","-29.5","149.9","207.3","MOREE POST OFFICE, AS","1440.7","a","217.5",",a","9",",a","5",",a","1",",a","0",",a","0",",a","0",",a","31",",a","18",",a","19580325",",,a","19580311",",,a","19580301",",,a","11.7",",a,25,","72.1",",,a,11,","40.0",",a,01,","0.0","a","0.0",",a","127.7",",,,a","25.35",",a","32.22",",,,a","18.47",",,,a"
"ASN00053027","1958-04","-29.5","149.9","207.3","MOREE POST OFFICE, AS","1531.3","a","90.6",",a","5",",a","2",",a","1",",a","0",",a","0",",a","0",",a","30",",a","1",",a","19580428",",,a","19580403",",,a","19580401",",,a","8.9",",a,28,","30.5",",,a,03,","32.8",",a,01,","3.3","a","3.3",",a","44.8",",,,a","21.24",",a","28.35",",,,a","14.13",",,,a"
"ASN00053027","1958-05","-29.5","149.9","207.3","MOREE POST OFFICE, AS","1553.6","a","22.3",",a","3",",a","3",",a","0",",a","0",",a","0",",a","0",",a","27",",a","0",",a","19580528",",,a","19580514",",,a","19580520","+,,a","2.8",",a,28,","21.8",",,a,14,","30.0",",a,20,+","55.5","a","52.2",",a","28.9",",,,a","17.37",",a","24.77",",,,a","9.96",",,,a"
"ASN00053027","1958-06","-29.5","149.9","207.3","MOREE POST OFFICE, AS","1560.0","a","6.4",",a","7",",a","4",",a","2",",a","0",",a","1",",a","0",",a","16",",a","0",",a","19580616",",,a","19580610",",,a","19580605","+,,a","-0.6",",a,16,","47.2",",,a,10,","27.2",",a,05,+","195.9","a","140.4",",a","95.3",",,,a","13.87",",a","20.39",",,,a","7.34",",,,a"
"ASN00053027","1958-07","-29.5","149.9","207.3","MOREE POST OFFICE, AS","0.0","a","0.0",",a","4",",a","1",",a","0",",a","0",",a","11",",a","0",",a","5",",a","0",",a","19580713",",,a","19580701",",,a","19580728",",,a","-3.3",",a,13,","5.8",",,a,01,","27.8",",a,28,","431.8","a","235.9",",a","7.8",",,,a","10.72",",a","18.75",",,,a","2.70",",,,a"
"ASN00053027","1958-08","-29.5","149.9","207.3","MOREE POST OFFICE, AS","0.8","a","0.8",",a","6",",a","3",",a","0",",a","0",",a","4",",a","0",",a","12",",a","0",",a","19580822",",,a","19580805",",,a","19580813","+,,a","-1.1",",a,22,","9.9",",,a,05,","27.2",",a,13,+","592.6","a","160.8",",a","28.0",",,,a","13.17",",a","20.31",",,,a","6.04",",,,a"
"ASN00053027","1958-09","-29.5","149.9","207.3","MOREE POST OFFICE, AS","2.5","a","1.7",",a","8",",a","5",",a","0",",a","0",",a","0",",a","0",",a","18",",a","0",",a","19580920",",,a","19580927","+,,a","19580910",",,a","0.6",",a,20,","17.3",",,a,27,+","27.2",",a,10,","721.8","a","129.2",",a","59.8",",,,a","14.08",",a","21.59",",,,a","6.58",",,,a"
"ASN00053027","1958-10","-29.5","149.9","207.3","MOREE POST OFFICE, AS","55.2","a","52.7",",a","5",",a","5",",a","1",",a","0",",a","0",",a","0",",a","28",",a","5",",a","19581026",",,a","19581011",",,a","19581029",",,a","3.9",",a,26,","35.6",",,a,11,","39.4",",a,29,","747.6","a","25.8",",a","61.7",",,,a","19.20",",a","27.33",",,,a","11.07",",,,a"
"ASN00053027","1958-11","-29.5","149.9","207.3","MOREE POST OFFICE, AS","231.6","a","176.4",",a","4",",a","3",",a","0",",a","0",",a","0",",a","0",",a","30",",a","14",",a","19581102",",,a","19581109",",,a","19581111","+,,a","4.4",",a,02,","20.3",",,a,09,","38.9",",a,11,+","751.0","a","3.4",",a","32.5",",,,a","24.10",",a","32.29",",,,a","15.91",",,,a"
"ASN00053027","1958-12","-29.5","149.9","207.3","MOREE POST OFFICE, AS","471.5","a","239.9",",a","9",",a","6",",a","1",",a","0",",a","0",",a","0",",a","31",",a","25",",a","19581212",",,a","19581227",",,a","19581206",",,a","11.7",",a,12,","39.4",",,a,27,","38.3",",a,06,","751.0","a","0.0",",a","99.4",",,,a","26.07",",a","34.28",",,,a","17.86",",,,a"
"ASN00053027","1959-01","-29.5","149.9","207.3","MOREE POST OFFICE, AS","668.6","a","197.1",",a","11",",a","8",",a","4",",a","0",",a","0",",a","0",",a","31",",a","12",",a","19590104",",,a","19590128",",,a","19590107",",,a","15.6",",a,04,","47.2",",,a,28,","37.2",",a,07,","0.0","a","0.0",",a","207.3",",,,a","24.69",",a","30.73",",,,a","18.65",",,,a"
"ASN00053027","1959-02","-29.5","149.9","207.3","MOREE POST OFFICE, AS","842.5","a","173.9",",a","7",",a","3",",a","3",",a","0",",a","0",",a","0",",a","28",",a","12",",a","19590219","+,,a","19590218",",,a","19590209",",,a","15.6",",a,19,+","74.4",",,a,18,","37.2",",a,09,","0.0","a","0.0",",a","174.4",",,,a","24.54",",a","30.66",",,,a","18.43",",,,a"
"ASN00053027","1959-03","-29.5","149.9","207.3","MOREE POST OFFICE, AS","1011.0","a","168.5",",a","7",",a","6",",a","1",",a","0",",a","0",",a","0",",a","31",",a","9",",a","19590315",",,a","19590328",",,a","19590307",",,a","12.2",",a,15,","27.2",",,a,28,","35.0",",a,07,","0.0","a","0.0",",a","62.5",",,,a","23.77",",a","30.40",",,,a","17.14",",,,a"
"ASN00053027","1959-04","-29.5","149.9","207.3","MOREE POST OFFICE, AS","1059.0","a","48.0","1,a","5",",a","3",",a","1",",a","0","1,a","0","1,a","0","1,a","28","1,a","0","1,a","19590417","+,1,a","19590403",",,a","19590423",",1,a","7.8","1,a,17,+","110.5",",,a,03,","30.0","1,a,23,","7.5","a","7.5","1,a","121.1",",,,a","19.73","1,a","27.21","1,,,a","12.24","1,,,a"
"ASN00053027","1959-05","-29.5","149.9","207.3","MOREE POST OFFICE, AS","1064.3","a","5.3",",a","4",",a","3",",a","0",",a","0",",a","0",",a","0",",a","24",",a","0",",a","19590530",",,a","19590520",",,a","19590503","+,,a","1.1",",a,30,","11.2",",,a,20,","27.8",",a,03,+","100.4","a","92.9",",a","26.7",",,,a","15.51",",a","23.44",",,,a","7.58",",,,a"
"ASN00053027","1959-06","-29.5","149.9","207.3","MOREE POST OFFICE, AS","1064.3","a","0.0",",a","6",",a","3",",a","0",",a","0",",a","2",",a","0",",a","20",",a","0",",a","19590614","+,,a","19590629",",,a","19590622","+,,a","0.0",",a,14,+","5.6",",,a,29,","25.0",",a,22,+","261.4","a","161.0",",a","15.6",",,,a","12.97",",a","20.74",",,,a","5.19",",,,a"
"ASN00053027","1959-07","-29.5","149.9","207.3","MOREE POST OFFICE, AS","0.0","a","0.0",",a","7",",a","4",",a","2",",a","0",",a","2",",a","0",",a","14",",a","0",",a","19590708",",,a","19590720",",,a","19590703",",,a","-0.6",",a,08,","30.5",",,a,20,","25.0",",a,03,","447.9","a","186.5",",a","82.4",",,,a","12.32",",a","19.44",",,,a","5.20",",,,a"
"ASN00053027","1959-08","-29.5","149.9","207.3","MOREE POST OFFICE, AS","0.0","a","0.0",",a","1",",a","0",",a","0",",a","0",",a","4",",a","0",",a","20",",a","0",",a","19590821","+,,a","19590828",",,a","19590812",",,a","-0.6",",a,21,+","1.5",",,a,28,","28.9",",a,12,","626.5","a","178.6",",a","1.5",",,,a","12.57",",a","21.78",",,,a","3.37",",,,a"
"ASN00053027","1959-09","-29.5","149.9","207.3","MOREE POST OFFICE, AS","7.8","a","7.8",",a","4",",a","4",",a","0",",a","0",",a","0",",a","0",",a","25",",a","0",",a","19590923",",,a","19590920",",,a","19590915",",,a","3.3",",a,23,","8.9",",,a,20,","30.6",",a,15,","691.8","a","65.3",",a","23.2",",,,a","16.42",",a","24.28",",,,a","8.55",",,,a"
"ASN00053027","1959-10","-29.5","149.9","207.3","MOREE POST OFFICE, AS","45.3","a","37.5",",a","8",",a","6",",a","0",",a","0",",a","0",",a","0",",a","27",",a","1",",a","19591001",",,a","19591010",",,a","19591027",",,a","1.1",",a,01,","13.2",",,a,10,","32.2",",a,27,","737.5","a","45.7",",a","50.8",",,,a","18.07",",a","25.75",",,,a","10.39",",,,a"
"ASN00053027","1959-11","-29.5","149.9","207.3","MOREE POST OFFICE, AS","209.5","a","164.2",",a","7",",a","7",",a","2",",a","0",",a","0",",a","0",",a","29",",a","16",",a","19591112","+,,a","19591118",",,a","19591109",",,a","11.7",",a,12,+","69.9",",,a,18,","36.7",",a,09,","739.7","a","2.2",",a","170.1",",,,a","23.73",",a","31.36",",,,a","16.10",",,,a"
"ASN00053027","1959-12","-29.5","149.9","207.3","MOREE POST OFFICE, AS","384.6","a","175.1",",a","7",",a","3",",a","1",",a","0",",a","0",",a","0",",a","31",",a","16",",a","19591214",",,a","19591208",",,a","19591216",",,a","10.6",",a,14,","55.1",",,a,08,","35.0",",a,16,","739.7","a","0.0",",a","98.1",",,,a","23.98",",a","31.83",",,,a","16.14",",,,a"
"ASN00053027","1960-01","-29.5","149.9","207.3","MOREE POST OFFICE, AS","643.4","a","258.8",",a","6",",a","3",",a","0",",a","0",",a","0",",a","0",",a","31",",a","26",",a","19600107",",,a","19600120",",,a","19600104",",,a","15.0",",a,07,","17.8",",,a,20,","40.6",",a,04,","0.0","a","0.0",",a","47.0",",,,a","26.68",",a","34.34",",,,a","19.03",",,,a"
"ASN00053027","1960-02","-29.5","149.9","207.3","MOREE POST OFFICE, AS","892.6","a","249.2",",a","5",",a","3",",a","1",",a","0",",a","0",",a","0",",a","29",",a","18",",a","19600229",",,a","19600213",",,a","19600212",",,a","13.9",",a,29,","32.8",",,a,13,","41.1",",a,12,","0.0","a","0.0",",a","70.4",",,,a","26.93",",a","34.25",",,,a","19.60",",,,a"
"ASN00053027","1960-03","-29.5","149.9","207.3","MOREE POST OFFICE, AS","1047.6","a","155.0",",a","2",",a","2",",a","0",",a","0",",a","0",",a","0",",a","31",",a","12",",a","19600323",",,a","19600315",",,a","19600311",",,a","10.0",",a,23,","17.3",",,a,15,","35.6",",a,11,","0.0","a","0.0",",a","19.8",",,,a","23.33",",a","31.38",",,,a","15.28",",,,a"
"ASN00053027","1960-04","-29.5","149.9","207.3","MOREE POST OFFICE, AS","1134.9","a","87.3",",a","5",",a","3",",a","0",",a","0",",a","0",",a","0",",a","27",",a","7",",a","19600425",",,a","19600422","+,,a","19600405",",,a","2.8",",a,25,","17.8",",,a,22,+","35.6",",a,05,","31.7","a","31.7",",a","43.2",",,,a","20.19",",a","28.38",",,,a","11.99",",,,a"
"ASN00053027","1960-05","-29.5","149.9","207.3","MOREE POST OFFICE, AS","1134.9","a","0.0",",a","5",",a","4",",a","1",",a","0",",a","2",",a","0",",a","15",",a","0",",a","19600510",",,a","19600501",",,a","19600526",",,a","-1.1",",a,10,","26.7",",,a,01,","26.1",",a,26,","192.2","a","160.5",",a","42.5",",,,a","13.16",",a","20.31",",,,a","6.00",",,,a"
"ASN00053027","1960-06","-29.5","149.9","207.3","MOREE POST OFFICE, AS","1134.9","a","0.0",",a","2",",a","2",",a","0",",a","0",",a","10",",a","0",",a","9",",a","0",",a","19600613",",,a","19600622",",,a","19600614",",,a","-3.3",",a,13,","10.2",",,a,22,","22.8",",a,14,","436.7","a","244.5",",a","19.6",",,,a","10.18",",a","18.66",",,,a","1.71",",,,a"
"ASN00053027","1960-07","-29.5","149.9","207.3","MOREE POST OFFICE, AS","0.9","a","0.9",",a","10",",a","7",",a","0",",a","0",",a","6",",a","0",",a","8",",a","0",",a","19600706",",,a","19600703",",,a","19600731",",,a","-3.3",",a,06,","16.5",",,a,03,","26.1",",a,31,","651.0","a","214.3",",a","71.2",",,,a","11.45",",a","17.66",",,,a","5.24",",,,a"
"ASN00053027","1960-08","-29.5","149.9","207.3","MOREE POST OFFICE, AS","0.9","a","0.0",",a","2",",a","1",",a","1",",a","0",",a","10",",a","0",",a","11",",a","0",",a","19600813",",,a","19600802",",,a","19600828",",,a","-2.2",",a,13,","46.7",",,a,02,","25.6",",a,28,","871.8","a","220.8",",a","49.0",",,,a","11.21",",a","19.22",",,,a","3.20",",,,a"
"ASN00053027","1960-09","-29.5","149.9","207.3","MOREE POST OFFICE, AS","2.0","a","1.1",",a","5",",a","3",",a","0",",a","0",",a","0",",a","0",",a","22",",a","0",",a","19600906",",,a","19600924",",,a","19600930",",,a","0.6",",a,06,","23.9",",,a,24,","30.6",",a,30,","972.3","a","100.5",",a","31.5",",,,a","15.02",",a","23.11",",,,a","6.93",",,,a"
"ASN00053027","1960-10","-29.5","149.9","207.3","MOREE POST OFFICE, AS","64.7","a","62.7",",a","5",",a","4",",a","0",",a","0",",a","0",",a","0",",a","29",",a","7",",a","19601006",",,a","19601022",",,a","19601010",",,a","2.2",",a,06,","19.3",",,a,22,","34.4",",a,10,","992.1","a","19.8",",a","54.3",",,,a","19.72",",a","28.24",",,,a","11.20",",,,a"
"ASN00053027","1960-11","-29.5","149.9","207.3","MOREE POST OFFICE, AS","173.4","a","108.7",",a","4",",a","4",",a","0",",a","0",",a","0",",a","0",",a","30",",a","7",",a","19601107",",,a","19601122",",,a","19601130",",,a","5.0",",a,07,","13.0",",,a,22,","38.9",",a,30,","1001.3","a","9.2",",a","30.2",",,,a","21.65",",a","29.96",",,,a","13.34",",,,a"
"ASN00053027","1960-12","-29.5","149.9","207.3","MOREE POST OFFICE, AS","360.7","a","187.3",",a","7",",a","4",",a","1",",a","0",",a","0",",a","0",",a","30",",a","20",",a","19601217","+,,a","19601225",",,a","19601225","+,,a","11.1",",a,17,+","38.4",",,a,25,","36.7",",a,25,+","1004.6","a","3.3",",a","67.3",",,,a","24.27",",a","31.99",",,,a","16.54",",,,a"
"ASN00053027","1961-01","-29.5","149.9","207.3","MOREE POST OFFICE, AS","587.1","a","226.4",",a","7",",a","5",",a","0",",a","0",",a","0",",a","0",",a","31",",a","25",",a","19610123",",,a","19610103",",,a","19610130",",,a","11.1",",a,23,","24.4",",,a,03,","40.6",",a,30,","0.0","a","0.0",",a","44.7",",,,a","25.64",",a","33.76",",,,a","17.51",",,,a"
"ASN00053027","1961-02","-29.5","149.9","207.3","MOREE POST OFFICE, AS","813.2","a","226.1",",a","5",",a","2",",a","1",",a","0",",a","0",",a","0",",a","27",",a","22",",a","19610226","+,,a","19610218",",,a","19610208",",,a","15.0",",a,26,+","61.2",",,a,18,","40.0",",a,08,","0.3","a","0.3",",a","86.3",",,,a","26.40",",a","33.49",",,,a","19.31",",,,a"
"ASN00053027","1961-03","-29.5","149.9","207.3","MOREE POST OFFICE, AS","936.0","a","122.8",",a","4",",a","3",",a","1",",a","0",",a","0",",a","0",",a","31",",a","4",",a","19610304",",,a","19610301",",,a","19610310",",,a","8.9",",a,04,","31.2",",,a,01,","34.4",",a,10,","2.0","a","1.7",",a","70.1",",,,a","22.24",",a","29.83",",,,a","14.65",",,,a"
"ASN00053027","1961-04","-29.5","149.9","207.3","MOREE POST OFFICE, AS","997.3","a","61.3",",a","3",",a","3",",a","0",",a","0",",a","0",",a","0",",a","29",",a","2",",a","19610417",",,a","19610424",",,a","19610402","+,,a","6.1",",a,17,","11.7",",,a,24,","32.8",",a,02,+","15.3","a","13.3",",a","21.8",",,,a","19.93",",a","27.28",",,,a","12.59",",,,a"
"ASN00053027","1961-05","-29.5","149.9","207.3","MOREE POST OFFICE, AS","998.9","a","1.6",",a","2",",a","2",",a","0",",a","0",",a","0",",a","0",",a","25",",a","0",",a","19610516","+,,a","19610529",",,a","19610523","+,,a","1.1",",a,16,+","14.5",",,a,29,","26.7",",a,23,+","139.1","a","123.8",",a","21.4",",,,a","14.39",",a","22.69",",,,a","6.09",",,,a"
"ASN00053027","1961-06","-29.5","149.9","207.3","MOREE POST OFFICE, AS","998.9","a","0.0",",a","2",",a","2",",a","0",",a","0",",a","8",",a","0",",a","11",",a","0",",a","19610625",",,a","19610603",",,a","19610630",",,a","-3.9",",a,25,","10.7",",,a,03,","25.0",",a,30,","342.0","a","202.9",",a","17.6",",,,a","11.57",",a","19.36",",,,a","3.78",",,,a"
"ASN00053027","1961-07","-29.5","149.9","207.3","MOREE POST OFFICE, AS","0.0","a","0.0",",a","3",",a","3",",a","0",",a","0",",a","9",",a","0",",a","5",",a","0",",a","19610717",",,a","19610724",",,a","19610730",",,a","-3.3",",a,17,","21.6",",,a,24,","23.3",",a,30,","597.6","a","255.6",",a","30.5",",,,a","10.09",",a","18.08",",,,a","2.10",",,,a"
"ASN00053027","1961-08","-29.5","149.9","207.3","MOREE POST OFFICE, AS","0.0","a","0.0",",a","4",",a","2",",a","0",",a","0",",a","0",",a","0",",a","13",",a","0",",a","19610831","+,,a","19610810",",,a","19610829",",,a","0.6",",a,31,+","22.9",",,a,10,","22.8",",a,29,","782.0","a","184.4",",a","41.2",",,,a","12.38",",a","19.75",",,,a","5.02",",,,a"
"ASN00053027","1961-09","-29.5","149.9","207.3","MOREE POST OFFICE, AS","9.4","a","9.4",",a","0",",a","0",",a","0",",a","0",",a","0",",a","0",",a","26",",a","1",",a","19610904",",,a","19610930","+,,a","19610930",",,a","0.6",",a,04,","0.0",",,a,30,+","32.2",",a,30,","844.4","a","62.4",",a","0.0",",,,a","16.57",",a","25.36",",,,a","7.77",",,,a"
"ASN00053027","1961-10","-29.5","149.9","207.3","MOREE POST OFFICE, AS","131.1","a","121.7",",a","7",",a","6",",a","0",",a","0",",a","0",",a","0",",a","31",",a","7",",a","19611027",",,a","19611005",",,a","19611014",",,a","6.1",",a,27,","25.1",",,a,05,","37.8",",a,14,","848.6","a","4.2",",a","54.5",",,,a","22.12",",a","29.89",",,,a","14.36",",,,a"
"ASN00053027","1961-11","-29.5","149.9","207.3","MOREE POST OFFICE, AS","301.1","a","170.0",",a","12",",a","12",",a","3",",a","0",",a","0",",a","0",",a","30",",a","12",",a","19611126",",,a","19611123",",,a","19611101",",,a","13.3",",a,26,","33.0",",,a,23,","36.1",",a,01,","848.6","a","0.0",",a","167.7",",,,a","24.00",",a","30.86",",,,a","17.13",",,,a"
"ASN00053027","1961-12","-29.5","149.9","207.3","MOREE POST OFFICE, AS","495.5","a","194.4",",a","5",",a","4",",a","0",",a","0",",a","0",",a","0",",a","31",",a","15",",a","19611210",",,a","19611214",",,a","19611230",",,a","12.8",",a,10,","24.9",",,a,14,","39.4",",a,30,","848.6","a","0.0",",a","65.4",",,,a","24.60",",a","31.76",",,,a","17.44",",,,a"
"ASN00053027","1962-01","-29.5","149.9","207.3","MOREE POST OFFICE, AS","680.4","a","184.9",",a","11",",a","7",",a","0",",a","0",",a","0",",a","0",",a","31",",a","9",",a","19620121",",,a","19620112",",,a","19620126",",,a","14.4",",a,21,","23.1",",,a,12,","33.9",",a,26,","0.0","a","0.0",",a","75.9",",,,a","24.30",",a","30.40",",,,a","18.19",",,,a"
"ASN00053027","1962-02","-29.5","149.9","207.3","MOREE POST OFFICE, AS","881.0","a","200.6",",a","9",",a","8",",a","0",",a","0",",a","0",",a","0",",a","28",",a","23",",a","19620216",",,a","19620211",",,a","19620221",",,a","10.0",",a,16,","14.0",",,a,11,","38.9",",a,21,","0.0","a","0.0",",a","68.9",",,,a","25.50",",a","33.29",",,,a","17.71",",,,a"
"ASN00053027","1962-03","-29.5","149.9","207.3","MOREE POST OFFICE, AS","998.4","a","117.4",",a","14",",a","10",",a","2",",a","0",",a","0",",a","0",",a","31",",a","5",",a","19620327","+,,a","19620308",",,a","19620304","+,,a","13.3",",a,27,+","34.8",",,a,08,","34.4",",a,04,+","0.0","a","0.0",",a","145.2",",,,a","22.12",",a","28.45",",,,a","15.79",",,,a"
"ASN00053027","1962-04","-29.5","149.9","207.3","MOREE POST OFFICE, AS","1023.2","a","24.8",",a","5",",a","2",",a","0",",a","0",",a","0",",a","0",",a","29",",a","0",",a","19620430",",,a","19620405",",,a","19620401",",,a","6.1",",a,30,","18.0",",,a,05,","30.0",",a,01,","17.2","a","17.2",",a","23.8",",,,a","18.59",",a","25.71",",,,a","11.46",",,,a"
"ASN00053027","1962-05","-29.5","149.9","207.3","MOREE POST OFFICE, AS","1023.2","a","0.0",",a","6",",a","3",",a","0",",a","0",",a","1",",a","0",",a","19",",a","0",",a","19620525",",,a","19620528",",,a","19620507","+,,a","-1.1",",a,25,","12.4",",,a,28,","24.4",",a,07,+","177.9","a","160.7",",a","25.3",",,,a","13.15",",a","21.09",",,,a","5.21",",,,a"
"ASN00053027","1962-06","-29.5","149.9","207.3","MOREE POST OFFICE, AS","1023.2","a","0.0",",a","2",",a","1",",a","0",",a","0",",a","2",",a","0",",a","17",",a","0",",a","19620623",",,a","19620602",",,a","19620621",",,a","-2.2",",a,23,","6.9",",,a,02,","24.4",",a,21,","344.1","a","166.2",",a","7.9",",,,a","12.79",",a","21.23",",,,a","4.35",",,,a"
"ASN00053027","1962-07","-29.5","149.9","207.3","MOREE POST OFFICE, AS","0.0","a","0.0",",a","7",",a","3",",a","0",",a","0",",a","6",",a","0",",a","16",",a","0",",a","19620731","+,,a","19620725",",,a","19620723",",,a","-0.6",",a,31,+","10.9",",,a,25,","24.4",",a,23,","526.1","a","182.0",",a","24.1",",,,a","12.46",",a","20.27",",,,a","4.65",",,,a"
"ASN00053027","1962-08","-29.5","149.9","207.3","MOREE POST OFFICE, AS","0.0","a","0.0",",a","7",",a","7",",a","0",",a","0",",a","9",",a","0",",a","11",",a","0",",a","19620824","+,,a","19620814",",,a","19620829",",,a","-2.2",",a,24,+","19.6",",,a,14,","28.9",",a,29,","734.5","a","208.4",",a","70.2",",,,a","11.61",",a","19.41",",,,a","3.81",",,,a"
"ASN00053027","1962-09","-29.5","149.9","207.3","MOREE POST OFFICE, AS","2.2","a","2.2",",a","5",",a","3",",a","0",",a","0",",a","0",",a","0",",a","25",",a","0",",a","19620908",",,a","19620912",",,a","19620905",",,a","1.7",",a,08,","9.7",",,a,12,","27.2",",a,05,","830.3","a","95.8",",a","26.2",",,,a","15.22",",a","23.35",",,,a","7.08",",,,a"
"ASN00053027","1962-10","-29.5","149.9","207.3","MOREE POST OFFICE, AS","54.0","a","51.8",",a","5",",a","2",",a","0",",a","0",",a","0",",a","0",",a","31",",a","0",",a","19621001",",,a","19621020",",,a","19621028",",,a","1.7",",a,01,","21.6",",,a,20,","31.7",",a,28,","861.6","a","31.3",",a","29.8",",,,a","18.99",",a","26.94",",,,a","11.05",",,,a"
"ASN00053027","1962-11","-29.5","149.9","207.3","MOREE POST OFFICE, AS","240.5","a","186.5",",a","4",",a","1",",a","0",",a","0",",a","0",",a","0",",a","30",",a","20",",a","19621103",",,a","19621121",",,a","19621118","+,,a","6.1",",a,03,","10.2",",,a,21,","38.3",",a,18,+","862.7","a","1.1",",a","14.3",",,,a","24.51",",a","33.28",",,,a","15.74",",,,a"
"ASN00053027","1962-12","-29.5","149.9","207.3","MOREE POST OFFICE, AS","407.3","a","166.8",",a","12",",a","10",",a","3",",a","0",",a","0",",a","0",",a","30",",a","10",",a","19621213",",,a","19621205",",,a","19621203",",,a","10.0",",a,13,","33.8",",,a,05,","36.7",",a,03,","862.7","a","0.0",",a","140.4",",,,a","23.71",",a","30.34",",,,a","17.09",",,,a"
"ASN00053027","1963-01","-29.5","149.9","207.3","MOREE POST OFFICE, AS","602.8","a","195.5",",a","12",",a","7",",a","0",",a","0",",a","0",",a","0",",a","31",",a","17",",a","19630119",",,a","19630118",",,a","19630103",",,a","14.4",",a,19,","16.5",",,a,18,","36.1",",a,03,","0.0","a","0.0",",a","68.4",",,,a","24.64",",a","30.93",",,,a","18.35",",,,a"
"ASN00053027","1963-02","-29.5","149.9","207.3","MOREE POST OFFICE, AS","853.4","a","250.6",",a","6",",a","1",",a","0",",a","0",",a","0",",a","0",",a","28",",a","26",",a","19630205",",,a","19630203",",,a","19630222",",,a","11.1",",a,05,","3.0",",,a,03,","39.4",",a,22,","0.0","a","0.0",",a","6.0",",,,a","27.28",",a","35.38",",,,a","19.19",",,,a"
"ASN00053027","1963-03","-29.5","149.9","207.3","MOREE POST OFFICE, AS","1056.3","a","202.9",",a","11",",a","7",",a","1",",a","0",",a","0",",a","0",",a","30",",a","15",",a","19630331",",,a","19630330",",,a","19630306","+,,a","12.8",",a,31,","38.6",",,a,30,","36.7",",a,06,+","2.2","a","2.2",",a","117.1",",,,a","24.80",",a","30.77",",,,a","18.84",",,,a"
"ASN00053027","1963-04","-29.5","149.9","207.3","MOREE POST OFFICE, AS","1112.7","a","56.4",",a","3",",a","3",",a","0",",a","0",",a","0",",a","0",",a","30",",a","0",",a","19630416",",,a","19630430",",,a","19630427","+,,a","8.3",",a,16,","16.5",",,a,30,","29.4",",a,27,+","7.3","a","5.1",",a","27.9",",,,a","20.04",",a","27.46",",,,a","12.63",",,,a"
"ASN00053027","1963-05","-29.5","149.9","207.3","MOREE POST OFFICE, AS","1131.4","a","18.7",",a","8",",a","5",",a","2",",a","0",",a","0",",a","0",",a","18",",a","0",",a","19630526","+,,a","19630519",",,a","19630510","+,,a","2.8",",a,26,+","46.2",",,a,19,","28.3",",a,10,+","89.9","a","82.6",",a","113.2",",,,a","16.27",",a","21.87",",,,a","10.67",",,,a"
"ASN00053027","1963-06","-29.5","149.9","207.3","MOREE POST OFFICE, AS","1131.4","a","0.0",",a","7",",a","3",",a","0",",a","0",",a","3",",a","0",",a","5",",a","0",",a","19630621",",,a","19630608",",,a","19630601",",,a","-1.1",",a,21,","7.4",",,a,08,","23.3",",a,01,","281.0","a","191.1",",a","20.3",",,,a","11.96",",a","18.24",",,,a","5.68",",,,a"
"ASN00053027","1963-07","-29.5","149.9","207.3","MOREE POST OFFICE, AS","0.0","a","0.0",",a","2",",a","1",",a","0",",a","0",",a","8",",a","0",",a","5",",a","0",",a","19630719",",,a","19630729",",,a","19630727",",,a","-2.8",",a,19,","3.6",",,a,29,","22.8",",a,27,","548.3","a","267.3",",a","4.4",",,,a","9.71",",a","17.04",",,,a","2.38",",,,a"
"ASN00053027","1963-08","-29.5","149.9","207.3","MOREE POST OFFICE, AS","0.0","a","0.0",",a","9",",a","7",",a","0",",a","0",",a","3",",a","0",",a","17",",a","0",",a","19630801",",,a","19630829",",,a","19630821",",,a","-1.1",",a,01,","9.7",",,a,29,","26.1",",a,21,","700.9","a","152.6",",a","43.2",",,,a","13.41",",a","21.05",",,,a","5.77",",,,a"
"ASN00053027","1963-09","-29.5","149.9","207.3","MOREE POST OFFICE, AS","5.9","a","5.9",",a","2",",a","2",",a","0",",a","0",",a","0",",a","0",",a","22",",a","0",",a","19630906",",,a","19630928",",,a","19630916",",,a","1.1",",a,06,","22.1",",,a,28,","30.6",",a,16,","790.8","a","89.9",",a","31.0",",,,a","15.53",",a","23.92",",,,a","7.15",",,,a"
"ASN00053027","1963-10","-29.5","149.9","207.3","MOREE POST OFFICE, AS","68.2","a","62.3",",a","5",",a","3",",a","0",",a","0",",a","0",",a","0",",a","30",",a","1",",a","19631015",",,a","19631001",",,a","19631023",",,a","6.7",",a,15,","11.7",",,a,01,","32.2",",a,23,","808.6","a","17.8",",a","23.2",",,,a","19.77",",a","27.50",",,,a","12.04",",,,a"
"ASN00053027","1963-11","-29.5","149.9","207.3","MOREE POST OFFICE, AS","177.9","a","109.7",",a","8",",a","5",",a","1",",a","0",",a","0",",a","0",",a","28",",a","3",",a","19631109",",,a","19631116",",,a","19631123",",,a","8.9",",a,09,","59.7",",,a,16,","35.6",",a,23,","811.4","a","2.8",",a","107.8",",,,a","21.90",",a","28.85",",,,a","14.94",",,,a"
"ASN00053027","1963-12","-29.5","149.9","207.3","MOREE POST OFFICE, AS","360.1","a","182.2",",a","8",",a","8",",a","2",",a","0",",a","0",",a","0",",a","30",",a","11",",a","19631201",",,a","19631208",",,a","19631229","+,,a","12.2",",a,01,","71.9",",,a,08,","37.2",",a,29,+","812.8","a","1.4",",a","184.2",",,,a","24.16",",a","30.78",",,,a","17.55",",,,a"
"ASN00053027","1964-01","-29.5","149.9","207.3","MOREE POST OFFICE, AS","616.6","a","256.5",",a","6",",a","4",",a","2",",a","0",",a","0",",a","0",",a","31",",a","26",",a","19640116",",,a","19640114",",,a","19640108",",,a","11.1",",a,16,","48.3",",,a,14,","43.9",",a,08,","0.0","a","0.0",",a","114.0",",,,a","26.61",",a","34.27",",,,a","18.94",",,,a"
"ASN00053027","1964-02","-29.5","149.9","207.3","MOREE POST OFFICE, AS","817.7","a","201.1",",a","4",",a","1",",a","0",",a","0",",a","0",",a","0",",a","29",",a","22",",a","19640224",",,a","19640219",",,a","19640215",",,a","9.4",",a,24,","15.7",",,a,19,","37.2",",a,15,","0.6","a","0.6",",a","19.5",",,,a","25.25",",a","33.10",",,,a","17.39",",,,a"
"ASN00053027","1964-03","-29.5","149.9","207.3","MOREE POST OFFICE, AS","1017.6","a","199.9",",a","3",",a","3",",a","0",",a","0",",a","0",",a","0",",a","31",",a","19",",a","19640325",",,a","19640307",",,a","19640313","+,,a","10.6",",a,25,","13.0",",,a,07,","36.1",",a,13,+","0.6","a","0.0",",a","28.8",",,,a","24.78",",a","32.38",",,,a","17.18",",,,a"
"ASN00053027","1964-04","-29.5","149.9","207.3","MOREE POST OFFICE, AS","1095.4","a","77.8",",a","6",",a","3",",a","0",",a","0",",a","0",",a","0",",a","30",",a","2",",a","19640429",",,a","19640423",",,a","19640408",",,a","3.9",",a,29,","20.8",",,a,23,","35.0",",a,08,","24.5","a","23.9",",a","36.6",",,,a","20.13",",a","27.08",",,,a","13.18",",,,a"
"ASN00053027","1964-05","-29.5","149.9","207.3","MOREE POST OFFICE, AS","1102.4","a","7.0",",a","6",",a","3",",a","1",",a","0",",a","0",",a","0",",a","26",",a","0",",a","19640529","+,,a","19640531",",,a","19640501",",,a","1.1",",a,29,+","37.6",",,a,31,","29.0",",a,01,","130.8","a","106.3",",a","66.0",",,,a","15.13",",a","22.06",",,,a","8.19",",,,a"
"ASN00053027","1964-06","-29.5","149.9","207.3","MOREE POST OFFICE, AS","1102.4","a","0.0",",a","6",",a","3",",a","0",",a","0",",a","0",",a","0",",a","5",",a","0",",a","19640628",",,a","19640612",",,a","19640630",",,a","0.6",",a,28,","4.6",",,a,12,","25.8",",a,30,","328.0","a","197.2",",a","13.0",",,,a","11.76",",a","18.85",",,,a","4.67",",,,a"
"ASN00053027","1964-07","-29.5","149.9","207.3","MOREE POST OFFICE, AS","0.0","a","0.0",",a","5",",a","4",",a","1",",a","0",",a","6",",a","0",",a","9",",a","0",",a","19640722","+,,a","19640703",",,a","19640701",",,a","-0.6",",a,22,+","28.7",",,a,03,","23.9",",a,01,","550.6","a","222.6",",a","55.6",",,,a","11.15",",a","18.26",",,,a","4.05",",,,a"
"ASN00053027","1964-08","-29.5","149.9","207.3","MOREE POST OFFICE, AS","0.0","a","0.0",",a","2",",a","2",",a","0",",a","0",",a","8",",a","0",",a","13",",a","0",",a","19640810",",,a","19640825",",,a","19640822","+,,a","-2.8",",a,10,","7.6",",,a,25,","24.4",",a,22,+","761.4","a","210.8",",a","15.0",",,,a","11.53",",a","19.89",",,,a","3.17",",,,a"
"ASN00053027","1964-09","-29.5","149.9","207.3","MOREE POST OFFICE, AS","17.2","a","17.2",",a","6",",a","4",",a","0",",a","0",",a","0",",a","0",",a","25",",a","0",",a","19640918",",,a","19640929",",,a","19640922",",,a","3.3",",a,18,","19.1",",,a,29,","30.0",",a,22,","819.4","a","58.0",",a","48.2",",,,a","16.97",",a","24.43",",,,a","9.51",",,,a"
"ASN00053027","1964-10","-29.5","149.9","207.3","MOREE POST OFFICE, AS","33.7","a","16.5",",a","9",",a","7",",a","0",",a","0",",a","0",",a","0",",a","27",",a","0",",a","19641005",",,a","19641017",",,a","19641022",",,a","3.9",",a,05,","22.6",",,a,17,","31.7",",a,22,","866.5","a","47.1",",a","88.4",",,,a","17.35",",a","24.28",",,,a","10.41",",,,a"
"ASN00053027","1964-11","-29.5","149.9","207.3","MOREE POST OFFICE, AS","162.4","a","128.7",",a","5",",a","3",",a","1",",a","0",",a","0",",a","0",",a","30",",a","12",",a","19641101",",,a","19641123",",,a","19641127",",,a","6.1",",a,01,","30.5",",,a,23,","38.9",",a,27,","877.0","a","10.5",",a","51.9",",,,a","22.27",",a","30.12",",,,a","14.42",",,,a"
"ASN00053027","1964-12","-29.5","149.9","207.3","MOREE POST OFFICE, AS","345.0","a","182.6",",a","5",",a","4",",a","0",",a","0",",a","0",",a","0",",a","31",",a","23",",a","19641212",",,a","19641228",",,a","19641227","+,,a","7.8",",a,12,","24.9",",,a,28,","37.2",",a,27,+","880.3","a","3.3",",a","42.2",",,,a","24.12",",a","32.95",",,,a","15.28",",,,a"
"ASN00053027","1965-01","-29.5","149.9","207.3","MOREE POST OFFICE, AS","609.3","a","264.3",",a","6",",a","5",",a","0",",a","0",",a","0",",a","0",",a","31",",a","28",",a","19650113","+,,a","19650125",",,a","19650119",",,a","13.9",",a,13,+","13.5",",,a,25,","40.0",",a,19,","0.0","a","0.0",",a","42.8",",,,a","26.86",",a","35.03",",,,a","18.68",",,,a"
"ASN00053027","1965-02","-29.5","149.9","207.3","MOREE POST OFFICE, AS","872.9","a","263.6",",a","4",",a","0",",a","0",",a","0",",a","0",",a","0",",a","28",",a","28",",a","19650212","+,,a","19650227",",,a","19650223",",,a","15.6",",a,12,+","1.8",",,a,27,","42.8",",a,23,","0.0","a","0.0",",a","3.3",",,,a","27.75",",a","36.19",",,,a","19.30",",,,a"
"ASN00053027","1965-03","-29.5","149.9","207.3","MOREE POST OFFICE, AS","1074.9","a","202.0",",a","1",",a","1",",a","0",",a","0",",a","0",",a","0",",a","31",",a","23",",a","19650328",",,a","19650310",",,a","19650304",",,a","7.8",",a,28,","6.9",",,a,10,","39.6",",a,04,","0.0","a","0.0",",a","6.9",",,,a","24.85",",a","33.61",",,,a","16.09",",,,a"
"ASN00053027","1965-04","-29.5","149.9","207.3","MOREE POST OFFICE, AS","1149.3","a","74.4",",a","3",",a","2",",a","0",",a","0",",a","0",",a","0",",a","30",",a","7",",a","19650423","+,,a","19650413",",,a","19650405",",,a","4.4",",a,23,+","8.6",",,a,13,","33.9",",a,05,","14.8","a","14.8",",a","11.9",",,,a","20.32",",a","28.44",",,,a","12.20",",,,a"
"ASN00053027","1965-05","-29.5","149.9","207.3","MOREE POST OFFICE, AS","1169.5","a","20.2",",a","1",",a","0",",a","0",",a","0",",a","3",",a","0",",a","24",",a","0",",a","19650521",",,a","19650514",",,a","19650513",",,a","-2.2",",a,21,","1.0",",,a,14,","28.3",",a,13,","118.7","a","103.9",",a","1.0",",,,a","15.63",",a","23.87",",,,a","7.40",",,,a"
"ASN00053027","1965-06","-29.5","149.9","207.3","MOREE POST OFFICE, AS","1169.5","a","0.0",",a","5",",a","1",",a","0",",a","0",",a","0",",a","0",",a","15",",a","0",",a","19650602",",,a","19650620",",,a","19650608","+,,a","1.1",",a,02,","3.8",",,a,20,","24.4",",a,08,+","288.4","a","169.7",",a","8.4",",,,a","12.68",",a","20.37",",,,a","4.98",",,,a"
"ASN00053027","1965-07","-29.5","149.9","207.3","MOREE POST OFFICE, AS","0.0","a","0.0",",a","5",",a","2",",a","0",",a","0",",a","13",",a","0",",a","4",",a","0",",a","19650712",",,a","19650719","+,,a","19650720","+,,a","-5.0",",a,12,","4.3",",,a,19,+","22.2",",a,20,+","553.6","a","265.2",",a","11.7",",,,a","9.78",",a","17.92",",,,a","1.63",",,,a"
"ASN00053027","1965-08","-29.5","149.9","207.3","MOREE POST OFFICE, AS","4.0","a","4.0",",a","9",",a","4",",a","0",",a","0",",a","3",",a","0",",a","19",",a","0",",a","19650810",",,a","19650806",",,a","19650814","+,,a","-2.2",",a,10,","9.7",",,a,06,","27.8",",a,14,+","698.9","a","145.3",",a","32.1",",,,a","13.77",",a","21.38",",,,a","6.17",",,,a"
"ASN00053027","1965-09","-29.5","149.9","207.3","MOREE POST OFFICE, AS","49.3","a","45.3",",a","4",",a","3",",a","0",",a","0",",a","0",",a","0",",a","28",",a","7",",a","19650918",",,a","19650907",",,a","19650927",",,a","3.3",",a,18,","16.3",",,a,07,","35.6",",a,27,","735.9","a","37.0",",a","32.8",",,,a","18.61",",a","26.82",",,,a","10.41",",,,a"
"ASN00053027","1965-10","-29.5","149.9","207.3","MOREE POST OFFICE, AS","171.9","a","122.6",",a","5",",a","2",",a","0",",a","0",",a","0",",a","0",",a","30",",a","9",",a","19651004",",,a","19651011",",,a","19651031",",,a","4.4",",a,04,","13.2",",,a,11,","40.0",",a,31,","742.5","a","6.6",",a","24.6",",,,a","22.07",",a","29.73",",,,a","14.42",",,,a"
"ASN00053027","1965-11","-29.5","149.9","207.3","MOREE POST OFFICE, AS","351.5","a","179.6",",a","3",",a","3",",a","1",",a","0",",a","0",",a","0",",a","30",",a","17",",a","19651113","+,,a","19651103",",,a","19651105",",,a","6.1",",a,13,+","34.3",",,a,03,","40.6",",a,05,","748.1","a","5.6",",a","48.7",",,,a","24.14",",a","32.43",",,,a","15.84",",,,a"
"ASN00053027","1965-12","-29.5","149.9","207.3","MOREE POST OFFICE, AS","585.4","a","233.9",",a","10",",a","9",",a","2",",a","0",",a","0",",a","0",",a","31",",a","13",",a","19651221","+,,a","19651205",",,a","19651230",",,a","15.6",",a,21,+","34.8",",,a,05,","42.2",",a,30,","748.1","a","0.0",",a","138.3",",,,a","25.88",",a","32.62",",,,a","19.14",",,,a"
