"STATION","DATE","LATITUDE","LONGITUDE","ELEVATION","NAME","DP01","DP01_ATTRIBUTES","DP10","DP10_ATTRIBUTES","DP1X","DP1X_ATTRIBUTES","DYXP","DYXP_ATTRIBUTES","EMXP","EMXP_ATTRIBUTES","PRCP","PRCP_ATTRIBUTES"
"ASN00035094","1750-03","-22.4831","147.5172","318.0","WINVIC, AS","4","2,a","4","2,a","0","2,a","17500307",",2,a","23.0","2,,a,07,","49.0","2,,,a"
"ASN00035094","1962-07","-22.4831","147.5172","318.0","WINVIC, AS","2",",a","0",",a","0",",a","19620725",",,a","2.3",",,a,25,","3.1",",,,a"
"ASN00035094","1962-08","-22.4831","147.5172","318.0","WINVIC, AS","0",",a","0",",a","0",",a","19620831","+,,a","0.0",",,a,31,+","0.0",",,,a"
"ASN00035094","1962-09","-22.4831","147.5172","318.0","WINVIC, AS","6",",a","3",",a","0",",a","19620925",",,a","10.2",",,a,25,","29.7",",,,a"
"ASN00035094","1962-10","-22.4831","147.5172","318.0","WINVIC, AS","2",",a","0",",a","0",",a","19621014",",,a","2.3",",,a,14,","3.6",",,,a"
"ASN00035094","1962-11","-22.4831","147.5172","318.0","WINVIC, AS","3",",a","3",",a","1",",a","19621122",",,a","27.7",",,a,22,","39.1",",,,a"
"ASN00035094","1962-12","-22.4831","147.5172","318.0","WINVIC, AS","6",",a","4",",a","1",",a","19621215",",,a","35.8",",,a,15,","51.5",",,,a"
"ASN00035094","1963-01","-22.4831","147.5172","318.0","WINVIC, AS","13",",a","11",",a","3",",a","19630118",",,a","85.1",",,a,18,","224.0",",,,a"
"ASN00035094","1963-02","-22.4831","147.5172","318.0","WINVIC, AS","5",",a","5",",a","1",",a","19630216",",,a","43.7",",,a,16,","90.6",",,,a"
"ASN00035094","1963-03","-22.4831","147.5172","318.0","WINVIC, AS","11",",a","10",",a","2",",a","19630327",",,a","38.4",",,a,27,","161.3",",,,a"
"ASN00035094","1963-04","-22.4831","147.5172","318.0","WINVIC, AS","4",",a","2",",a","2",",a","19630405",",,a","44.5",",,a,05,","80.9",",,,a"
"ASN00035094","1963-05","-22.4831","147.5172","318.0","WINVIC, AS","0",",a","0",",a","0",",a","19630531","+,,a","0.0",",,a,31,+","0.0",",,,a"
"ASN00035094","1963-06","-22.4831","147.5172","318.0","WINVIC, AS","0",",a","0",",a","0",",a","19630630","+,,a","0.0",",,a,30,+","0.0",",,,a"
"ASN00035094","1963-07","-22.4831","147.5172","318.0","WINVIC, AS","1",",a","0",",a","0",",a","19630728",",,a","2.0",",,a,28,","2.0",",,,a"
"ASN00035094","1963-08","-22.4831","147.5172","318.0","WINVIC, AS","6",",a","6",",a","1",",a","19630811",",,a","25.9",",,a,11,","70.0",",,,a"
"ASN00035094","1963-09","-22.4831","147.5172","318.0","WINVIC, AS","0",",a","0",",a","0",",a","19630930","+,,a","0.0",",,a,30,+","0.0",",,,a"
"ASN00035094","1963-10","-22.4831","147.5172","318.0","WINVIC, AS","0",",a","0",",a","0",",a","19631031","+,,a","0.0",",,a,31,+","0.0",",,,a"
"ASN00035094","1963-11","-22.4831","147.5172","318.0","WINVIC, AS","5",",a","3",",a","1",",a","19631116",",,a","32.0",",,a,16,","58.0",",,,a"
"ASN00035094","1963-12","-22.4831","147.5172","318.0","WINVIC, AS","3",",a","2",",a","0",",a","19631208",",,a","12.2",",,a,08,","16.5",",,,a"
"ASN00035094","1964-01","-22.4831","147.5172","318.0","WINVIC, AS","5",",a","4",",a","0",",a","19640102",",,a","20.8",",,a,02,","45.4",",,,a"
"ASN00035094","1964-02","-22.4831","147.5172","318.0","WINVIC, AS","3",",a","3",",a","0",",a","19640210",",,a","12.2",",,a,10,","22.1",",,,a"
"ASN00035094","1964-03","-22.4831","147.5172","318.0","WINVIC, AS","3",",a","3",",a","1",",a","19640308",",,a","31.0",",,a,08,","49.0",",,,a"
"ASN00035094","1964-04","-22.4831","147.5172","318.0","WINVIC, AS","0",",a","0",",a","0",",a","19640430","+,,a","0.0",",,a,30,+","0.0",",,,a"
"ASN00035094","1964-05","-22.4831","147.5172","318.0","WINVIC, AS","3",",a","2",",a","1",",a","19640531",",,a","34.5",",,a,31,","40.1",",,,a"
"ASN00035094","1964-06","-22.4831","147.5172","318.0","WINVIC, AS","4",",a","2",",a","0",",a","19640606",",,a","13.5",",,a,06,","19.1",",,,a"
"ASN00035094","1964-07","-22.4831","147.5172","318.0","WINVIC, AS","3",",a","3",",a","1",",a","19640702",",,a","32.3",",,a,02,","59.2",",,,a"
"ASN00035094","1964-08","-22.4831","147.5172","318.0","WINVIC, AS","1",",a","1",",a","0",",a","19640824",",,a","5.3",",,a,24,","5.3",",,,a"
"ASN00035094","1964-09","-22.4831","147.5172","318.0","WINVIC, AS","2",",a","2",",a","0",",a","19640929",",,a","21.8",",,a,29,","30.4",",,,a"
"ASN00035094","1964-10","-22.4831","147.5172","318.0","WINVIC, AS","3",",a","3",",a","1",",a","19641011",",,a","47.0",",,a,11,","67.5",",,,a"
"ASN00035094","1964-11","-22.4831","147.5172","318.0","WINVIC, AS","3",",a","3",",a","0",",a","19641113",",,a","13.5",",,a,13,","23.2",",,,a"
"ASN00035094","1964-12","-22.4831","147.5172","318.0","WINVIC, AS","8",",a","6",",a","0",",a","19641227",",,a","16.0",",,a,27,","54.5",",,,a"
"ASN00035094","1965-01","-22.4831","147.5172","318.0","WINVIC, AS","3",",a","3",",a","0",",a","19650123",",,a","22.9",",,a,23,","35.6",",,,a"
"ASN00035094","1965-02","-22.4831","147.5172","318.0","WINVIC, AS","3",",a","3",",a","0",",a","19650227",",,a","17.8",",,a,27,","25.6",",,,a"
"ASN00035094","1965-03","-22.4831","147.5172","318.0","WINVIC, AS","4",",a","4",",a","2",",a","19650311",",,a","57.2",",,a,11,","113.8",",,,a"
"ASN00035094","1965-04","-22.4831","147.5172","318.0","WINVIC, AS","5",",a","3",",a","2",",a","19650426",",,a","52.1",",,a,26,","91.2",",,,a"
"ASN00035094","1965-05","-22.4831","147.5172","318.0","WINVIC, AS","0",",a","0",",a","0",",a","19650531","+,,a","0.0",",,a,31,+","0.0",",,,a"
"ASN00035094","1965-06","-22.4831","147.5172","318.0","WINVIC, AS","1",",a","0",",a","0",",a","19650613",",,a","2.0",",,a,13,","2.0",",,,a"
"ASN00035094","1965-07","-22.4831","147.5172","318.0","WINVIC, AS","1",",a","1",",a","0",",a","19650720",",,a","4.1",",,a,20,","4.1",",,,a"
"ASN00035094","1965-08","-22.4831","147.5172","318.0","WINVIC, AS","1",",a","1",",a","0",",a","19650829",",,a","10.7",",,a,29,","10.7",",,,a"
"ASN00035094","1965-09","-22.4831","147.5172","318.0","WINVIC, AS","1",",a","1",",a","0",",a","19650913",",,a","3.8",",,a,13,","3.8",",,,a"
"ASN00035094","1965-10","-22.4831","147.5172","318.0","WINVIC, AS","1",",a","1",",a","0",",a","19651011",",,a","3.3",",,a,11,","3.3",",,,a"
"ASN00035094","1965-11","-22.4831","147.5172","318.0","WINVIC, AS","1",",a","1",",a","0",",a","19651127",",,a","3.8",",,a,27,","3.8",",,,a"
"ASN00035094","1965-12","-22.4831","147.5172","318.0","WINVIC, AS","13",",a","13",",a","1",",a","19651215",",,a","27.2",",,a,15,","150.1",",,,a"
"ASN00035094","1966-01","-22.4831","147.5172","318.0","WINVIC, AS","7",",a","6",",a","1",",a","19660128",",,a","29.2",",,a,28,","107.7",",,,a"
"ASN00035094","1966-02","-22.4831","147.5172","318.0","WINVIC, AS","2",",a","2",",a","0",",a","19660201",",,a","22.1",",,a,01,","25.1",",,,a"
"ASN00035094","1966-03","-22.4831","147.5172","318.0","WINVIC, AS","4",",a","3",",a","0",",a","19660324",",,a","10.9",",,a,24,","22.4",",,,a"
"ASN00035094","1966-04","-22.4831","147.5172","318.0","WINVIC, AS","0",",a","0",",a","0",",a","19660430","+,,a","0.0",",,a,30,+","0.0",",,,a"
"ASN00035094","1966-05","-22.4831","147.5172","318.0","WINVIC, AS","2",",a","1",",a","0",",a","19660519",",,a","8.1",",,a,19,","10.4",",,,a"
"ASN00035094","1966-06","-22.4831","147.5172","318.0","WINVIC, AS","1",",a","1",",a","1",",a","19660601",",,a","29.2",",,a,01,","29.2",",,,a"
"ASN00035094","1966-07","-22.4831","147.5172","318.0","WINVIC, AS","1",",a","0",",a","0",",a","19660717",",,a","0.8",",,a,17,","0.8",",,,a"
"ASN00035094","1966-08","-22.4831","147.5172","318.0","WINVIC, AS","9",",a","6",",a","1",",a","19660819",",,a","33.0",",,a,19,","98.8",",,,a"
"ASN00035094","1966-09","-22.4831","147.5172","318.0","WINVIC, AS","3",",a","3",",a","1",",a","19660930",",,a","25.9",",,a,30,","35.3",",,,a"
"ASN00035094","1966-10","-22.4831","147.5172","318.0","WINVIC, AS","3",",a","3",",a","0",",a","19661022",",,a","23.1",",,a,22,","45.0",",,,a"
"ASN00035094","1966-11","-22.4831","147.5172","318.0","WINVIC, AS","2",",a","2",",a","1",",a","19661108",",,a","74.9",",,a,08,","92.7",",,,a"
"ASN00035094","1966-12","-22.4831","147.5172","318.0","WINVIC, AS","2",",a","2",",a","0",",a","19661217",",,a","15.0",",,a,17,","17.5",",,,a"
"ASN00035094","1967-01","-22.4831","147.5172","318.0","WINVIC, AS","6",",a","5",",a","0",",a","19670119",",,a","20.6",",,a,19,","68.8",",,,a"
"ASN00035094","1967-02","-22.4831","147.5172","318.0","WINVIC, AS","6",",a","6",",a","1",",a","19670225",",,a","32.0",",,a,25,","68.5",",,,a"
"ASN00035094","1967-03","-22.4831","147.5172","318.0","WINVIC, AS","6",",a","3",",a","1",",a","19670306",",,a","37.1",",,a,06,","50.9",",,,a"
"ASN00035094","1967-04","-22.4831","147.5172","318.0","WINVIC, AS","0",",a","0",",a","0",",a","19670430","+,,a","0.0",",,a,30,+","0.0",",,,a"
"ASN00035094","1967-05","-22.4831","147.5172","318.0","WINVIC, AS","0",",a","0",",a","0",",a","19670531","+,,a","0.0",",,a,31,+","0.0",",,,a"
"ASN00035094","1967-06","-22.4831","147.5172","318.0","WINVIC, AS","8",",a","6",",a","2",",a","19670621",",,a","50.3",",,a,21,","133.9",",,,a"
"ASN00035094","1967-07","-22.4831","147.5172","318.0","WINVIC, AS","4",",a","3",",a","0",",a","19670715",",,a","9.7",",,a,15,","25.2",",,,a"
"ASN00035094","1967-08","-22.4831","147.5172","318.0","WINVIC, AS","1",",a","1",",a","0",",a","19670820",",,a","12.2",",,a,20,","12.2",",,,a"
"ASN00035094","1967-09","-22.4831","147.5172","318.0","WINVIC, AS","0",",a","0",",a","0",",a","19670930","+,,a","0.0",",,a,30,+","0.0",",,,a"
"ASN00035094","1967-10","-22.4831","147.5172","318.0","WINVIC, AS","2",",a","2",",a","0",",a","19671025",",,a","16.0",",,a,25,","25.1",",,,a"
"ASN00035094","1967-11","-22.4831","147.5172","318.0","WINVIC, AS","5",",a","2",",a","0",",a","19671109",",,a","20.1",",,a,09,","30.2",",,,a"
"ASN00035094","1967-12","-22.4831","147.5172","318.0","WINVIC, AS","11",",a","8",",a","1",",a","19671208",",,a","29.2",",,a,08,","104.4",",,,a"
"ASN00035094","1968-01","-22.4831","147.5172","318.0","WINVIC, AS","5",",a","4",",a","1",",a","19680105",",,a","37.1",",,a,05,","59.5",",,,a"
"ASN00035094","1968-02","-22.4831","147.5172","318.0","WINVIC, AS","11",",a","10",",a","5",",a","19680210",",,a","83.3",",,a,10,","339.5",",,,a"
"ASN00035094","1968-03","-22.4831","147.5172","318.0","WINVIC, AS","7",",a","7",",a","0",",a","19680317",",,a","12.7",",,a,17,","38.3",",,,a"
"ASN00035094","1968-04","-22.4831","147.5172","318.0","WINVIC, AS","2",",a","2",",a","1",",a","19680430",",,a","43.9",",,a,30,","49.2",",,,a"
"ASN00035094","1968-05","-22.4831","147.5172","318.0","WINVIC, AS","4",",a","4",",a","1",",a","19680514",",,a","27.9",",,a,14,","64.0",",,,a"
"ASN00035094","1968-06","-22.4831","147.5172","318.0","WINVIC, AS","0",",a","0",",a","0",",a","19680630","+,,a","0.0",",,a,30,+","0.0",",,,a"
"ASN00035094","1968-07","-22.4831","147.5172","318.0","WINVIC, AS","6",",a","4",",a","0",",a","19680719",",,a","22.9",",,a,19,","45.0",",,,a"
"ASN00035094","1968-08","-22.4831","147.5172","318.0","WINVIC, AS","1",",a","0",",a","0",",a","19680812",",,a","2.3",",,a,12,","2.3",",,,a"
"ASN00035094","1968-09","-22.4831","147.5172","318.0","WINVIC, AS","3",",a","2",",a","0",",a","19680907",",,a","6.9",",,a,07,","13.0",",,,a"
"ASN00035094","1968-10","-22.4831","147.5172","318.0","WINVIC, AS","1",",a","1",",a","1",",a","19681011",",,a","29.0",",,a,11,","29.0",",,,a"
"ASN00035094","1968-11","-22.4831","147.5172","318.0","WINVIC, AS","1",",a","1",",a","0",",a","19681109",",,a","5.1",",,a,09,","5.1",",,,a"
"ASN00035094","1968-12","-22.4831","147.5172","318.0","WINVIC, AS","4",",a","3",",a","0",",a","19681201",",,a","9.1",",,a,01,","23.0",",,,a"
"ASN00035094","1969-01","-22.4831","147.5172","318.0","WINVIC, AS","2",",a","2",",a","0",",a","19690107",",,a","17.5",",,a,07,","29.9",",,,a"
"ASN00035094","1969-02","-22.4831","147.5172","318.0","WINVIC, AS","1",",a","1",",a","0",",a","19690223",",,a","3.8",",,a,23,","3.8",",,,a"
"ASN00035094","1969-03","-22.4831","147.5172","318.0","WINVIC, AS","8",",a","6",",a","0",",a","19690317",",,a","11.2",",,a,17,","41.8",",,,a"
"ASN00035094","1969-04","-22.4831","147.5172","318.0","WINVIC, AS","0",",a","0",",a","0",",a","19690430","+,,a","0.0",",,a,30,+","0.0",",,,a"
"ASN00035094","1969-05","-22.4831","147.5172","318.0","WINVIC, AS","5",",a","4",",a","1",",a","19690527",",,a","37.6",",,a,27,","69.9",",,,a"
"ASN00035094","1969-06","-22.4831","147.5172","318.0","WINVIC, AS","2",",a","1",",a","0",",a","19690628",",,a","3.8",",,a,28,","5.3",",,,a"
"ASN00035094","1969-07","-22.4831","147.5172","318.0","WINVIC, AS","0",",a","0",",a","0",",a","19690731","+,,a","0.0",",,a,31,+","0.0",",,,a"
"ASN00035094","1969-08","-22.4831","147.5172","318.0","WINVIC, AS","0",",a","0",",a","0",",a","19690831","+,,a","0.0",",,a,31,+","0.0",",,,a"
"ASN00035094","1969-09","-22.4831","147.5172","318.0","WINVIC, AS","0",",a","0",",a","0",",a","19690930","+,,a","0.0",",,a,30,+","0.0",",,,a"
"ASN00035094","1969-10","-22.4831","147.5172","318.0","WINVIC, AS","5",",a","5",",a","0",",a","19691012",",,a","17.8",",,a,12,","52.6",",,,a"
"ASN00035094","1969-11","-22.4831","147.5172","318.0","WINVIC, AS","3",",a","2",",a","0",",a","19691122",",,a","12.4",",,a,22,","19.0",",,,a"
"ASN00035094","1969-12","-22.4831","147.5172","318.0","WINVIC, AS","6",",a","5",",a","1",",a","19691224",",,a","79.2",",,a,24,","108.4",",,,a"
"ASN00035094","1970-01","-22.4831","147.5172","318.0","WINVIC, AS","6",",a","6",",a","1",",a","19700128",",,a","32.0",",,a,28,","81.1",",,,a"
"ASN00035094","1970-02","-22.4831","147.5172","318.0","WINVIC, AS","9",",a","9",",a","2",",a","19700224",",,a","52.6",",,a,24,","131.8",",,,a"
"ASN00035094","1970-03","-22.4831","147.5172","318.0","WINVIC, AS","6",",a","4",",a","0",",a","19700302",",,a","14.7",",,a,02,","44.9",",,,a"
"ASN00035094","1970-04","-22.4831","147.5172","318.0","WINVIC, AS","0",",a","0",",a","0",",a","19700430","+,,a","0.0",",,a,30,+","0.0",",,,a"
"ASN00035094","1970-05","-22.4831","147.5172","318.0","WINVIC, AS","0",",a","0",",a","0",",a","19700531","+,,a","0.0",",,a,31,+","0.0",",,,a"
"ASN00035094","1970-06","-22.4831","147.5172","318.0","WINVIC, AS","0",",a","0",",a","0",",a","19700630","+,,a","0.0",",,a,30,+","0.0",",,,a"
"ASN00035094","1970-07","-22.4831","147.5172","318.0","WINVIC, AS","0",",a","0",",a","0",",a","19700731","+,,a","0.0",",,a,31,+","0.0",",,,a"
"ASN00035094","1970-08","-22.4831","147.5172","318.0","WINVIC, AS","2",",a","1",",a","0",",a","19700809",",,a","2.5",",,a,09,","3.8",",,,a"
"ASN00035094","1970-09","-22.4831","147.5172","318.0","WINVIC, AS","1",",a","1",",a","1",",a","19700923",",,a","48.8",",,a,23,","48.8",",,,a"
"ASN00035094","1970-10","-22.4831","147.5172","318.0","WINVIC, AS","3",",a","1",",a","0",",a","19701020",",,a","14.5",",,a,20,","16.8",",,,a"
"ASN00035094","1970-11","-22.4831","147.5172","318.0","WINVIC, AS","7",",a","7",",a","0",",a","19701106",",,a","10.7",",,a,06,","53.0",",,,a"
"ASN00035094","1970-12","-22.4831","147.5172","318.0","WINVIC, AS","6",",a","4",",a","1",",a","19701208",",,a","26.7",",,a,08,","74.2",",,,a"
"ASN00035094","1971-01","-22.4831","147.5172","318.0","WINVIC, AS","10",",a","9",",a","1",",a","19710131",",,a","61.0",",,a,31,","111.2",",,,a"
"ASN00035094","1971-02","-22.4831","147.5172","318.0","WINVIC, AS","9",",a","8",",a","1",",a","19710221",",,a","85.6",",,a,21,","158.3",",,,a"
"ASN00035094","1971-03","-22.4831","147.5172","318.0","WINVIC, AS","2",",a","1",",a","0",",a","19710307",",,a","3.0",",,a,07,","3.8",",,,a"
"ASN00035094","1971-04","-22.4831","147.5172","318.0","WINVIC, AS","4",",a","3",",a","0",",a","19710418",",,a","11.2",",,a,18,","18.5",",,,a"
"ASN00035094","1971-05","-22.4831","147.5172","318.0","WINVIC, AS","3",",a","3",",a","1",",a","19710520",",,a","27.7",",,a,20,","47.0",",,,a"
"ASN00035094","1971-06","-22.4831","147.5172","318.0","WINVIC, AS","2",",a","2",",a","0",",a","19710625",",,a","22.9",",,a,25,","33.6",",,,a"
"ASN00035094","1971-07","-22.4831","147.5172","318.0","WINVIC, AS","4",",a","2",",a","1",",a","19710723",",,a","31.0",",,a,23,","36.8",",,,a"
"ASN00035094","1971-08","-22.4831","147.5172","318.0","WINVIC, AS","6",",a","5",",a","1",",a","19710825",",,a","27.9",",,a,25,","70.6",",,,a"
"ASN00035094","1971-09","-22.4831","147.5172","318.0","WINVIC, AS","0",",a","0",",a","0",",a","19710930","+,,a","0.0",",,a,30,+","0.0",",,,a"
"ASN00035094","1971-10","-22.4831","147.5172","318.0","WINVIC, AS","3",",a","3",",a","0",",a","19711016",",,a","12.7",",,a,16,","25.9",",,,a"
"ASN00035094","1971-11","-22.4831","147.5172","318.0","WINVIC, AS","1",",a","1",",a","1",",a","19711103",",,a","35.1",",,a,03,","35.1",",,,a"
"ASN00035094","1971-12","-22.4831","147.5172","318.0","WINVIC, AS","5",",a","5",",a","2",",a","19711225",",,a","33.3",",,a,25,","86.1",",,,a"
"ASN00035094","1972-01","-22.4831","147.5172","318.0","WINVIC, AS","5",",a","4",",a","0",",a","19720110",",,a","6.4",",,a,10,","17.0",",,,a"
"ASN00035094","1972-02","-22.4831","147.5172","318.0","WINVIC, AS","6",",a","6",",a","3",",a","19720218",",,a","54.9",",,a,18,","163.0",",,,a"
"ASN00035094","1972-03","-22.4831","147.5172","318.0","WINVIC, AS","3",",a","3",",a","1",",a","19720307",",,a","36.6",",,a,07,","53.8",",,,a"
"ASN00035094","1972-04","-22.4831","147.5172","318.0","WINVIC, AS","0",",a","0",",a","0",",a","19720430","+,,a","0.0",",,a,30,+","0.0",",,,a"
"ASN00035094","1972-05","-22.4831","147.5172","318.0","WINVIC, AS","1",",a","1",",a","1",",a","19720511",",,a","51.6",",,a,11,","51.6",",,,a"
"ASN00035094","1972-06","-22.4831","147.5172","318.0","WINVIC, AS","2",",a","1",",a","0",",a","19720601",",,a","4.3",",,a,01,","5.8",",,,a"
"ASN00035094","1972-07","-22.4831","147.5172","318.0","WINVIC, AS","0",",a","0",",a","0",",a","19720731","+,,a","0.0",",,a,31,+","0.0",",,,a"
"ASN00035094","1972-08","-22.4831","147.5172","318.0","WINVIC, AS","0",",a","0",",a","0",",a","19720831","+,,a","0.0",",,a,31,+","0.0",",,,a"
"ASN00035094","1972-09","-22.4831","147.5172","318.0","WINVIC, AS","0",",a","0",",a","0",",a","19720930","+,,a","0.0",",,a,30,+","0.0",",,,a"
"ASN00035094","1972-10","-22.4831","147.5172","318.0","WINVIC, AS","4",",a","4",",a","0",",a","19721028",",,a","19.3",",,a,28,","53.3",",,,a"
"ASN00035094","1972-11","-22.4831","147.5172","318.0","WINVIC, AS","4","2,a","3","2,a","0","2,a","19721112",",2,a","16.5","2,,a,12,","32.8",",a,,a"
"ASN00035094","1972-12","-22.4831","147.5172","318.0","WINVIC, AS","1",",a","1",",a","0",",a","19721201",",,a","3.6",",,a,01,","3.6",",,,a"
"ASN00035094","1973-01","-22.4831","147.5172","318.0","WINVIC, AS","9",",a","9",",a","1",",a","19730110",",,a","61.5",",,a,10,","153.2",",,,a"
"ASN00035094","1973-02","-22.4831","147.5172","318.0","WINVIC, AS","5",",a","5",",a","2",",a","19730213",",,a","67.1",",,a,13,","150.1",",,,a"
"ASN00035094","1973-03","-22.4831","147.5172","318.0","WINVIC, AS","4",",a","4",",a","1",",a","19730329",",,a","57.7",",,a,29,","81.8",",,,a"
"ASN00035094","1973-04","-22.4831","147.5172","318.0","WINVIC, AS","1",",a","1",",a","1",",a","19730429",",,a","31.8",",,a,29,","31.8",",,,a"
"ASN00035094","1973-05","-22.4831","147.5172","318.0","WINVIC, AS","1",",a","1",",a","0",",a","19730528",",,a","3.6",",,a,28,","3.6",",,,a"
"ASN00035094","1973-06","-22.4831","147.5172","318.0","WINVIC, AS","2",",a","2",",a","0",",a","19730608",",,a","8.9",",,a,08,","14.5",",,,a"
"ASN00035094","1973-07","-22.4831","147.5172","318.0","WINVIC, AS","5",",a","2",",a","0",",a","19730723",",,a","12.2",",,a,23,","21.4",",,,a"
"ASN00035094","1973-08","-22.4831","147.5172","318.0","WINVIC, AS","2",",a","2",",a","0",",a","19730818",",,a","19.3",",,a,18,","23.9",",,,a"
"ASN00035094","1973-09","-22.4831","147.5172","318.0","WINVIC, AS","6",",a","4",",a","1",",a","19730914",",,a","46.0",",,a,14,","64.5",",,,a"
"ASN00035094","1973-10","-22.4831","147.5172","318.0","WINVIC, AS","1",",a","1",",a","0",",a","19731029",",,a","14.5",",,a,29,","14.5",",,,a"
"ASN00035094","1973-11","-22.4831","147.5172","318.0","WINVIC, AS","8",",a","8",",a","1",",a","19731104",",,a","54.9",",,a,04,","130.0",",,,a"
"ASN00035094","1973-12","-22.4831","147.5172","318.0","WINVIC, AS","12",",a","9",",a","2",",a","19731220",",,a","162.6",",,a,20,","254.7",",,,a"
"ASN00035094","1974-01","-22.4831","147.5172","318.0","WINVIC, AS","21",",a","20",",a","8",",a","19740114",",,a","70.0",",,a,14,","519.0",",,,a"
"ASN00035094","1974-02","-22.4831","147.5172","318.0","WINVIC, AS","5",",a","3",",a","0",",a","19740219",",,a","13.0",",,a,19,","33.0",",,,a"
"ASN00035094","1974-03","-22.4831","147.5172","318.0","WINVIC, AS","8",",a","8",",a","1",",a","19740327",",,a","37.0",",,a,27,","103.0",",,,a"
"ASN00035094","1974-04","-22.4831","147.5172","318.0","WINVIC, AS","3",",a","3",",a","1",",a","19740426",",,a","33.0",",,a,26,","60.0",",,,a"
"ASN00035094","1974-05","-22.4831","147.5172","318.0","WINVIC, AS","2",",a","2",",a","1",",a","19740523",",,a","36.0",",,a,23,","39.6",",,,a"
"ASN00035094","1974-06","-22.4831","147.5172","318.0","WINVIC, AS","0",",a","0",",a","0",",a","19740630","+,,a","0.0",",,a,30,+","0.0",",,,a"
"ASN00035094","1974-07","-22.4831","147.5172","318.0","WINVIC, AS","0",",a","0",",a","0",",a","19740731","+,,a","0.0",",,a,31,+","0.0",",,,a"
"ASN00035094","1974-08","-22.4831","147.5172","318.0","WINVIC, AS","3",",a","3",",a","2",",a","19740825",",,a","45.0",",,a,25,","82.0",",,,a"
"ASN00035094","1974-09","-22.4831","147.5172","318.0","WINVIC, AS","2",",a","1",",a","0",",a","19740918",",,a","2.6",",,a,18,","4.2",",,,a"
"ASN00035094","1974-10","-22.4831","147.5172","318.0","WINVIC, AS","1",",a","1",",a","0",",a","19741006",",,a","21.0",",,a,06,","21.0",",,,a"
"ASN00035094","1974-11","-22.4831","147.5172","318.0","WINVIC, AS","3",",a","3",",a","0",",a","19741126",",,a","7.0",",,a,26,","16.0",",,,a"
"ASN00035094","1974-12","-22.4831","147.5172","318.0","WINVIC, AS","5",",a","5",",a","2",",a","19741229",",,a","122.0",",,a,29,","211.0",",,,a"
"ASN00035094","1975-01","-22.4831","147.5172","318.0","WINVIC, AS","10",",a","10",",a","3",",a","19750103",",,a","67.0",",,a,03,","253.0",",,,a"
"ASN00035094","1975-02","-22.4831","147.5172","318.0","WINVIC, AS","5",",a","5",",a","3",",a","19750226",",,a","86.0",",,a,26,","178.6",",,,a"
"ASN00035094","1975-03","-22.4831","147.5172","318.0","WINVIC, AS","4",",a","4",",a","2",",a","19750318",",,a","52.0",",,a,18,","109.8",",,,a"
"ASN00035094","1975-04","-22.4831","147.5172","318.0","WINVIC, AS","1",",a","1",",a","0",",a","19750426",",,a","14.0",",,a,26,","14.0",",,,a"
"ASN00035094","1975-05","-22.4831","147.5172","318.0","WINVIC, AS","0",",a","0",",a","0",",a","19750531","+,,a","0.0",",,a,31,+","0.0",",,,a"
"ASN00035094","1975-06","-22.4831","147.5172","318.0","WINVIC, AS","2",",a","1",",a","1",",a","19750620",",,a","65.6",",,a,20,","67.6",",,,a"
"ASN00035094","1975-07","-22.4831","147.5172","318.0","WINVIC, AS","1",",a","1",",a","0",",a","19750724",",,a","10.0",",,a,24,","10.0",",,,a"
"ASN00035094","1975-08","-22.4831","147.5172","318.0","WINVIC, AS","3",",a","3",",a","0",",a","19750811",",,a","12.0",",,a,11,","23.4",",,,a"
"ASN00035094","1975-09","-22.4831","147.5172","318.0","WINVIC, AS","1",",a","1",",a","0",",a","19750905",",,a","3.0",",,a,05,","3.0",",,,a"
"ASN00035094","1975-10","-22.4831","147.5172","318.0","WINVIC, AS","8",",a","6",",a","2",",a","19751024","+,,a","33.0",",,a,24,+","105.2",",,,a"
"ASN00035094","1975-11","-22.4831","147.5172","318.0","WINVIC, AS","2",",a","2",",a","0",",a","19751106",",,a","8.0",",,a,06,","12.0",",,,a"
"ASN00035094","1975-12","-22.4831","147.5172","318.0","WINVIC, AS","10",",a","10",",a","3",",a","19751222",",,a","53.0",",,a,22,","206.6",",,,a"
"ASN00035094","1976-01","-22.4831","147.5172","318.0","WINVIC, AS","8",",a","8",",a","2",",a","19760120",",,a","60.0",",,a,20,","156.0",",,,a"
"ASN00035094","1976-02","-22.4831","147.5172","318.0","WINVIC, AS","6",",a","6",",a","2",",a","19760203",",,a","32.0",",,a,03,","86.0",",,,a"
"ASN00035094","1976-03","-22.4831","147.5172","318.0","WINVIC, AS","7",",a","6",",a","2",",a","19760305",",,a","64.0",",,a,05,","143.0",",,,a"
"ASN00035094","1976-04","-22.4831","147.5172","318.0","WINVIC, AS","1",",a","1",",a","0",",a","19760428",",,a","3.0",",,a,28,","3.0",",,,a"
"ASN00035094","1976-05","-22.4831","147.5172","318.0","WINVIC, AS","1",",a","1",",a","1",",a","19760511",",,a","38.0",",,a,11,","38.0",",,,a"
"ASN00035094","1976-06","-22.4831","147.5172","318.0","WINVIC, AS","0",",a","0",",a","0",",a","19760630","+,,a","0.0",",,a,30,+","0.0",",,,a"
"ASN00035094","1976-07","-22.4831","147.5172","318.0","WINVIC, AS","0",",a","0",",a","0",",a","19760731","+,,a","0.0",",,a,31,+","0.0",",,,a"
"ASN00035094","1976-08","-22.4831","147.5172","318.0","WINVIC, AS","2",",a","2",",a","0",",a","19760831","+,,a","4.6",",,a,31,+","9.2",",,,a"
"ASN00035094","1976-09","-22.4831","147.5172","318.0","WINVIC, AS","0",",a","0",",a","0",",a","19760930","+,,a","0.0",",,a,30,+","0.0",",,,a"
"ASN00035094","1976-10","-22.4831","147.5172","318.0","WINVIC, AS","5",",a","5",",a","1",",a","19761014",",,a","27.0",",,a,14,","59.0",",,,a"
"ASN00035094","1976-11","-22.4831","147.5172","318.0","WINVIC, AS","5",",a","5",",a","1",",a","19761127",",,a","28.0",",,a,27,","84.0",",,,a"
"ASN00035094","1976-12","-22.4831","147.5172","318.0","WINVIC, AS","8",",a","8",",a","1",",a","19761221",",,a","36.0",",,a,21,","118.0",",,,a"
"ASN00035094","1977-01","-22.4831","147.5172","318.0","WINVIC, AS","3",",a","3",",a","0",",a","19770118",",,a","8.0",",,a,18,","18.0",",,,a"
"ASN00035094","1977-02","-22.4831","147.5172","318.0","WINVIC, AS","7",",a","5",",a","0",",a","19770225",",,a","24.0",",,a,25,","65.0",",,,a"
"ASN00035094","1977-03","-22.4831","147.5172","318.0","WINVIC, AS","7",",a","6",",a","1",",a","19770310",",,a","35.0",",,a,10,","76.0",",,,a"
"ASN00035094","1977-04","-22.4831","147.5172","318.0","WINVIC, AS","0","5,a","0","5,a","0","5,a","19770430","+,5,a","0.0","5,,a,30,+","29.0",",a,,a"
"ASN00035094","1977-05","-22.4831","147.5172","318.0","WINVIC, AS","5",",a","5",",a","4",",a","19770514",",,a","53.0",",,a,14,","172.0",",,,a"
"ASN00035094","1977-06","-22.4831","147.5172","318.0","WINVIC, AS","0",",a","0",",a","0",",a","19770630","+,,a","0.0",",,a,30,+","0.0",",,,a"
"ASN00035094","1977-07","-22.4831","147.5172","318.0","WINVIC, AS","1",",a","1",",a","0",",a","19770706",",,a","13.0",",,a,06,","13.0",",,,a"
"ASN00035094","1977-08","-22.4831","147.5172","318.0","WINVIC, AS","0",",a","0",",a","0",",a","19770831","+,,a","0.0",",,a,31,+","0.0",",,,a"
"ASN00035094","1977-09","-22.4831","147.5172","318.0","WINVIC, AS","0",",a","0",",a","0",",a","19770930","+,,a","0.0",",,a,30,+","0.0",",,,a"
"ASN00035094","1977-10","-22.4831","147.5172","318.0","WINVIC, AS","0",",a","0",",a","0",",a","19771031","+,,a","0.0",",,a,31,+","0.0",",,,a"
"ASN00035094","1977-11","-22.4831","147.5172","318.0","WINVIC, AS","5",",a","5",",a","2",",a","19771117",",,a","48.0",",,a,17,","147.6",",,,a"
"ASN00035094","1977-12","-22.4831","147.5172","318.0","WINVIC, AS","4",",a","4",",a","2",",a","19771222",",,a","32.0",",,a,22,","71.4",",,,a"
"ASN00035094","1978-01","-22.4831","147.5172","318.0","WINVIC, AS","4",",a","3",",a","1",",a","19780131",",,a","33.0",",,a,31,","51.0",",,,a"
"ASN00035094","1978-02","-22.4831","147.5172","318.0","WINVIC, AS","4",",a","4",",a","2",",a","19780201",",,a","164.0",",,a,01,","270.0",",,,a"
"ASN00035094","1978-03","-22.4831","147.5172","318.0","WINVIC, AS","0",",a","0",",a","0",",a","19780331","+,,a","0.0",",,a,31,+","0.0",",,,a"
"ASN00035094","1978-04","-22.4831","147.5172","318.0","WINVIC, AS","2",",a","2",",a","1",",a","19780401",",,a","36.0",",,a,01,","60.0",",,,a"
"ASN00035094","1978-05","-22.4831","147.5172","318.0","WINVIC, AS","2",",a","2",",a","2",",a","19780519",",,a","34.0",",,a,19,","63.0",",,,a"
"ASN00035094","1978-06","-22.4831","147.5172","318.0","WINVIC, AS","1",",a","1",",a","0",",a","19780601",",,a","25.0",",,a,01,","25.0",",,,a"
"ASN00035094","1978-07","-22.4831","147.5172","318.0","WINVIC, AS","2",",a","2",",a","1",",a","19780710",",,a","73.0",",,a,10,","89.0",",,,a"
"ASN00035094","1978-08","-22.4831","147.5172","318.0","WINVIC, AS","1",",a","1",",a","1",",a","19780829",",,a","29.0",",,a,29,","29.0",",,,a"
"ASN00035094","1978-09","-22.4831","147.5172","318.0","WINVIC, AS","4",",a","4",",a","0",",a","19780907",",,a","24.0",",,a,07,","51.0",",,,a"
"ASN00035094","1978-10","-22.4831","147.5172","318.0","WINVIC, AS","0",",a","0",",a","0",",a","19781031","+,,a","0.0",",,a,31,+","0.0",",,,a"
"ASN00035094","1978-11","-22.4831","147.5172","318.0","WINVIC, AS","1","5,a","1","5,a","0","5,a","19781102",",5,a","13.0","5,,a,02,","56.0",",a,,a"
"ASN00035094","1978-12","-22.4831","147.5172","318.0","WINVIC, AS","6","3,a","6","3,a","2","3,a","19781205",",3,a","39.0","3,,a,05,","216.0",",a,,a"
"ASN00035094","1979-01","-22.4831","147.5172","318.0","WINVIC, AS","1","4,a","1","4,a","0","4,a","19790125",",4,a","4.0","4,,a,25,","6.0",",a,,a"
"ASN00035094","1979-02","-22.4831","147.5172","318.0","WINVIC, AS","1",",a","1",",a","0",",a","19790201",",,a","5.0",",,a,01,","5.0",",,,a"
"ASN00035094","1979-03","-22.4831","147.5172","318.0","WINVIC, AS","4",",a","4",",a","4",",a","19790310",",,a","50.0",",,a,10,","160.0",",,,a"
"ASN00035094","1979-04","-22.4831","147.5172","318.0","WINVIC, AS","0",",a","0",",a","0",",a","19790430","+,,a","0.0",",,a,30,+","0.0",",,,a"
"ASN00035094","1979-05","-22.4831","147.5172","318.0","WINVIC, AS","0",",a","0",",a","0",",a","19790531","+,,a","0.0",",,a,31,+","0.0",",,,a"
"ASN00035094","1979-06","-22.4831","147.5172","318.0","WINVIC, AS","1",",a","1",",a","0",",a","19790620",",,a","7.0",",,a,20,","7.0",",,,a"
"ASN00035094","1979-07","-22.4831","147.5172","318.0","WINVIC, AS","0",",a","0",",a","0",",a","19790731","+,,a","0.0",",,a,31,+","0.0",",,,a"
"ASN00035094","1979-08","-22.4831","147.5172","318.0","WINVIC, AS","1",",a","1",",a","0",",a","19790828",",,a","3.0",",,a,28,","3.0",",,,a"
"ASN00035094","1979-09","-22.4831","147.5172","318.0","WINVIC, AS","1",",a","1",",a","0",",a","19790907",",,a","15.0",",,a,07,","15.0",",,,a"
"ASN00035094","1979-10","-22.4831","147.5172","318.0","WINVIC, AS","0",",a","0",",a","0",",a","19791031","+,,a","0.0",",,a,31,+","0.0",",,,a"
"ASN00035094","1979-11","-22.4831","147.5172","318.0","WINVIC, AS","3",",a","3",",a","1",",a","19791124",",,a","31.0",",,a,24,","50.0",",,,a"
"ASN00035094","1979-12","-22.4831","147.5172","318.0","WINVIC, AS","3",",a","3",",a","0",",a","19791226",",,a","15.0",",,a,26,","30.0",",,,a"
"ASN00035094","1980-01","-22.4831","147.5172","318.0","WINVIC, AS","5",",a","5",",a","2",",a","19800107",",,a","72.0",",,a,07,","125.0",",,,a"
"ASN00035094","1980-02","-22.4831","147.5172","318.0","WINVIC, AS","4",",a","4",",a","1",",a","19800208",",,a","51.0",",,a,08,","96.0",",,,a"
"ASN00035094","1980-03","-22.4831","147.5172","318.0","WINVIC, AS","3",",a","3",",a","0",",a","19800305",",,a","22.0",",,a,05,","42.5",",,,a"
"ASN00035094","1980-04","-22.4831","147.5172","318.0","WINVIC, AS","1",",a","1",",a","0",",a","19800424",",,a","4.0",",,a,24,","4.0",",,,a"
"ASN00035094","1980-05","-22.4831","147.5172","318.0","WINVIC, AS","3",",a","3",",a","1",",a","19800523",",,a","27.0",",,a,23,","34.0",",,,a"
"ASN00035094","1980-06","-22.4831","147.5172","318.0","WINVIC, AS","0",",a","0",",a","0",",a","19800630","+,,a","0.0",",,a,30,+","0.0",",,,a"
"ASN00035094","1980-07","-22.4831","147.5172","318.0","WINVIC, AS","0",",a","0",",a","0",",a","19800731","+,,a","0.0",",,a,31,+","0.0",",,,a"
"ASN00035094","1980-08","-22.4831","147.5172","318.0","WINVIC, AS","1",",a","1",",a","0",",a","19800826",",,a","7.0",",,a,26,","7.0",",,,a"
"ASN00035094","1980-09","-22.4831","147.5172","318.0","WINVIC, AS","0",",a","0",",a","0",",a","19800930","+,,a","0.0",",,a,30,+","0.0",",,,a"
"ASN00035094","1980-10","-22.4831","147.5172","318.0","WINVIC, AS","0",",a","0",",a","0",",a","19801031","+,,a","0.0",",,a,31,+","0.0",",,,a"
"ASN00035094","1980-11","-22.4831","147.5172","318.0","WINVIC, AS","0",",a","0",",a","0",",a","19801130","+,,a","0.0",",,a,30,+","0.0",",,,a"
"ASN00035094","1980-12","-22.4831","147.5172","318.0","WINVIC, AS","7",",a","7",",a","1",",a","19801229",",,a","34.0",",,a,29,","98.0",",,,a"
"ASN00035094","1981-01","-22.4831","147.5172","318.0","WINVIC, AS","8",",a","7",",a","1",",a","19810120",",,a","87.0",",,a,20,","149.0",",,,a"
"ASN00035094","1981-02","-22.4831","147.5172","318.0","WINVIC, AS","6","1,a","6","1,a","1","1,a","19810206",",1,a","26.0","1,,a,06,","106.0","1,,,a"
"ASN00035094","1981-03","-22.4831","147.5172","318.0","WINVIC, AS","0",",a","0",",a","0",",a","19810331","+,,a","0.0",",,a,31,+","0.0",",,,a"
"ASN00035094","1981-04","-22.4831","147.5172","318.0","WINVIC, AS","2",",a","2",",a","1",",a","19810401",",,a","48.0",",,a,01,","63.0",",,,a"
"ASN00035094","1981-05","-22.4831","147.5172","318.0","WINVIC, AS","3",",a","3",",a","2",",a","19810521",",,a","54.0",",,a,21,","95.0",",,,a"
"ASN00035094","1981-06","-22.4831","147.5172","318.0","WINVIC, AS","1",",a","1",",a","0",",a","19810602",",,a","15.0",",,a,02,","15.0",",,,a"
"ASN00035094","1981-07","-22.4831","147.5172","318.0","WINVIC, AS","1",",a","1",",a","1",",a","19810722",",,a","28.0",",,a,22,","28.0",",,,a"
"ASN00035094","1981-08","-22.4831","147.5172","318.0","WINVIC, AS","0",",a","0",",a","0",",a","19810831","+,,a","0.0",",,a,31,+","0.0",",,,a"
"ASN00035094","1981-09","-22.4831","147.5172","318.0","WINVIC, AS","0",",a","0",",a","0",",a","19810930","+,,a","0.0",",,a,30,+","0.0",",,,a"
"ASN00035094","1981-10","-22.4831","147.5172","318.0","WINVIC, AS","0",",a","0",",a","0",",a","19811031","+,,a","0.0",",,a,31,+","0.0",",,,a"
"ASN00035094","1981-11","-22.4831","147.5172","318.0","WINVIC, AS","4",",a","4",",a","2",",a","19811129",",,a","36.0",",,a,29,","105.0",",,,a"
"ASN00035094","1981-12","-22.4831","147.5172","318.0","WINVIC, AS","2",",a","2",",a","1",",a","19811223",",,a","31.0",",,a,23,","35.0",",,,a"
"ASN00035094","1982-01","-22.4831","147.5172","318.0","WINVIC, AS","4",",a","4",",a","1",",a","19820105",",,a","36.0",",,a,05,","73.0",",,,a"
"ASN00035094","1982-02","-22.4831","147.5172","318.0","WINVIC, AS","2",",a","2",",a","1",",a","19820224",",,a","47.0",",,a,24,","51.0",",,,a"
"ASN00035094","1982-03","-22.4831","147.5172","318.0","WINVIC, AS","4",",a","4",",a","2",",a","19820313",",,a","33.0",",,a,13,","95.0",",,,a"
"ASN00035094","1982-04","-22.4831","147.5172","318.0","WINVIC, AS","0",",a","0",",a","0",",a","19820430","+,,a","0.0",",,a,30,+","0.0",",,,a"
"ASN00035094","1982-05","-22.4831","147.5172","318.0","WINVIC, AS","0",",a","0",",a","0",",a","19820531","+,,a","0.0",",,a,31,+","0.0",",,,a"
"ASN00035094","1982-06","-22.4831","147.5172","318.0","WINVIC, AS","0",",a","0",",a","0",",a","19820630","+,,a","0.0",",,a,30,+","0.0",",,,a"
"ASN00035094","1982-07","-22.4831","147.5172","318.0","WINVIC, AS","0",",a","0",",a","0",",a","19820731","+,,a","0.0",",,a,31,+","0.0",",,,a"
"ASN00035094","1982-08","-22.4831","147.5172","318.0","WINVIC, AS","0",",a","0",",a","0",",a","19820831","+,,a","0.0",",,a,31,+","0.0",",,,a"
"ASN00035094","1982-09","-22.4831","147.5172","318.0","WINVIC, AS","0",",a","0",",a","0",",a","19820930","+,,a","0.0",",,a,30,+","0.0",",,,a"
"ASN00035094","1982-10","-22.4831","147.5172","318.0","WINVIC, AS","0",",a","0",",a","0",",a","19821031","+,,a","0.0",",,a,31,+","0.0",",,,a"
"ASN00035094","1982-11","-22.4831","147.5172","318.0","WINVIC, AS","0",",a","0",",a","0",",a","19821130","+,,a","0.0",",,a,30,+","0.0",",,,a"
"ASN00035094","1982-12","-22.4831","147.5172","318.0","WINVIC, AS","3",",a","3",",a","0",",a","19821215","+,,a","20.0",",,a,15,+","45.0",",,,a"
"ASN00035094","1983-01","-22.4831","147.5172","318.0","WINVIC, AS","7",",a","7",",a","3",",a","19830128",",,a","45.0",",,a,28,","161.0",",,,a"
"ASN00035094","1983-02","-22.4831","147.5172","318.0","WINVIC, AS","0",",a","0",",a","0",",a","19830228","+,,a","0.0",",,a,28,+","0.0",",,,a"
"ASN00035094","1983-03","-22.4831","147.5172","318.0","WINVIC, AS","4",",a","4",",a","1",",a","19830320",",,a","27.0",",,a,20,","79.0",",,,a"
"ASN00035094","1983-04","-22.4831","147.5172","318.0","WINVIC, AS","7",",a","7",",a","3",",a","19830430",",,a","60.0",",,a,30,","188.0",",,,a"
"ASN00035094","1983-05","-22.4831","147.5172","318.0","WINVIC, AS","4",",a","4",",a","3",",a","19830521",",,a","97.0",",,a,21,","204.0",",,,a"
"ASN00035094","1983-06","-22.4831","147.5172","318.0","WINVIC, AS","1",",a","1",",a","1",",a","19830618",",,a","32.0",",,a,18,","32.0",",,,a"
"ASN00035094","1983-07","-22.4831","147.5172","318.0","WINVIC, AS","0",",a","0",",a","0",",a","19830731","+,,a","0.0",",,a,31,+","0.0",",,,a"
"ASN00035094","1983-08","-22.4831","147.5172","318.0","WINVIC, AS","0",",a","0",",a","0",",a","19830831","+,,a","0.0",",,a,31,+","0.0",",,,a"
"ASN00035094","1983-09","-22.4831","147.5172","318.0","WINVIC, AS","0",",a","0",",a","0",",a","19830930","+,,a","0.0",",,a,30,+","0.0",",,,a"
"ASN00035094","1983-10","-22.4831","147.5172","318.0","WINVIC, AS","0",",a","0",",a","0",",a","19831031","+,,a","0.0",",,a,31,+","0.0",",,,a"
"ASN00035094","1983-11","-22.4831","147.5172","318.0","WINVIC, AS","5",",a","5",",a","2",",a","19831112",",,a","92.0",",,a,12,","164.0",",,,a"
"ASN00035094","1983-12","-22.4831","147.5172","318.0","WINVIC, AS","2",",a","2",",a","0",",a","19831203",",,a","16.0",",,a,03,","31.0",",,,a"
"ASN00035094","1984-01","-22.4831","147.5172","318.0","WINVIC, AS","7",",a","7",",a","2",",a","19840105",",,a","85.0",",,a,05,","193.0",",,,a"
"ASN00035094","1984-02","-22.4831","147.5172","318.0","WINVIC, AS","1",",a","1",",a","1",",a","19840216",",,a","26.0",",,a,16,","26.0",",,,a"
"ASN00035094","1984-03","-22.4831","147.5172","318.0","WINVIC, AS","2",",a","2",",a","0",",a","19840301",",,a","13.0",",,a,01,","19.0",",,,a"
"ASN00035094","1984-04","-22.4831","147.5172","318.0","WINVIC, AS","0",",a","0",",a","0",",a","19840430","+,,a","0.0",",,a,30,+","0.0",",,,a"
"ASN00035094","1984-05","-22.4831","147.5172","318.0","WINVIC, AS","0",",a","0",",a","0",",a","19840531","+,,a","0.0",",,a,31,+","0.0",",,,a"
"ASN00035094","1984-06","-22.4831","147.5172","318.0","WINVIC, AS","0",",a","0",",a","0",",a","19840630","+,,a","0.0",",,a,30,+","0.0",",,,a"
"ASN00035094","1984-07","-22.4831","147.5172","318.0","WINVIC, AS","5",",a","5",",a","0",",a","19840727",",,a","25.0",",,a,27,","94.0",",,,a"
"ASN00035094","1984-08","-22.4831","147.5172","318.0","WINVIC, AS","0",",a","0",",a","0",",a","19840831","+,,a","0.0",",,a,31,+","0.0",",,,a"
"ASN00035094","1984-09","-22.4831","147.5172","318.0","WINVIC, AS","1",",a","1",",a","0",",a","19840913",",,a","22.0",",,a,13,","22.0",",,,a"
"ASN00035094","1984-10","-22.4831","147.5172","318.0","WINVIC, AS","4",",a","4",",a","1",",a","19841029",",,a","34.0",",,a,29,","62.0",",,,a"
"ASN00035094","1984-11","-22.4831","147.5172","318.0","WINVIC, AS","2",",a","2",",a","0",",a","19841107",",,a","23.0",",,a,07,","44.0",",,,a"
"ASN00035094","1984-12","-22.4831","147.5172","318.0","WINVIC, AS","3",",a","3",",a","2",",a","19841216",",,a","35.0",",,a,16,","87.0",",,,a"
"ASN00035094","1985-01","-22.4831","147.5172","318.0","WINVIC, AS","3",",a","3",",a","0",",a","19850126",",,a","5.0",",,a,26,","13.6",",,,a"
"ASN00035094","1985-02","-22.4831","147.5172","318.0","WINVIC, AS","1",",a","1",",a","1",",a","19850225",",,a","117.0",",,a,25,","117.0",",,,a"
"ASN00035094","1985-03","-22.4831","147.5172","318.0","WINVIC, AS","5",",a","5",",a","2",",a","19850305",",,a","47.0",",,a,05,","107.0",",,,a"
"ASN00035094","1985-04","-22.4831","147.5172","318.0","WINVIC, AS","1",",a","1",",a","0",",a","19850422",",,a","22.0",",,a,22,","22.0",",,,a"
"ASN00035094","1985-05","-22.4831","147.5172","318.0","WINVIC, AS","3",",a","3",",a","2",",a","19850517",",,a","35.0",",,a,17,","77.0",",,,a"
"ASN00035094","1985-06","-22.4831","147.5172","318.0","WINVIC, AS","2",",a","2",",a","2",",a","19850604",",,a","38.0",",,a,04,","64.0",",,,a"
"ASN00035094","1985-07","-22.4831","147.5172","318.0","WINVIC, AS","2",",a","2",",a","1",",a","19850708",",,a","26.0",",,a,08,","41.0",",,,a"
"ASN00035094","1985-08","-22.4831","147.5172","318.0","WINVIC, AS","1",",a","1",",a","0",",a","19850813",",,a","7.0",",,a,13,","7.0",",,,a"
"ASN00035094","1985-09","-22.4831","147.5172","318.0","WINVIC, AS","0",",a","0",",a","0",",a","19850930","+,,a","0.0",",,a,30,+","0.0",",,,a"
"ASN00035094","1985-10","-22.4831","147.5172","318.0","WINVIC, AS","5",",a","5",",a","1",",a","19851023",",,a","50.0",",,a,23,","108.0",",,,a"
"ASN00035094","1985-11","-22.4831","147.5172","318.0","WINVIC, AS","4",",a","4",",a","0",",a","19851126",",,a","23.0",",,a,26,","48.0",",,,a"
"ASN00035094","1985-12","-22.4831","147.5172","318.0","WINVIC, AS","4",",a","4",",a","0",",a","19851218","+,,a","16.0",",,a,18,+","44.0",",,,a"
"ASN00035094","1986-01","-22.4831","147.5172","318.0","WINVIC, AS","3",",a","3",",a","1",",a","19860105",",,a","55.0",",,a,05,","82.0",",,,a"
"ASN00035094","1986-02","-22.4831","147.5172","318.0","WINVIC, AS","3",",a","3",",a","0",",a","19860205",",,a","7.0",",,a,05,","14.0",",,,a"
"ASN00035094","1986-03","-22.4831","147.5172","318.0","WINVIC, AS","2",",a","1",",a","0",",a","19860318",",,a","3.0",",,a,18,","5.0",",,,a"
"ASN00035094","1986-04","-22.4831","147.5172","318.0","WINVIC, AS","2",",a","2",",a","0",",a","19860430",",,a","16.0",",,a,30,","20.0",",,,a"
"ASN00035094","1986-05","-22.4831","147.5172","318.0","WINVIC, AS","4",",a","4",",a","1",",a","19860505",",,a","47.0",",,a,05,","67.0",",,,a"
"ASN00035094","1986-06","-22.4831","147.5172","318.0","WINVIC, AS","3",",a","3",",a","1",",a","19860615",",,a","42.0",",,a,15,","60.0",",,,a"
"ASN00035094","1986-07","-22.4831","147.5172","318.0","WINVIC, AS","1",",a","1",",a","0",",a","19860703",",,a","4.0",",,a,03,","4.0",",,,a"
"ASN00035094","1986-08","-22.4831","147.5172","318.0","WINVIC, AS","4",",a","4",",a","0",",a","19860817",",,a","20.0",",,a,17,","45.0",",,,a"
"ASN00035094","1986-09","-22.4831","147.5172","318.0","WINVIC, AS","2",",a","2",",a","0",",a","19860928",",,a","6.0",",,a,28,","9.0",",,,a"
"ASN00035094","1986-10","-22.4831","147.5172","318.0","WINVIC, AS","5",",a","5",",a","1",",a","19861023",",,a","62.0",",,a,23,","107.0",",,,a"
"ASN00035094","1986-11","-22.4831","147.5172","318.0","WINVIC, AS","1",",a","1",",a","0",",a","19861112",",,a","11.0",",,a,12,","11.0",",,,a"
"ASN00035094","1986-12","-22.4831","147.5172","318.0","WINVIC, AS","4",",a","4",",a","1",",a","19861218",",,a","37.0",",,a,18,","65.0",",,,a"
"ASN00035094","1987-01","-22.4831","147.5172","318.0","WINVIC, AS","3",",a","3",",a","0",",a","19870130",",,a","20.0",",,a,30,","38.0",",,,a"
"ASN00035094","1987-02","-22.4831","147.5172","318.0","WINVIC, AS","2",",a","2",",a","0",",a","19870201",",,a","11.0",",,a,01,","20.0",",,,a"
"ASN00035094","1987-03","-22.4831","147.5172","318.0","WINVIC, AS","1",",a","1",",a","0",",a","19870307",",,a","9.0",",,a,07,","9.0",",,,a"
"ASN00035094","1987-04","-22.4831","147.5172","318.0","WINVIC, AS","1",",a","1",",a","1",",a","19870427",",,a","27.0",",,a,27,","27.0",",,,a"
"ASN00035094","1987-05","-22.4831","147.5172","318.0","WINVIC, AS","1",",a","1",",a","0",",a","19870504",",,a","5.0",",,a,04,","5.0",",,,a"
"ASN00035094","1987-06","-22.4831","147.5172","318.0","WINVIC, AS","5",",a","5",",a","0",",a","19870618",",,a","22.0",",,a,18,","50.0",",,,a"
"ASN00035094","1987-07","-22.4831","147.5172","318.0","WINVIC, AS","3",",a","3",",a","1",",a","19870728",",,a","28.0",",,a,28,","40.0",",,,a"
"ASN00035094","1987-08","-22.4831","147.5172","318.0","WINVIC, AS","2",",a","2",",a","0",",a","19870814",",,a","12.0",",,a,14,","17.0",",,,a"
"ASN00035094","1987-09","-22.4831","147.5172","318.0","WINVIC, AS","2",",a","2",",a","0",",a","19870910",",,a","11.0",",,a,10,","18.0",",,,a"
"ASN00035094","1987-10","-22.4831","147.5172","318.0","WINVIC, AS","3",",a","3",",a","2",",a","19871030",",,a","34.0",",,a,30,","73.0",",,,a"
"ASN00035094","1987-11","-22.4831","147.5172","318.0","WINVIC, AS","3",",a","3",",a","0",",a","19871108",",,a","21.0",",,a,08,","46.0",",,,a"
"ASN00035094","1987-12","-22.4831","147.5172","318.0","WINVIC, AS","4",",a","3",",a","2",",a","19871230",",,a","37.0",",,a,30,","81.0",",,,a"
"ASN00035094","1988-01","-22.4831","147.5172","318.0","WINVIC, AS","1",",a","1",",a","0",",a","19880106",",,a","9.0",",,a,06,","9.0",",,,a"
"ASN00035094","1988-02","-22.4831","147.5172","318.0","WINVIC, AS","7",",a","7",",a","0",",a","19880226","+,,a","25.0",",,a,26,+","89.0",",,,a"
"ASN00035094","1988-03","-22.4831","147.5172","318.0","WINVIC, AS","3",",a","3",",a","2",",a","19880302",",,a","62.0",",,a,02,","100.0",",,,a"
"ASN00035094","1988-04","-22.4831","147.5172","318.0","WINVIC, AS","3",",a","3",",a","1",",a","19880403",",,a","70.0",",,a,03,","85.0",",,,a"
"ASN00035094","1988-05","-22.4831","147.5172","318.0","WINVIC, AS","3",",a","3",",a","0",",a","19880518",",,a","15.0",",,a,18,","32.0",",,,a"
"ASN00035094","1988-06","-22.4831","147.5172","318.0","WINVIC, AS","2",",a","2",",a","0",",a","19880602",",,a","16.0",",,a,02,","31.0",",,,a"
"ASN00035094","1988-07","-22.4831","147.5172","318.0","WINVIC, AS","2",",a","2",",a","1",",a","19880704",",,a","28.0",",,a,04,","46.0",",,,a"
"ASN00035094","1988-08","-22.4831","147.5172","318.0","WINVIC, AS","1",",a","1",",a","1",",a","19880823",",,a","82.0",",,a,23,","82.0",",,,a"
"ASN00035094","1988-09","-22.4831","147.5172","318.0","WINVIC, AS","0",",a","0",",a","0",",a","19880930","+,,a","0.0",",,a,30,+","0.0",",,,a"
"ASN00035094","1988-10","-22.4831","147.5172","318.0","WINVIC, AS","2",",a","2",",a","0",",a","19881016",",,a","19.0",",,a,16,","24.0",",,,a"
"ASN00035094","1988-11","-22.4831","147.5172","318.0","WINVIC, AS","2",",a","2",",a","1",",a","19881120",",,a","32.0",",,a,20,","35.0",",,,a"
"ASN00035094","1988-12","-22.4831","147.5172","318.0","WINVIC, AS","9",",a","9",",a","1",",a","19881211",",,a","30.0",",,a,11,","118.0",",,,a"
"ASN00035094","1989-01","-22.4831","147.5172","318.0","WINVIC, AS","6",",a","6",",a","0",",a","19890111",",,a","25.0",",,a,11,","80.0",",,,a"
"ASN00035094","1989-02","-22.4831","147.5172","318.0","WINVIC, AS","5",",a","5",",a","2",",a","19890204",",,a","41.0",",,a,04,","107.0",",,,a"
"ASN00035094","1989-03","-22.4831","147.5172","318.0","WINVIC, AS","3",",a","3",",a","0",",a","19890317",",,a","14.0",",,a,17,","23.0",",,,a"
"ASN00035094","1989-04","-22.4831","147.5172","318.0","WINVIC, AS","7",",a","7",",a","2",",a","19890405",",,a","65.0",",,a,05,","156.0",",,,a"
"ASN00035094","1989-05","-22.4831","147.5172","318.0","WINVIC, AS","5",",a","5",",a","3",",a","19890516",",,a","65.0",",,a,16,","156.0",",,,a"
"ASN00035094","1989-06","-22.4831","147.5172","318.0","WINVIC, AS","2",",a","2",",a","0",",a","19890606",",,a","15.0",",,a,06,","21.0",",,,a"
"ASN00035094","1989-07","-22.4831","147.5172","318.0","WINVIC, AS","4",",a","4",",a","1",",a","19890716",",,a","26.0",",,a,16,","50.0",",,,a"
"ASN00035094","1989-08","-22.4831","147.5172","318.0","WINVIC, AS","0",",a","0",",a","0",",a","19890831","+,,a","0.0",",,a,31,+","0.0",",,,a"
"ASN00035094","1989-09","-22.4831","147.5172","318.0","WINVIC, AS","0",",a","0",",a","0",",a","19890930","+,,a","0.0",",,a,30,+","0.0",",,,a"
"ASN00035094","1989-10","-22.4831","147.5172","318.0","WINVIC, AS","3",",a","3",",a","0",",a","19891026",",,a","12.0",",,a,26,","24.0",",,,a"
"ASN00035094","1989-11","-22.4831","147.5172","318.0","WINVIC, AS","7",",a","7",",a","1",",a","19891115",",,a","30.0",",,a,15,","111.0",",,,a"
"ASN00035094","1989-12","-22.4831","147.5172","318.0","WINVIC, AS","3",",a","3",",a","0",",a","19891210",",,a","19.0",",,a,10,","38.0",",,,a"
"ASN00035094","1990-01","-22.4831","147.5172","318.0","WINVIC, AS","2",",a","2",",a","0",",a","19900131",",,a","14.0",",,a,31,","21.0",",,,a"
"ASN00035094","1990-02","-22.4831","147.5172","318.0","WINVIC, AS","1",",a","1",",a","0",",a","19900201",",,a","12.0",",,a,01,","12.0",",,,a"
"ASN00035094","1990-03","-22.4831","147.5172","318.0","WINVIC, AS","8",",a","8",",a","2",",a","19900325",",,a","90.0",",,a,25,","216.0",",,,a"
"ASN00035094","1990-04","-22.4831","147.5172","318.0","WINVIC, AS","6",",a","6",",a","0",",a","19900402",",,a","20.0",",,a,02,","81.0",",,,a"
"ASN00035094","1990-05","-22.4831","147.5172","318.0","WINVIC, AS","2",",a","2",",a","1",",a","19900523",",,a","52.0",",,a,23,","64.0",",,,a"
"ASN00035094","1990-06","-22.4831","147.5172","318.0","WINVIC, AS","2",",a","2",",a","1",",a","19900606",",,a","42.0",",,a,06,","45.0",",,,a"
"ASN00035094","1990-07","-22.4831","147.5172","318.0","WINVIC, AS","0",",a","0",",a","0",",a","19900731","+,,a","0.0",",,a,31,+","0.0",",,,a"
"ASN00035094","1990-08","-22.4831","147.5172","318.0","WINVIC, AS","0",",a","0",",a","0",",a","19900831","+,,a","0.0",",,a,31,+","0.0",",,,a"
"ASN00035094","1990-09","-22.4831","147.5172","318.0","WINVIC, AS","0",",a","0",",a","0",",a","19900930","+,,a","0.0",",,a,30,+","0.0",",,,a"
"ASN00035094","1990-10","-22.4831","147.5172","318.0","WINVIC, AS","2",",a","2",",a","0",",a","19901020",",,a","12.0",",,a,20,","15.0",",,,a"
"ASN00035094","1990-11","-22.4831","147.5172","318.0","WINVIC, AS","1",",a","1",",a","0",",a","19901105",",,a","8.0",",,a,05,","8.0",",,,a"
"ASN00035094","1990-12","-22.4831","147.5172","318.0","WINVIC, AS","7",",a","7",",a","2",",a","19901228",",,a","33.0",",,a,28,","136.0",",,,a"
"ASN00035094","1991-01","-22.4831","147.5172","318.0","WINVIC, AS","8",",a","8",",a","0",",a","19910104",",,a","25.0",",,a,04,","118.0",",,,a"
"ASN00035094","1991-02","-22.4831","147.5172","318.0","WINVIC, AS","6",",a","6",",a","3",",a","19910204",",,a","51.0",",,a,04,","149.0",",,,a"
"ASN00035094","1991-03","-22.4831","147.5172","318.0","WINVIC, AS","0",",a","0",",a","0",",a","19910331","+,,a","0.0",",,a,31,+","0.0",",,,a"
"ASN00035094","1991-04","-22.4831","147.5172","318.0","WINVIC, AS","0",",a","0",",a","0",",a","19910430","+,,a","0.0",",,a,30,+","0.0",",,,a"
"ASN00035094","1991-05","-22.4831","147.5172","318.0","WINVIC, AS","2",",a","2",",a","0",",a","19910522",",,a","17.0",",,a,22,","25.0",",,,a"
"ASN00035094","1991-06","-22.4831","147.5172","318.0","WINVIC, AS","0",",a","0",",a","0",",a","19910630","+,,a","0.0",",,a,30,+","0.0",",,,a"
"ASN00035094","1991-07","-22.4831","147.5172","318.0","WINVIC, AS","1",",a","1",",a","1",",a","19910709",",,a","33.0",",,a,09,","33.0",",,,a"
"ASN00035094","1991-08","-22.4831","147.5172","318.0","WINVIC, AS","0",",a","0",",a","0",",a","19910831","+,,a","0.0",",,a,31,+","0.0",",,,a"
"ASN00035094","1991-09","-22.4831","147.5172","318.0","WINVIC, AS","1",",a","1",",a","0",",a","19910928",",,a","4.0",",,a,28,","4.0",",,,a"
"ASN00035094","1991-10","-22.4831","147.5172","318.0","WINVIC, AS","1",",a","1",",a","0",",a","19911030",",,a","3.0",",,a,30,","3.0",",,,a"
"ASN00035094","1991-11","-22.4831","147.5172","318.0","WINVIC, AS","1",",a","1",",a","1",",a","19911116",",,a","46.0",",,a,16,","46.0",",,,a"
"ASN00035094","1991-12","-22.4831","147.5172","318.0","WINVIC, AS","6",",a","6",",a","1",",a","19911211",",,a","36.0",",,a,11,","88.4",",,,a"
"ASN00035094","1992-01","-22.4831","147.5172","318.0","WINVIC, AS","5",",a","5",",a","0",",a","19920108",",,a","19.0",",,a,08,","46.0",",,,a"
"ASN00035094","1992-02","-22.4831","147.5172","318.0","WINVIC, AS","2",",a","2",",a","1",",a","19920225",",,a","47.0",",,a,25,","54.0",",,,a"
"ASN00035094","1992-03","-22.4831","147.5172","318.0","WINVIC, AS","0",",a","0",",a","0",",a","19920331","+,,a","0.0",",,a,31,+","0.0",",,,a"
"ASN00035094","1992-04","-22.4831","147.5172","318.0","WINVIC, AS","3",",a","3",",a","0",",a","19920424",",,a","6.0",",,a,24,","15.0",",,,a"
"ASN00035094","1992-05","-22.4831","147.5172","318.0","WINVIC, AS","4",",a","4",",a","0",",a","19920512",",,a","21.0",",,a,12,","43.0",",,,a"
"ASN00035094","1992-06","-22.4831","147.5172","318.0","WINVIC, AS","1",",a","0",",a","0",",a","19920610",",,a","2.0",",,a,10,","2.0",",,,a"
"ASN00035094","1992-07","-22.4831","147.5172","318.0","WINVIC, AS","0",",a","0",",a","0",",a","19920731","+,,a","0.0",",,a,31,+","0.0",",,,a"
"ASN00035094","1992-08","-22.4831","147.5172","318.0","WINVIC, AS","1",",a","1",",a","0",",a","19920824",",,a","11.0",",,a,24,","11.0",",,,a"
"ASN00035094","1992-09","-22.4831","147.5172","318.0","WINVIC, AS","1",",a","1",",a","0",",a","19920903",",,a","10.0",",,a,03,","10.0",",,,a"
"ASN00035094","1992-10","-22.4831","147.5172","318.0","WINVIC, AS","1",",a","1",",a","0",",a","19921024",",,a","8.0",",,a,24,","8.0",",,,a"
"ASN00035094","1992-11","-22.4831","147.5172","318.0","WINVIC, AS","4",",a","4",",a","1",",a","19921115",",,a","26.0",",,a,15,","37.0",",,,a"
"ASN00035094","1992-12","-22.4831","147.5172","318.0","WINVIC, AS","3",",a","3",",a","1",",a","19921219",",,a","47.0",",,a,19,","74.0",",,,a"
"ASN00035094","1993-01","-22.4831","147.5172","318.0","WINVIC, AS","7",",a","6",",a","0",",a","19930106",",,a","19.0",",,a,06,","74.0",",,,a"
"ASN00035094","1993-02","-22.4831","147.5172","318.0","WINVIC, AS","2",",a","2",",a","0",",a","19930227",",,a","8.0",",,a,27,","11.0",",,,a"
"ASN00035094","1993-03","-22.4831","147.5172","318.0","WINVIC, AS","1",",a","1",",a","0",",a","19930301",",,a","10.0",",,a,01,","10.0",",,,a"
"ASN00035094","1993-04","-22.4831","147.5172","318.0","WINVIC, AS","0",",a","0",",a","0",",a","19930430","+,,a","0.0",",,a,30,+","0.0",",,,a"
"ASN00035094","1993-05","-22.4831","147.5172","318.0","WINVIC, AS","1",",a","1",",a","0",",a","19930515",",,a","3.0",",,a,15,","3.0",",,,a"
"ASN00035094","1993-06","-22.4831","147.5172","318.0","WINVIC, AS","1",",a","1",",a","0",",a","19930602",",,a","5.0",",,a,02,","5.0",",,,a"
"ASN00035094","1993-07","-22.4831","147.5172","318.0","WINVIC, AS","2",",a","2",",a","0",",a","19930709",",,a","11.0",",,a,09,","19.0",",,,a"
"ASN00035094","1993-08","-22.4831","147.5172","318.0","WINVIC, AS","2",",a","2",",a","1",",a","19930829",",,a","50.0",",,a,29,","60.0",",,,a"
"ASN00035094","1993-09","-22.4831","147.5172","318.0","WINVIC, AS","2",",a","2",",a","0",",a","19930914",",,a","18.0",",,a,14,","21.0",",,,a"
"ASN00035094","1993-10","-22.4831","147.5172","318.0","WINVIC, AS","0",",a","0",",a","0",",a","19931031","+,,a","0.0",",,a,31,+","0.0",",,,a"
"ASN00035094","1993-11","-22.4831","147.5172","318.0","WINVIC, AS","8",",a","8",",a","1",",a","19931109",",,a","35.0",",,a,09,","115.0",",,,a"
"ASN00035094","1993-12","-22.4831","147.5172","318.0","WINVIC, AS","4",",a","4",",a","0",",a","19931218",",,a","22.0",",,a,18,","42.0",",,,a"
"ASN00035094","1994-01","-22.4831","147.5172","318.0","WINVIC, AS","2",",a","2",",a","0",",a","19940122",",,a","10.0",",,a,22,","19.0",",,,a"
"ASN00035094","1994-02","-22.4831","147.5172","318.0","WINVIC, AS","2",",a","2",",a","0",",a","19940203",",,a","9.0",",,a,03,","15.0",",,,a"
"ASN00035094","1994-03","-22.4831","147.5172","318.0","WINVIC, AS","7",",a","7",",a","1",",a","19940303",",,a","27.0",",,a,03,","125.0",",,,a"
"ASN00035094","1994-04","-22.4831","147.5172","318.0","WINVIC, AS","0",",a","0",",a","0",",a","19940430","+,,a","0.0",",,a,30,+","0.0",",,,a"
"ASN00035094","1994-05","-22.4831","147.5172","318.0","WINVIC, AS","0",",a","0",",a","0",",a","19940531","+,,a","0.0",",,a,31,+","0.0",",,,a"
"ASN00035094","1994-06","-22.4831","147.5172","318.0","WINVIC, AS","0",",a","0",",a","0",",a","19940630","+,,a","0.0",",,a,30,+","0.0",",,,a"
"ASN00035094","1994-07","-22.4831","147.5172","318.0","WINVIC, AS","1",",a","1",",a","0",",a","19940704",",,a","3.0",",,a,04,","3.0",",,,a"
"ASN00035094","1994-08","-22.4831","147.5172","318.0","WINVIC, AS","0",",a","0",",a","0",",a","19940831","+,,a","0.0",",,a,31,+","0.0",",,,a"
"ASN00035094","1994-09","-22.4831","147.5172","318.0","WINVIC, AS","0",",a","0",",a","0",",a","19940930","+,,a","0.0",",,a,30,+","0.0",",,,a"
"ASN00035094","1994-10","-22.4831","147.5172","318.0","WINVIC, AS","1","2,a","1","2,a","0","2,a","19941024",",2,a","20.0","2,,a,24,","28.0",",a,,a"
"ASN00035094","1994-11","-22.4831","147.5172","318.0","WINVIC, AS","0",",a","0",",a","0",",a","19941130","+,,a","0.0",",,a,30,+","0.0",",,,a"
"ASN00035094","1994-12","-22.4831","147.5172","318.0","WINVIC, AS","4",",a","4",",a","0",",a","19941225",",,a","21.0",",,a,25,","52.0",",,,a"
"ASN00035094","1995-01","-22.4831","147.5172","318.0","WINVIC, AS","4",",a","4",",a","2",",a","19950120","+,,a","26.0",",,a,20,+","74.0",",,,a"
"ASN00035094","1995-02","-22.4831","147.5172","318.0","WINVIC, AS","8",",a","8",",a","3",",a","19950208",",,a","56.0",",,a,08,","216.0",",,,a"
"ASN00035094","1995-03","-22.4831","147.5172","318.0","WINVIC, AS","2",",a","2",",a","0",",a","19950331",",,a","19.0",",,a,31,","34.0",",,,a"
"ASN00035094","1995-04","-22.4831","147.5172","318.0","WINVIC, AS","4",",a","4",",a","0",",a","19950406",",,a","14.0",",,a,06,","45.0",",,,a"
"ASN00035094","1995-05","-22.4831","147.5172","318.0","WINVIC, AS","1",",a","1",",a","0",",a","19950521",",,a","16.0",",,a,21,","16.0",",,,a"
"ASN00035094","1995-06","-22.4831","147.5172","318.0","WINVIC, AS","0",",a","0",",a","0",",a","19950630","+,,a","0.0",",,a,30,+","0.0",",,,a"
"ASN00035094","1995-07","-22.4831","147.5172","318.0","WINVIC, AS","0",",a","0",",a","0",",a","19950731","+,,a","0.0",",,a,31,+","0.0",",,,a"
"ASN00035094","1995-08","-22.4831","147.5172","318.0","WINVIC, AS","3",",a","3",",a","0",",a","19950807",",,a","25.0",",,a,07,","50.0",",,,a"
"ASN00035094","1995-09","-22.4831","147.5172","318.0","WINVIC, AS","1",",a","1",",a","0",",a","19950906",",,a","4.0",",,a,06,","4.0",",,,a"
"ASN00035094","1995-10","-22.4831","147.5172","318.0","WINVIC, AS","4",",a","4",",a","1",",a","19951016",",,a","40.0",",,a,16,","77.0",",,,a"
"ASN00035094","1995-11","-22.4831","147.5172","318.0","WINVIC, AS","4",",a","4",",a","1",",a","19951118",",,a","49.0",",,a,18,","80.0",",,,a"
"ASN00035094","1995-12","-22.4831","147.5172","318.0","WINVIC, AS","3",",a","3",",a","1",",a","19951229",",,a","48.0",",,a,29,","70.0",",,,a"
"ASN00035094","1996-01","-22.4831","147.5172","318.0","WINVIC, AS","8",",a","8",",a","3",",a","19960109",",,a","71.0",",,a,09,","222.0",",,,a"
"ASN00035094","1996-02","-22.4831","147.5172","318.0","WINVIC, AS","0",",a","0",",a","0",",a","19960229","+,,a","0.0",",,a,29,+","0.0",",,,a"
"ASN00035094","1996-03","-22.4831","147.5172","318.0","WINVIC, AS","0",",a","0",",a","0",",a","19960331","+,,a","0.0",",,a,31,+","0.0",",,,a"
"ASN00035094","1996-04","-22.4831","147.5172","318.0","WINVIC, AS","4",",a","3",",a","0",",a","19960423",",,a","25.0",",,a,23,","58.0",",,,a"
"ASN00035094","1996-05","-22.4831","147.5172","318.0","WINVIC, AS","1",",a","1",",a","0",",a","19960501",",,a","6.0",",,a,01,","6.0",",,,a"
"ASN00035094","1996-06","-22.4831","147.5172","318.0","WINVIC, AS","4",",a","3",",a","0",",a","19960610",",,a","9.0",",,a,10,","21.0",",,,a"
"ASN00035094","1996-07","-22.4831","147.5172","318.0","WINVIC, AS","1",",a","1",",a","0",",a","19960727",",,a","7.0",",,a,27,","7.0",",,,a"
"ASN00035094","1996-08","-22.4831","147.5172","318.0","WINVIC, AS","4",",a","4",",a","0",",a","19960809",",,a","18.0",",,a,09,","34.0",",,,a"
"ASN00035094","1996-09","-22.4831","147.5172","318.0","WINVIC, AS","0",",a","0",",a","0",",a","19960930","+,,a","0.0",",,a,30,+","0.0",",,,a"
"ASN00035094","1996-10","-22.4831","147.5172","318.0","WINVIC, AS","2",",a","2",",a","1",",a","19961019",",,a","27.0",",,a,19,","32.0",",,,a"
"ASN00035094","1996-11","-22.4831","147.5172","318.0","WINVIC, AS","2",",a","2",",a","0",",a","19961106",",,a","17.0",",,a,06,","27.0",",,,a"
"ASN00035094","1996-12","-22.4831","147.5172","318.0","WINVIC, AS","2",",a","2",",a","1",",a","19961211",",,a","30.0",",,a,11,","39.0",",,,a"
"ASN00035094","1997-01","-22.4831","147.5172","318.0","WINVIC, AS","2",",a","2",",a","0",",a","19970129",",,a","22.0",",,a,29,","25.0",",,,a"
"ASN00035094","1997-02","-22.4831","147.5172","318.0","WINVIC, AS","11",",a","11",",a","4",",a","19970225",",,a","72.0",",,a,25,","278.0",",,,a"
"ASN00035094","1997-03","-22.4831","147.5172","318.0","WINVIC, AS","3",",a","3",",a","0",",a","19970323",",,a","10.0",",,a,23,","27.0",",,,a"
"ASN00035094","1997-04","-22.4831","147.5172","318.0","WINVIC, AS","2",",a","2",",a","0",",a","19970401",",,a","13.0",",,a,01,","23.0",",,,a"
"ASN00035094","1997-05","-22.4831","147.5172","318.0","WINVIC, AS","2",",a","2",",a","1",",a","19970516",",,a","30.0",",,a,16,","35.0",",,,a"
"ASN00035094","1997-06","-22.4831","147.5172","318.0","WINVIC, AS","2",",a","2",",a","0",",a","19970621",",,a","22.0",",,a,21,","26.0",",,,a"
"ASN00035094","1997-07","-22.4831","147.5172","318.0","WINVIC, AS","0",",a","0",",a","0",",a","19970731","+,,a","0.0",",,a,31,+","0.0",",,,a"
"ASN00035094","1997-08","-22.4831","147.5172","318.0","WINVIC, AS","1",",a","1",",a","0",",a","19970805",",,a","19.0",",,a,05,","19.0",",,,a"
"ASN00035094","1997-09","-22.4831","147.5172","318.0","WINVIC, AS","2",",a","2",",a","0",",a","19970903","+,,a","5.0",",,a,03,+","10.0",",,,a"
"ASN00035094","1997-10","-22.4831","147.5172","318.0","WINVIC, AS","1",",a","1",",a","0",",a","19971008",",,a","7.0",",,a,08,","7.0",",,,a"
"ASN00035094","1997-11","-22.4831","147.5172","318.0","WINVIC, AS","6",",a","5",",a","2",",a","19971119",",,a","78.0",",,a,19,","143.0",",,,a"
"ASN00035094","1997-12","-22.4831","147.5172","318.0","WINVIC, AS","7",",a","7",",a","3",",a","19971211",",,a","44.0",",,a,11,","141.0",",,,a"
"ASN00035094","1998-01","-22.4831","147.5172","318.0","WINVIC, AS","5",",a","5",",a","1",",a","19980117",",,a","28.0",",,a,17,","65.0",",,,a"
"ASN00035094","1998-02","-22.4831","147.5172","318.0","WINVIC, AS","4",",a","4",",a","0",",a","19980213",",,a","18.0",",,a,13,","47.0",",,,a"
"ASN00035094","1998-03","-22.4831","147.5172","318.0","WINVIC, AS","0",",a","0",",a","0",",a","19980331","+,,a","0.0",",,a,31,+","0.0",",,,a"
"ASN00035094","1998-04","-22.4831","147.5172","318.0","WINVIC, AS","1",",a","1",",a","1",",a","19980423",",,a","120.0",",,a,23,","120.0",",,,a"
"ASN00035094","1998-05","-22.4831","147.5172","318.0","WINVIC, AS","2",",a","2",",a","1",",a","19980505",",,a","38.0",",,a,05,","41.0",",,,a"
"ASN00035094","1998-06","-22.4831","147.5172","318.0","WINVIC, AS","2",",a","2",",a","0",",a","19980630",",,a","22.0",",,a,30,","42.0",",,,a"
"ASN00035094","1998-07","-22.4831","147.5172","318.0","WINVIC, AS","1",",a","1",",a","0",",a","19980726",",,a","3.0",",,a,26,","3.0",",,,a"
"ASN00035094","1998-08","-22.4831","147.5172","318.0","WINVIC, AS","7",",a","7",",a","3",",a","19980830",",,a","65.0",",,a,30,","177.0",",,,a"
"ASN00035094","1998-09","-22.4831","147.5172","318.0","WINVIC, AS","3",",a","3",",a","0",",a","19980914","+,,a","9.0",",,a,14,+","23.0",",,,a"
"ASN00035094","1998-10","-22.4831","147.5172","318.0","WINVIC, AS","4",",a","4",",a","0",",a","19981010",",,a","21.0",",,a,10,","59.0",",,,a"
"ASN00035094","1998-11","-22.4831","147.5172","318.0","WINVIC, AS","8",",a","8",",a","2",",a","19981113",",,a","74.0",",,a,13,","134.0",",,,a"
"ASN00035094","1998-12","-22.4831","147.5172","318.0","WINVIC, AS","3",",a","3",",a","2",",a","19981221",",,a","32.0",",,a,21,","65.0",",,,a"
"ASN00035094","1999-01","-22.4831","147.5172","318.0","WINVIC, AS","5",",a","5",",a","2",",a","19990103",",,a","112.0",",,a,03,","200.0",",,,a"
"ASN00035094","1999-02","-22.4831","147.5172","318.0","WINVIC, AS","3",",a","3",",a","2",",a","19990211",",,a","63.0",",,a,11,","103.0",",,,a"
"ASN00035094","1999-03","-22.4831","147.5172","318.0","WINVIC, AS","4",",a","4",",a","3",",a","19990306",",,a","80.0",",,a,06,","189.0",",,,a"
"ASN00035094","1999-04","-22.4831","147.5172","318.0","WINVIC, AS","3",",a","3",",a","0",",a","19990403",",,a","7.0",",,a,03,","15.0",",,,a"
"ASN00035094","1999-05","-22.4831","147.5172","318.0","WINVIC, AS","0",",a","0",",a","0",",a","19990531","+,,a","0.0",",,a,31,+","0.0",",,,a"
"ASN00035094","1999-06","-22.4831","147.5172","318.0","WINVIC, AS","1",",a","1",",a","0",",a","19990609",",,a","3.0",",,a,09,","3.0",",,,a"
"ASN00035094","1999-07","-22.4831","147.5172","318.0","WINVIC, AS","3",",a","3",",a","0",",a","19990724",",,a","7.0",",,a,24,","16.0",",,,a"
"ASN00035094","1999-08","-22.4831","147.5172","318.0","WINVIC, AS","0",",a","0",",a","0",",a","19990831","+,,a","0.0",",,a,31,+","0.0",",,,a"
"ASN00035094","1999-09","-22.4831","147.5172","318.0","WINVIC, AS","0",",a","0",",a","0",",a","19990930","+,,a","0.0",",,a,30,+","0.0",",,,a"
"ASN00035094","1999-10","-22.4831","147.5172","318.0","WINVIC, AS","1",",a","1",",a","0",",a","19991023",",,a","5.0",",,a,23,","5.0",",,,a"
"ASN00035094","1999-11","-22.4831","147.5172","318.0","WINVIC, AS","8",",a","7",",a","0",",a","19991128",",,a","19.0",",,a,28,","71.0",",,,a"
"ASN00035094","1999-12","-22.4831","147.5172","318.0","WINVIC, AS","3",",a","3",",a","0",",a","19991227",",,a","18.0",",,a,27,","41.0",",,,a"
"ASN00035094","2000-01","-22.4831","147.5172","318.0","WINVIC, AS","4",",a","4",",a","0",",a","20000128","+,,a","22.0",",,a,28,+","74.0",",,,a"
"ASN00035094","2000-02","-22.4831","147.5172","318.0","WINVIC, AS","5","2,a","5","2,a","1","2,a","20000215",",2,a","90.0","2,,a,15,","175.0",",a,,a"
"ASN00035094","2000-03","-22.4831","147.5172","318.0","WINVIC, AS","1",",a","1",",a","0",",a","20000327",",,a","4.0",",,a,27,","4.0",",,,a"
"ASN00035094","2000-04","-22.4831","147.5172","318.0","WINVIC, AS","8",",a","8",",a","1",",a","20000424",",,a","26.0",",,a,24,","121.0",",,,a"
"ASN00035094","2000-05","-22.4831","147.5172","318.0","WINVIC, AS","1",",a","1",",a","0",",a","20000506",",,a","7.0",",,a,06,","7.0",",,,a"
"ASN00035094","2000-06","-22.4831","147.5172","318.0","WINVIC, AS","2",",a","2",",a","1",",a","20000610",",,a","45.0",",,a,10,","50.0",",,,a"
"ASN00035094","2000-07","-22.4831","147.5172","318.0","WINVIC, AS","0",",a","0",",a","0",",a","20000731","+,,a","0.0",",,a,31,+","0.0",",,,a"
"ASN00035094","2000-08","-22.4831","147.5172","318.0","WINVIC, AS","1",",a","1",",a","0",",a","20000806",",,a","11.0",",,a,06,","11.0",",,,a"
"ASN00035094","2000-09","-22.4831","147.5172","318.0","WINVIC, AS","0",",a","0",",a","0",",a","20000930","+,,a","0.0",",,a,30,+","0.0",",,,a"
"ASN00035094","2000-10","-22.4831","147.5172","318.0","WINVIC, AS","2",",a","2",",a","1",",a","20001030",",,a","63.0",",,a,30,","69.0",",,,a"
"ASN00035094","2000-11","-22.4831","147.5172","318.0","WINVIC, AS","7",",a","7",",a","3",",a","20001120",",,a","31.0",",,a,20,","126.0",",,,a"
"ASN00035094","2000-12","-22.4831","147.5172","318.0","WINVIC, AS","4",",a","4",",a","4",",a","20001216",",,a","108.0",",,a,16,","229.0",",,,a"
"ASN00035094","2001-01","-22.4831","147.5172","318.0","WINVIC, AS","2",",a","2",",a","0",",a","20010130",",,a","20.0",",,a,30,","27.0",",,,a"
"ASN00035094","2001-02","-22.4831","147.5172","318.0","WINVIC, AS","3",",a","3",",a","1",",a","20010204",",,a","29.0",",,a,04,","48.0",",,,a"
"ASN00035094","2001-03","-22.4831","147.5172","318.0","WINVIC, AS","7",",a","7",",a","0",",a","20010324","+,,a","24.0",",,a,24,+","96.0",",,,a"
"ASN00035094","2001-04","-22.4831","147.5172","318.0","WINVIC, AS","0",",a","0",",a","0",",a","20010430","+,,a","0.0",",,a,30,+","0.0",",,,a"
"ASN00035094","2001-05","-22.4831","147.5172","318.0","WINVIC, AS","0",",a","0",",a","0",",a","20010531","+,,a","0.0",",,a,31,+","0.0",",,,a"
"ASN00035094","2001-06","-22.4831","147.5172","318.0","WINVIC, AS","0",",a","0",",a","0",",a","20010630","+,,a","0.0",",,a,30,+","0.0",",,,a"
"ASN00035094","2001-07","-22.4831","147.5172","318.0","WINVIC, AS","2",",a","2",",a","0",",a","20010726",",,a","13.0",",,a,26,","20.0",",,,a"
"ASN00035094","2001-08","-22.4831","147.5172","318.0","WINVIC, AS","0",",a","0",",a","0",",a","20010831","+,,a","0.0",",,a,31,+","0.0",",,,a"
"ASN00035094","2001-09","-22.4831","147.5172","318.0","WINVIC, AS","1",",a","1",",a","0",",a","20010909",",,a","11.0",",,a,09,","11.0",",,,a"
"ASN00035094","2001-10","-22.4831","147.5172","318.0","WINVIC, AS","4",",a","4",",a","0",",a","20011026","+,,a","10.0",",,a,26,+","31.0",",,,a"
"ASN00035094","2001-11","-22.4831","147.5172","318.0","WINVIC, AS","2",",a","2",",a","1",",a","20011115",",,a","46.0",",,a,15,","52.0",",,,a"
"ASN00035094","2001-12","-22.4831","147.5172","318.0","WINVIC, AS","1",",a","1",",a","0",",a","20011217",",,a","15.0",",,a,17,","15.0",",,,a"
"ASN00035094","2002-01","-22.4831","147.5172","318.0","WINVIC, AS","8",",a","8",",a","2",",a","20020102",",,a","55.0",",,a,02,","127.0",",,,a"
"ASN00035094","2002-02","-22.4831","147.5172","318.0","WINVIC, AS","4",",a","4",",a","2",",a","20020202",",,a","66.0",",,a,02,","132.0",",,,a"
"ASN00035094","2002-03","-22.4831","147.5172","318.0","WINVIC, AS","1",",a","1",",a","0",",a","20020328",",,a","4.0",",,a,28,","4.0",",,,a"
"ASN00035094","2002-04","-22.4831","147.5172","318.0","WINVIC, AS","0",",a","0",",a","0",",a","20020430","+,,a","0.0",",,a,30,+","0.0",",,,a"
"ASN00035094","2002-05","-22.4831","147.5172","318.0","WINVIC, AS","2",",a","2",",a","0",",a","20020527",",,a","10.0",",,a,27,","17.0",",,,a"
"ASN00035094","2002-06","-22.4831","147.5172","318.0","WINVIC, AS","0",",a","0",",a","0",",a","20020630","+,,a","0.0",",,a,30,+","0.0",",,,a"
"ASN00035094","2002-07","-22.4831","147.5172","318.0","WINVIC, AS","0",",a","0",",a","0",",a","20020731","+,,a","0.0",",,a,31,+","0.0",",,,a"
"ASN00035094","2002-08","-22.4831","147.5172","318.0","WINVIC, AS","2",",a","2",",a","0",",a","20020820",",,a","5.0",",,a,20,","8.0",",,,a"
"ASN00035094","2002-09","-22.4831","147.5172","318.0","WINVIC, AS","0",",a","0",",a","0",",a","20020930","+,,a","0.0",",,a,30,+","0.0",",,,a"
"ASN00035094","2002-10","-22.4831","147.5172","318.0","WINVIC, AS","0",",a","0",",a","0",",a","20021031","+,,a","0.0",",,a,31,+","0.0",",,,a"
"ASN00035094","2002-11","-22.4831","147.5172","318.0","WINVIC, AS","1",",a","1",",a","0",",a","20021116",",,a","9.0",",,a,16,","9.0",",,,a"
"ASN00035094","2002-12","-22.4831","147.5172","318.0","WINVIC, AS","2",",a","2",",a","0",",a","20021221","+,,a","10.0",",,a,21,+","20.0",",,,a"
"ASN00035094","2003-01","-22.4831","147.5172","318.0","WINVIC, AS","1",",a","1",",a","1",",a","20030112",",,a","51.0",",,a,12,","51.0",",,,a"
"ASN00035094","2003-02","-22.4831","147.5172","318.0","WINVIC, AS","9",",a","9",",a","4",",a","20030211",",,a","59.0",",,a,11,","231.0",",,,a"
"ASN00035094","2003-03","-22.4831","147.5172","318.0","WINVIC, AS","4",",a","4",",a","1",",a","20030302",",,a","63.0",",,a,02,","93.0",",,,a"
"ASN00035094","2003-04","-22.4831","147.5172","318.0","WINVIC, AS","1",",a","1",",a","0",",a","20030403",",,a","8.0",",,a,03,","8.0",",,,a"
"ASN00035094","2003-05","-22.4831","147.5172","318.0","WINVIC, AS","1",",a","1",",a","0",",a","20030515",",,a","6.0",",,a,15,","6.0",",,,a"
"ASN00035094","2003-06","-22.4831","147.5172","318.0","WINVIC, AS","2",",a","2",",a","1",",a","20030625",",,a","28.0",",,a,25,","42.0",",,,a"
"ASN00035094","2003-07","-22.4831","147.5172","318.0","WINVIC, AS","0",",a","0",",a","0",",a","20030731","+,,a","0.0",",,a,31,+","0.0",",,,a"
"ASN00035094","2003-08","-22.4831","147.5172","318.0","WINVIC, AS","1",",a","1",",a","1",",a","20030816",",,a","45.0",",,a,16,","45.0",",,,a"
"ASN00035094","2003-09","-22.4831","147.5172","318.0","WINVIC, AS","0",",a","0",",a","0",",a","20030930","+,,a","0.0",",,a,30,+","0.0",",,,a"
"ASN00035094","2003-10","-22.4831","147.5172","318.0","WINVIC, AS","3",",a","3",",a","0",",a","20031021",",,a","12.0",",,a,21,","23.0",",,,a"
"ASN00035094","2003-11","-22.4831","147.5172","318.0","WINVIC, AS","0",",a","0",",a","0",",a","20031130","+,,a","0.0",",,a,30,+","0.0",",,,a"
"ASN00035094","2003-12","-22.4831","147.5172","318.0","WINVIC, AS","4",",a","4",",a","1",",a","20031213",",,a","55.0",",,a,13,","87.0",",,,a"
"ASN00035094","2004-01","-22.4831","147.5172","318.0","WINVIC, AS","10",",a","10",",a","3",",a","20040112",",,a","39.0",",,a,12,","190.0",",,,a"
"ASN00035094","2004-02","-22.4831","147.5172","318.0","WINVIC, AS","3",",a","3",",a","2",",a","20040226",",,a","62.0",",,a,26,","97.0",",,,a"
"ASN00035094","2004-03","-22.4831","147.5172","318.0","WINVIC, AS","0",",a","0",",a","0",",a","20040331","+,,a","0.0",",,a,31,+","0.0",",,,a"
"ASN00035094","2004-04","-22.4831","147.5172","318.0","WINVIC, AS","1",",a","1",",a","0",",a","20040429",",,a","14.0",",,a,29,","14.0",",,,a"
"ASN00035094","2004-05","-22.4831","147.5172","318.0","WINVIC, AS","0",",a","0",",a","0",",a","20040531","+,,a","0.0",",,a,31,+","0.0",",,,a"
"ASN00035094","2004-06","-22.4831","147.5172","318.0","WINVIC, AS","0",",a","0",",a","0",",a","20040630","+,,a","0.0",",,a,30,+","0.0",",,,a"
"ASN00035094","2004-07","-22.4831","147.5172","318.0","WINVIC, AS","0",",a","0",",a","0",",a","20040731","+,,a","0.0",",,a,31,+","0.0",",,,a"
"ASN00035094","2004-08","-22.4831","147.5172","318.0","WINVIC, AS","0",",a","0",",a","0",",a","20040831","+,,a","0.0",",,a,31,+","0.0",",,,a"
"ASN00035094","2004-09","-22.4831","147.5172","318.0","WINVIC, AS","1",",a","1",",a","0",",a","20040901",",,a","7.0",",,a,01,","7.0",",,,a"
"ASN00035094","2004-10","-22.4831","147.5172","318.0","WINVIC, AS","1",",a","1",",a","0",",a","20041030",",,a","21.0",",,a,30,","21.0",",,,a"
"ASN00035094","2004-11","-22.4831","147.5172","318.0","WINVIC, AS","6",",a","6",",a","0",",a","20041107",",,a","22.0",",,a,07,","74.0",",,,a"
"ASN00035094","2004-12","-22.4831","147.5172","318.0","WINVIC, AS","8",",a","8",",a","1",",a","20041211",",,a","41.0",",,a,11,","103.0",",,,a"
"ASN00035094","2005-01","-22.4831","147.5172","318.0","WINVIC, AS","5",",a","5",",a","1",",a","20050107",",,a","52.0",",,a,07,","98.0",",,,a"
"ASN00035094","2005-02","-22.4831","147.5172","318.0","WINVIC, AS","2",",a","2",",a","1",",a","20050210",",,a","40.0",",,a,10,","43.0",",,,a"
"ASN00035094","2005-03","-22.4831","147.5172","318.0","WINVIC, AS","0",",a","0",",a","0",",a","20050331","+,,a","0.0",",,a,31,+","0.0",",,,a"
"ASN00035094","2005-04","-22.4831","147.5172","318.0","WINVIC, AS","0",",a","0",",a","0",",a","20050430","+,,a","0.0",",,a,30,+","0.0",",,,a"
"ASN00035094","2005-05","-22.4831","147.5172","318.0","WINVIC, AS","1",",a","1",",a","1",",a","20050511",",,a","47.0",",,a,11,","47.0",",,,a"
"ASN00035094","2005-06","-22.4831","147.5172","318.0","WINVIC, AS","4",",a","4",",a","0",",a","20050620",",,a","10.0",",,a,20,","32.0",",,,a"
"ASN00035094","2005-07","-22.4831","147.5172","318.0","WINVIC, AS","2",",a","2",",a","0",",a","20050721",",,a","8.0",",,a,21,","13.0",",,,a"
"ASN00035094","2005-08","-22.4831","147.5172","318.0","WINVIC, AS","1",",a","1",",a","0",",a","20050812",",,a","14.0",",,a,12,","14.0",",,,a"
"ASN00035094","2005-09","-22.4831","147.5172","318.0","WINVIC, AS","0",",a","0",",a","0",",a","20050930","+,,a","0.0",",,a,30,+","0.0",",,,a"
"ASN00035094","2005-10","-22.4831","147.5172","318.0","WINVIC, AS","3",",a","3",",a","2",",a","20051020",",,a","142.0",",,a,20,","201.0",",,,a"
"ASN00035094","2005-11","-22.4831","147.5172","318.0","WINVIC, AS","3",",a","3",",a","1",",a","20051120",",,a","40.0",",,a,20,","49.0",",,,a"
"ASN00035094","2005-12","-22.4831","147.5172","318.0","WINVIC, AS","2",",a","2",",a","1",",a","20051202",",,a","46.0",",,a,02,","57.0",",,,a"
"ASN00035094","2006-01","-22.4831","147.5172","318.0","WINVIC, AS","2",",a","2",",a","0",",a","20060124",",,a","20.0",",,a,24,","28.0",",,,a"
"ASN00035094","2006-02","-22.4831","147.5172","318.0","WINVIC, AS","3",",a","3",",a","0",",a","20060206",",,a","18.0",",,a,06,","40.0",",,,a"
"ASN00035094","2006-03","-22.4831","147.5172","318.0","WINVIC, AS","4",",a","4",",a","1",",a","20060308",",,a","84.0",",,a,08,","120.0",",,,a"
"ASN00035094","2006-04","-22.4831","147.5172","318.0","WINVIC, AS","4","2,a","4","2,a","0","2,a","20060406",",2,a","25.0","2,,a,06,","57.0",",a,,a"
"ASN00035094","2006-05","-22.4831","147.5172","318.0","WINVIC, AS","0",",a","0",",a","0",",a","20060531","+,,a","0.0",",,a,31,+","0.0",",,,a"
"ASN00035094","2006-06","-22.4831","147.5172","318.0","WINVIC, AS","3",",a","3",",a","1",",a","20060611",",,a","33.0",",,a,11,","51.0",",,,a"
"ASN00035094","2006-07","-22.4831","147.5172","318.0","WINVIC, AS","3",",a","3",",a","0",",a","20060715",",,a","16.0",",,a,15,","24.0",",,,a"
"ASN00035094","2006-08","-22.4831","147.5172","318.0","WINVIC, AS","0",",a","0",",a","0",",a","20060831","+,,a","0.0",",,a,31,+","0.0",",,,a"
"ASN00035094","2006-09","-22.4831","147.5172","318.0","WINVIC, AS","1",",a","1",",a","0",",a","20060902",",,a","4.0",",,a,02,","4.0",",,,a"
"ASN00035094","2006-10","-22.4831","147.5172","318.0","WINVIC, AS","0",",a","0",",a","0",",a","20061031","+,,a","0.0",",,a,31,+","0.0",",,,a"
"ASN00035094","2006-11","-22.4831","147.5172","318.0","WINVIC, AS","3",",a","3",",a","0",",a","20061101",",,a","17.0",",,a,01,","26.0",",,,a"
"ASN00035094","2006-12","-22.4831","147.5172","318.0","WINVIC, AS","5",",a","5",",a","0",",a","20061228","+,,a","17.0",",,a,28,+","55.0",",,,a"
"ASN00035094","2007-01","-22.4831","147.5172","318.0","WINVIC, AS","4",",a","4",",a","1",",a","20070127",",,a","27.0",",,a,27,","75.0",",,,a"
"ASN00035094","2007-03","-22.4831","147.5172","318.0","WINVIC, AS","0",",a","0",",a","0",",a","20070331","+,,a","0.0",",,a,31,+","0.0",",,,a"
"ASN00035094","2007-04","-22.4831","147.5172","318.0","WINVIC, AS","0",",a","0",",a","0",",a","20070430","+,,a","0.0",",,a,30,+","0.0",",,,a"
"ASN00035094","2007-05","-22.4831","147.5172","318.0","WINVIC, AS","1",",a","1",",a","0",",a","20070521",",,a","3.0",",,a,21,","3.0",",,,a"
"ASN00035094","2007-06","-22.4831","147.5172","318.0","WINVIC, AS","8",",a","8",",a","1",",a","20070626",",,a","32.0",",,a,26,","136.0",",,,a"
"ASN00035094","2007-07","-22.4831","147.5172","318.0","WINVIC, AS","0",",a","0",",a","0",",a","20070731","+,,a","0.0",",,a,31,+","0.0",",,,a"
"ASN00035094","2007-08","-22.4831","147.5172","318.0","WINVIC, AS","1",",a","1",",a","0",",a","20070820",",,a","9.0",",,a,20,","9.0",",,,a"
"ASN00035094","2007-09","-22.4831","147.5172","318.0","WINVIC, AS","2",",a","2",",a","0",",a","20070905",",,a","18.0",",,a,05,","21.0",",,,a"
"ASN00035094","2007-10","-22.4831","147.5172","318.0","WINVIC, AS","3",",a","3",",a","0",",a","20071012",",,a","18.0",",,a,12,","33.0",",,,a"
"ASN00035094","2008-01","-22.4831","147.5172","318.0","WINVIC, AS","7",",a","7",",a","2",",a","20080119",",,a","66.0",",,a,19,","170.0",",,,a"
"ASN00035094","2008-02","-22.4831","147.5172","318.0","WINVIC, AS","9",",a","9",",a","3",",a","20080211",",,a","124.0",",,a,11,","265.0",",,,a"
"ASN00035094","2008-03","-22.4831","147.5172","318.0","WINVIC, AS","1",",a","1",",a","0",",a","20080329",",,a","7.0",",,a,29,","7.0",",,,a"
"ASN00035094","2008-04","-22.4831","147.5172","318.0","WINVIC, AS","0",",a","0",",a","0",",a","20080430","+,,a","0.0",",,a,30,+","0.0",",,,a"
"ASN00035094","2008-05","-22.4831","147.5172","318.0","WINVIC, AS","0","4,a","0","4,a","0","4,a","20080531","+,4,a","0.0","4,,a,31,+","7.0",",a,,a"
"ASN00035094","2008-06","-22.4831","147.5172","318.0","WINVIC, AS","1",",a","1",",a","0",",a","20080602",",,a","4.0",",,a,02,","4.0",",,,a"
"ASN00035094","2008-07","-22.4831","147.5172","318.0","WINVIC, AS","3",",a","3",",a","1",",a","20080724",",,a","54.0",",,a,24,","90.0",",,,a"
"ASN00035094","2008-08","-22.4831","147.5172","318.0","WINVIC, AS","0",",a","0",",a","0",",a","20080831","+,,a","0.0",",,a,31,+","0.0",",,,a"
"ASN00035094","2008-09","-22.4831","147.5172","318.0","WINVIC, AS","0",",a","0",",a","0",",a","20080930","+,,a","0.0",",,a,30,+","0.0",",,,a"
"ASN00035094","2008-10","-22.4831","147.5172","318.0","WINVIC, AS","1",",a","1",",a","0",",a","20081010",",,a","6.0",",,a,10,","6.0",",,,a"
"ASN00035094","2008-11","-22.4831","147.5172","318.0","WINVIC, AS","6",",a","5",",a","1",",a","20081108",",,a","26.0",",,a,08,","87.0",",,,a"
"ASN00035094","2008-12","-22.4831","147.5172","318.0","WINVIC, AS","3","2,a","3","2,a","0","2,a","20081229",",2,a","11.0","2,,a,29,","34.0",",a,,a"
"ASN00035094","2009-01","-22.4831","147.5172","318.0","WINVIC, AS","9",",a","9",",a","2",",a","20090102",",,a","44.0",",,a,02,","150.0",",,,a"
"ASN00035094","2009-02","-22.4831","147.5172","318.0","WINVIC, AS","8",",a","8",",a","1",",a","20090211",",,a","84.0",",,a,11,","156.0",",,,a"
"ASN00035094","2009-03","-22.4831","147.5172","318.0","WINVIC, AS","0",",a","0",",a","0",",a","20090331","+,,a","0.0",",,a,31,+","0.0",",,,a"
"ASN00035094","2009-04","-22.4831","147.5172","318.0","WINVIC, AS","5",",a","5",",a","0",",a","20090410",",,a","13.0",",,a,10,","40.0",",,,a"
"ASN00035094","2009-05","-22.4831","147.5172","318.0","WINVIC, AS","1",",a","1",",a","0",",a","20090519",",,a","4.0",",,a,19,","4.0",",,,a"
"ASN00035094","2009-06","-22.4831","147.5172","318.0","WINVIC, AS","1",",a","1",",a","0",",a","20090606",",,a","6.0",",,a,06,","6.0",",,,a"
"ASN00035094","2009-07","-22.4831","147.5172","318.0","WINVIC, AS","0",",a","0",",a","0",",a","20090731","+,,a","0.0",",,a,31,+","0.0",",,,a"
"ASN00035094","2009-08","-22.4831","147.5172","318.0","WINVIC, AS","0",",a","0",",a","0",",a","20090831","+,,a","0.0",",,a,31,+","0.0",",,,a"
"ASN00035094","2009-09","-22.4831","147.5172","318.0","WINVIC, AS","0",",a","0",",a","0",",a","20090930","+,,a","0.0",",,a,30,+","0.0",",,,a"
"ASN00035094","2009-10","-22.4831","147.5172","318.0","WINVIC, AS","1",",a","1",",a","0",",a","20091028",",,a","17.0",",,a,28,","17.0",",,,a"
"ASN00035094","2009-11","-22.4831","147.5172","318.0","WINVIC, AS","5",",a","5",",a","0",",a","20091110",",,a","12.0",",,a,10,","35.0",",,,a"
"ASN00035094","2009-12","-22.4831","147.5172","318.0","WINVIC, AS","1",",a","1",",a","0",",a","20091223",",,a","4.0",",,a,23,","4.0",",,,a"
"ASN00035094","2010-01","-22.4831","147.5172","318.0","WINVIC, AS","10",",a","10",",a","2",",a","20100131",",,a","103.0",",,a,31,","200.0",",,,a"
"ASN00035094","2010-02","-22.4831","147.5172","318.0","WINVIC, AS","10",",a","10",",a","2",",a","20100216",",,a","60.0",",,a,16,","173.0",",,,a"
"ASN00035094","2010-03","-22.4831","147.5172","318.0","WINVIC, AS","6",",a","6",",a","2",",a","20100305",",,a","31.0",",,a,05,","99.0",",,,a"
"ASN00035094","2010-06","-22.4831","147.5172","318.0","WINVIC, AS","1",",a","1",",a","0",",a","20100603",",,a","4.0",",,a,03,","4.0",",,,a"
"ASN00035094","2010-07","-22.4831","147.5172","318.0","WINVIC, AS","1",",a","1",",a","0",",a","20100709",",,a","10.0",",,a,09,","10.0",",,,a"
"ASN00035094","2010-08","-22.4831","147.5172","318.0","WINVIC, AS","2",",a","2",",a","1",",a","20100811",",,a","29.0",",,a,11,","34.0",",,,a"
"ASN00035094","2010-09","-22.4831","147.5172","318.0","WINVIC, AS","8",",a","8",",a","2",",a","20100928",",,a","68.0",",,a,28,","181.0",",,,a"
"ASN00035094","2010-11","-22.4831","147.5172","318.0","WINVIC, AS","10",",a","10",",a","3",",a","20101113",",,a","132.0",",,a,13,","302.0",",,,a"
"ASN00035094","2010-12","-22.4831","147.5172","318.0","WINVIC, AS","8","2,a","7","2,a","2","2,a","20101220",",2,a","51.0","2,,a,20,","135.0","2,,,a"
"ASN00035094","2011-01","-22.4831","147.5172","318.0","WINVIC, AS","4",",a","4",",a","2",",a","20110118",",,a","102.0",",,a,18,","159.0",",,,a"
"ASN00035094","2011-02","-22.4831","147.5172","318.0","WINVIC, AS","1",",a","1",",a","0",",a","20110220",",,a","7.0",",,a,20,","7.0",",,,a"
"ASN00035094","2011-03","-22.4831","147.5172","318.0","WINVIC, AS","10",",a","10",",a","2",",a","20110302",",,a","70.0",",,a,02,","188.0",",,,a"
"ASN00035094","2011-04","-22.4831","147.5172","318.0","WINVIC, AS","3",",a","3",",a","0",",a","20110419",",,a","25.0",",,a,19,","53.0",",,,a"
"ASN00035094","2011-05","-22.4831","147.5172","318.0","WINVIC, AS","2",",a","2",",a","1",",a","20110509",",,a","35.0",",,a,09,","40.0",",,,a"
"ASN00035094","2011-06","-22.4831","147.5172","318.0","WINVIC, AS","1",",a","1",",a","1",",a","20110611",",,a","38.0",",,a,11,","38.0",",,,a"
"ASN00035094","2011-07","-22.4831","147.5172","318.0","WINVIC, AS","1",",a","1",",a","0",",a","20110716",",,a","10.0",",,a,16,","10.0",",,,a"
"ASN00035094","2011-08","-22.4831","147.5172","318.0","WINVIC, AS","2",",a","2",",a","0",",a","20110829",",,a","18.0",",,a,29,","28.0",",,,a"
"ASN00035094","2011-09","-22.4831","147.5172","318.0","WINVIC, AS","0",",a","0",",a","0",",a","20110930","+,,a","0.0",",,a,30,+","0.0",",,,a"
"ASN00035094","2011-11","-22.4831","147.5172","318.0","WINVIC, AS","2",",a","2",",a","0",",a","20111126",",,a","22.0",",,a,26,","31.0",",,,a"
"ASN00035094","2011-12","-22.4831","147.5172","318.0","WINVIC, AS","6",",a","6",",a","2",",a","20111201",",,a","80.0",",,a,01,","169.0",",,,a"
"ASN00035094","2012-01","-22.4831","147.5172","318.0","WINVIC, AS","5",",a","5",",a","2",",a","20120115",",,a","52.0",",,a,15,","135.0",",,,a"
"ASN00035094","2012-03","-22.4831","147.5172","318.0","WINVIC, AS","7",",a","7",",a","1",",a","20120319",",,a","75.0",",,a,19,","148.0",",,,a"
"ASN00035094","2012-04","-22.4831","147.5172","318.0","WINVIC, AS","1",",a","1",",a","1",",a","20120428",",,a","31.0",",,a,28,","31.0",",,,a"
"ASN00035094","2012-05","-22.4831","147.5172","318.0","WINVIC, AS","2",",a","2",",a","1",",a","20120525",",,a","36.0",",,a,25,","46.0",",,,a"
"ASN00035094","2012-06","-22.4831","147.5172","318.0","WINVIC, AS","3",",a","3",",a","0",",a","20120603",",,a","13.0",",,a,03,","22.0",",,,a"
"ASN00035094","2012-11","-22.4831","147.5172","318.0","WINVIC, AS","1",",a","1",",a","1",",a","20121125",",,a","27.0",",,a,25,","27.0",",,,a"
"ASN00035094","2012-12","-22.4831","147.5172","318.0","WINVIC, AS","2",",a","2",",a","0",",a","20121224",",,a","17.0",",,a,24,","24.0",",,,a"
"ASN00035094","2013-01","-22.4831","147.5172","318.0","WINVIC, AS","4",",a","4",",a","1",",a","20130125",",,a","48.0",",,a,25,","79.0",",,,a"
"ASN00035094","2013-02","-22.4831","147.5172","318.0","WINVIC, AS","3",",a","3",",a","1",",a","20130224",",,a","26.0",",,a,24,","46.0",",,,a"
"ASN00035094","2013-03","-22.4831","147.5172","318.0","WINVIC, AS","3",",a","3",",a","1",",a","20130304",",,a","92.0",",,a,04,","101.0",",,,a"
"ASN00035094","2013-04","-22.4831","147.5172","318.0","WINVIC, AS","5",",a","5",",a","2",",a","20130410",",,a","31.0",",,a,10,","95.0",",,,a"
"ASN00035094","2013-10","-22.4831","147.5172","318.0","WINVIC, AS","0",",a","0",",a","0",",a","20131031","+,,a","0.0",",,a,31,+","0.0",",,,a"
"ASN00035094","2013-11","-22.4831","147.5172","318.0","WINVIC, AS","5",",a","5",",a","1",",a","20131112",",,a","30.0",",,a,12,","66.0",",,,a"
"ASN00035094","2013-12","-22.4831","147.5172","318.0","WINVIC, AS","2",",a","2",",a","1",",a","20131218",",,a","35.0",",,a,18,","41.0",",,,a"
"ASN00035094","2014-04","-22.4831","147.5172","318.0","WINVIC, AS","2",",a","2",",a","0",",a","20140414",",,a","5.0",",,a,14,","9.0",",,,a"
"ASN00035094","2014-05","-22.4831","147.5172","318.0","WINVIC, AS","0",",a","0",",a","0",",a","20140531","+,,a","0.0",",,a,31,+","0.0",",,,a"
"ASN00035094","2014-06","-22.4831","147.5172","318.0","WINVIC, AS","1",",a","1",",a","0",",a","20140614",",,a","10.0",",,a,14,","10.0",",,,a"
"ASN00035094","2014-07","-22.4831","147.5172","318.0","WINVIC, AS","0",",a","0",",a","0",",a","20140731","+,,a","0.0",",,a,31,+","0.0",",,,a"
"ASN00035094","2014-09","-22.4831","147.5172","318.0","WINVIC, AS","3",",a","3",",a","1",",a","20140922",",,a","63.0",",,a,22,","82.0",",,,a"
"ASN00035094","2014-10","-22.4831","147.5172","318.0","WINVIC, AS","2",",a","1",",a","0",",a","20141013",",,a","22.0",",,a,13,","23.5",",,,a"
"ASN00035094","2014-11","-22.4831","147.5172","318.0","WINVIC, AS","1",",a","1",",a","0",",a","20141104",",,a","12.0",",,a,04,","12.0",",,,a"
"ASN00035094","2014-12","-22.4831","147.5172","318.0","WINVIC, AS","8",",a","7",",a","4",",a","20141213",",,a","64.0",",,a,13,","199.0",",,,a"
"ASN00035094","2015-01","-22.4831","147.5172","318.0","WINVIC, AS","7",",a","7",",a","1",",a","20150122",",,a","52.0",",,a,22,","160.0",",,,a"
"ASN00035094","2015-02","-22.4831","147.5172","318.0","WINVIC, AS","3",",a","2",",a","1",",a","20150204",",,a","37.0",",,a,04,","54.0",",,,a"
"ASN00035094","2015-07","-22.4831","147.5172","318.0","WINVIC, AS","0",",a","0",",a","0",",a","20150731","+,,a","0.0",",,a,31,+","0.0",",,,a"
"ASN00035094","2015-08","-22.4831","147.5172","318.0","WINVIC, AS","0",",a","0",",a","0",",a","20150831","+,,a","0.0",",,a,31,+","0.0",",,,a"
"ASN00035094","2015-09","-22.4831","147.5172","318.0","WINVIC, AS","0",",a","0",",a","0",",a","20150930","+,,a","0.0",",,a,30,+","0.0",",,,a"
"ASN00035094","2015-10","-22.4831","147.5172","318.0","WINVIC, AS","2","3,a","2","3,a","0","3,a","20151028",",3,a","17.0","3,,a,28,","22.0","3,,,a"
"ASN00035094","2015-12","-22.4831","147.5172","318.0","WINVIC, AS","2",",a","2",",a","0",",a","20151229",",,a","18.0",",,a,29,","25.0",",,,a"
"ASN00035094","2016-01","-22.4831","147.5172","318.0","WINVIC, AS","7",",a","7",",a","0",",a","20160127",",,a","20.0",",,a,27,","79.0",",,,a"
"ASN00035094","2016-03","-22.4831","147.5172","318.0","WINVIC, AS","0",",a","0",",a","0",",a","20160331","+,,a","0.0",",,a,31,+","0.0",",,,a"
"ASN00035094","2016-04","-22.4831","147.5172","318.0","WINVIC, AS","0",",a","0",",a","0",",a","20160430","+,,a","0.0",",,a,30,+","0.0",",,,a"
"ASN00035094","2016-05","-22.4831","147.5172","318.0","WINVIC, AS","0",",a","0",",a","0",",a","20160531","+,,a","0.0",",,a,31,+","0.0",",,,a"
"ASN00035094","2016-09","-22.4831","147.5172","318.0","WINVIC, AS","0",",a","0",",a","0",",a","20160930","+,,a","0.0",",,a,30,+","0.0",",,,a"
"ASN00035094","2016-10","-22.4831","147.5172","318.0","WINVIC, AS","0",",a","0",",a","0",",a","20161031","+,,a","0.0",",,a,31,+","0.0",",,,a"
"ASN00035094","2016-11","-22.4831","147.5172","318.0","WINVIC, AS","0",",a","0",",a","0",",a","20161130","+,,a","0.0",",,a,30,+","0.0",",,,a"
"ASN00035094","2016-12","-22.4831","147.5172","318.0","WINVIC, AS","4",",a","4",",a","1",",a","20161211",",,a","32.0",",,a,11,","55.6",",,,a"
"ASN00035094","2017-01","-22.4831","147.5172","318.0","WINVIC, AS","3",",a","2",",a","1",",a","20170114",",,a","40.0",",,a,14,","52.2",",,,a"
"ASN00035094","2017-02","-22.4831","147.5172","318.0","WINVIC, AS","1",",a","1",",a","0",",a","20170213",",,a","5.0",",,a,13,","5.0",",,,a"
"ASN00035094","2017-03","-22.4831","147.5172","318.0","WINVIC, AS","7","1,a","6","1,a","3","1,a","20170330",",1,a","58.0","1,,a,30,","176.0","1,,,a"
"ASN00035094","2017-07","-22.4831","147.5172","318.0","WINVIC, AS","0",",a","0",",a","0",",a","20170731","+,,a","0.0",",,a,31,+","0.0",",,,a"
"ASN00035094","2017-08","-22.4831","147.5172","318.0","WINVIC, AS","0",",a","0",",a","0",",a","20170831","+,,a","0.0",",,a,31,+","0.0",",,,a"
"ASN00035094","2017-09","-22.4831","147.5172","318.0","WINVIC, AS","0",",a","0",",a","0",",a","20170930","+,,a","0.0",",,a,30,+","0.0",",,,a"
"ASN00035094","2017-10","-22.4831","147.5172","318.0","WINVIC, AS","6",",a","5",",a","2",",a","20171013",",,a","39.0",",,a,13,","76.3",",,,a"
"ASN00035094","2017-11","-22.4831","147.5172","318.0","WINVIC, AS","3",",a","3",",a","0",",a","20171108",",,a","16.0",",,a,08,","38.0",",,,a"
"ASN00035094","2017-12","-22.4831","147.5172","318.0","WINVIC, AS","4",",a","4",",a","0",",a","20171210",",,a","20.0",",,a,10,","32.5",",,,a"
"ASN00035094","2018-01","-22.4831","147.5172","318.0","WINVIC, AS","5","1,a","4","1,a","1","1,a","20180105",",1,a","173.4","1,,a,05,","197.6","1,,,a"
"ASN00035094","2018-02","-22.4831","147.5172","318.0","WINVIC, AS","9",",a","8",",a","1",",a","20180220",",,a","38.0",",,a,20,","135.0",",,,a"
"ASN00035094","2018-03","-22.4831","147.5172","318.0","WINVIC, AS","4",",a","4",",a","0",",a","20180303",",,a","12.0",",,a,03,","23.7",",,,a"
"ASN00035094","2018-04","-22.4831","147.5172","318.0","WINVIC, AS","2",",a","2",",a","0",",a","20180407",",,a","6.0",",,a,07,","9.0",",,,a"
"ASN00035094","2018-05","-22.4831","147.5172","318.0","WINVIC, AS","0",",a","0",",a","0",",a","20180531","+,,a","0.0",",,a,31,+","0.0",",,,a"
"ASN00035094","2018-06","-22.4831","147.5172","318.0","WINVIC, AS","0",",a","0",",a","0",",a","20180630","+,,a","0.0",",,a,30,+","0.0",",,,a"
"ASN00035094","2018-07","-22.4831","147.5172","318.0","WINVIC, AS","1",",a","1",",a","0",",a","20180703",",,a","5.0",",,a,03,","5.0",",,,a"
"ASN00035094","2018-08","-22.4831","147.5172","318.0","WINVIC, AS","0",",a","0",",a","0",",a","20180831","+,,a","0.0",",,a,31,+","0.0",",,,a"
"ASN00035094","2018-09","-22.4831","147.5172","318.0","WINVIC, AS","0",",a","0",",a","0",",a","20180930","+,,a","0.0",",,a,30,+","0.0",",,,a"
"ASN00035094","2018-10","-22.4831","147.5172","318.0","WINVIC, AS","3",",a","3",",a","1",",a","20181018",",,a","26.0",",,a,18,","48.2",",,,a"
"ASN00035094","2018-11","-22.4831","147.5172","318.0","WINVIC, AS","3",",a","3",",a","0",",a","20181119",",,a","12.0",",,a,19,","20.2",",,,a"
"ASN00035094","2018-12","-22.4831","147.5172","318.0","WINVIC, AS","4",",a","4",",a","1",",a","20181216",",,a","73.0",",,a,16,","105.0",",,,a"
"ASN00035094","2019-01","-22.4831","147.5172","318.0","WINVIC, AS","4",",a","4",",a","0",",a","20190109",",,a","25.0",",,a,09,","45.0",",,,a"
"ASN00035094","2019-02","-22.4831","147.5172","318.0","WINVIC, AS","7",",a","6",",a","1",",a","20190223",",,a","28.0",",,a,23,","57.4",",,,a"
"ASN00035094","2019-03","-22.4831","147.5172","318.0","WINVIC, AS","7",",a","7",",a","1",",a","20190328",",,a","152.0",",,a,28,","237.2",",,,a"
"ASN00035094","2019-04","-22.4831","147.5172","318.0","WINVIC, AS","4",",a","4",",a","0",",a","20190425",",,a","20.0",",,a,25,","32.0",",,,a"
"ASN00035094","2019-05","-22.4831","147.5172","318.0","WINVIC, AS","0",",a","0",",a","0",",a","20190531","+,,a","0.0",",,a,31,+","0.0",",,,a"
"ASN00035094","2019-06","-22.4831","147.5172","318.0","WINVIC, AS","1",",a","1",",a","0",",a","20190608",",,a","22.6",",,a,08,","22.6",",,,a"
"ASN00035094","2019-07","-22.4831","147.5172","318.0","WINVIC, AS","4",",a","4",",a","0",",a","20190705",",,a","10.0",",,a,05,","21.0",",,,a"
"ASN00035094","2019-08","-22.4831","147.5172","318.0","WINVIC, AS","0",",a","0",",a","0",",a","20190831","+,,a","0.0",",,a,31,+","0.0",",,,a"
"ASN00035094","2019-09","-22.4831","147.5172","318.0","WINVIC, AS","0",",a","0",",a","0",",a","20190930","+,,a","0.0",",,a,30,+","0.0",",,,a"
"ASN00035094","2019-10","-22.4831","147.5172","318.0","WINVIC, AS","1",",a","0",",a","0",",a","20191031",",,a","2.2",",,a,31,","2.2",",,,a"
"ASN00035094","2019-11","-22.4831","147.5172","318.0","WINVIC, AS","3",",a","3",",a","0",",a","20191128",",,a","13.2",",,a,28,","34.0",",,,a"
"ASN00035094","2019-12","-22.4831","147.5172","318.0","WINVIC, AS","0",",a","0",",a","0",",a","20191231","+,,a","0.0",",,a,31,+","0.0",",,,a"
"ASN00035094","2020-01","-22.4831","147.5172","318.0","WINVIC, AS","11",",a","9",",a","3",",a","20200125",",,a","43.5",",,a,25,","184.1",",,,a"
"ASN00035094","2020-02","-22.4831","147.5172","318.0","WINVIC, AS","4",",a","4",",a","0",",a","20200222",",,a","16.2",",,a,22,","41.2",",,,a"
"ASN00035094","2020-03","-22.4831","147.5172","318.0","WINVIC, AS","1",",a","1",",a","0",",a","20200306",",,a","5.0",",,a,06,","5.0",",,,a"
"ASN00035094","2020-04","-22.4831","147.5172","318.0","WINVIC, AS","0",",a","0",",a","0",",a","20200430","+,,a","0.0",",,a,30,+","0.0",",,,a"
"ASN00035094","2020-05","-22.4831","147.5172","318.0","WINVIC, AS","3",",a","2",",a","1",",a","20200523",",,a","30.0",",,a,23,","39.2",",,,a"
"ASN00035094","2020-06","-22.4831","147.5172","318.0","WINVIC, AS","3",",a","1",",a","0",",a","20200615",",,a","6.4",",,a,15,","8.8",",,,a"
"ASN00035094","2020-07","-22.4831","147.5172","318.0","WINVIC, AS","0",",a","0",",a","0",",a","20200731","+,,a","0.0",",,a,31,+","0.0",",,,a"
"ASN00035094","2020-08","-22.4831","147.5172","318.0","WINVIC, AS","1",",a","1",",a","0",",a","20200808",",,a","10.0",",,a,08,","10.0",",,,a"
"ASN00035094","2020-09","-22.4831","147.5172","318.0","WINVIC, AS","2",",a","2",",a","0",",a","20200924",",,a","8.0",",,a,24,","15.0",",,,a"
"ASN00035094","2020-10","-22.4831","147.5172","318.0","WINVIC, AS","1",",a","1",",a","0",",a","20201024",",,a","12.0",",,a,24,","12.0",",,,a"
"ASN00035094","2020-11","-22.4831","147.5172","318.0","WINVIC, AS","2",",a","2",",a","0",",a","20201108",",,a","11.0",",,a,08,","20.0",",,,a"
"ASN00035094","2020-12","-22.4831","147.5172","318.0","WINVIC, AS","5","1,a","5","1,a","3","1,a","20201226",",1,a","65.0","1,,a,26,","143.0","1,,,a"
"ASN00035094","2021-01","-22.4831","147.5172","318.0","WINVIC, AS","3",",a","3",",a","2",",a","20210109",",,a","60.0",",,a,09,","111.4",",,,a"
"ASN00035094","2021-02","-22.4831","147.5172","318.0","WINVIC, AS","4",",a","4",",a","0",",a","20210208",",,a","23.0",",,a,08,","52.0",",,,a"
"ASN00035094","2021-03","-22.4831","147.5172","318.0","WINVIC, AS","1",",a","1",",a","0",",a","20210315",",,a","10.0",",,a,15,","10.0",",,,a"
"ASN00035094","2021-04","-22.4831","147.5172","318.0","WINVIC, AS","3",",a","1",",a","0",",a","20210425",",,a","5.0",",,a,25,","9.0",",,,a"
"ASN00035094","2021-05","-22.4831","147.5172","318.0","WINVIC, AS","0",",a","0",",a","0",",a","20210531","+,,a","0.0",",,a,31,+","0.0",",,,a"
"ASN00035094","2021-06","-22.4831","147.5172","318.0","WINVIC, AS","1",",a","1",",a","1",",a","20210616",",,a","35.0",",,a,16,","35.0",",,,a"
"ASN00035094","2021-07","-22.4831","147.5172","318.0","WINVIC, AS","0",",a","0",",a","0",",a","20210731","+,,a","0.0",",,a,31,+","0.0",",,,a"
"ASN00035094","2021-08","-22.4831","147.5172","318.0","WINVIC, AS","2",",a","2",",a","1",",a","20210831",",,a","51.2",",,a,31,","55.2",",,,a"
"ASN00035094","2021-09","-22.4831","147.5172","318.0","WINVIC, AS","1",",a","1",",a","0",",a","20210930",",,a","7.4",",,a,30,","7.4",",,,a"
"ASN00035094","2021-10","-22.4831","147.5172","318.0","WINVIC, AS","2",",a","2",",a","0",",a","20211023",",,a","8.0",",,a,23,","13.8",",,,a"
"ASN00035094","2021-11","-22.4831","147.5172","318.0","WINVIC, AS","6",",a","6",",a","4",",a","20211126","+,,a","83.0",",,a,26,+","288.6",",,,a"
"ASN00035094","2021-12","-22.4831","147.5172","318.0","WINVIC, AS","5",",a","5",",a","2",",a","20211225",",,a","50.0",",,a,25,","104.0",",,,a"
"ASN00035094","2022-01","-22.4831","147.5172","318.0","WINVIC, AS","2",",a","2",",a","0",",a","20220126",",,a","15.0",",,a,26,","26.0",",,,a"
"ASN00035094","2022-02","-22.4831","147.5172","318.0","WINVIC, AS","1",",a","0",",a","0",",a","20220223",",,a","1.5",",,a,23,","1.5",",,,a"
"ASN00035094","2022-03","-22.4831","147.5172","318.0","WINVIC, AS","0",",a","0",",a","0",",a","20220331","+,,a","0.0",",,a,31,+","0.0",",,,a"
"ASN00035094","2022-04","-22.4831","147.5172","318.0","WINVIC, AS","3",",a","3",",a","2",",a","20220422",",,a","55.0",",,a,22,","89.0",",,,a"
"ASN00035094","2022-05","-22.4831","147.5172","318.0","WINVIC, AS","3",",a","3",",a","1",",a","20220511",",,a","73.0",",,a,11,","110.0",",,,a"
"ASN00035094","2022-06","-22.4831","147.5172","318.0","WINVIC, AS","0",",a","0",",a","0",",a","20220630","+,,a","0.0",",,a,30,+","0.0",",,,a"
"ASN00035094","2022-07","-22.4831","147.5172","318.0","WINVIC, AS","5",",a","5",",a","1",",a","20220702",",,a","52.0",",,a,02,","103.0",",,,a"
"ASN00035094","2022-08","-22.4831","147.5172","318.0","WINVIC, AS","0",",a","0",",a","0",",a","20220831","+,,a","0.0",",,a,31,+","0.0",",,,a"
"ASN00035094","2022-09","-22.4831","147.5172","318.0","WINVIC, AS","5",",a","5",",a","0",",a","20220903",",,a","24.0",",,a,03,","53.5",",,,a"
"ASN00035094","2022-11","-22.4831","147.5172","318.0","WINVIC, AS","2",",a","2",",a","1",",a","20221130",",,a","49.6",",,a,30,","68.6",",,,a"
"ASN00035094","2022-12","-22.4831","147.5172","318.0","WINVIC, AS","3",",a","3",",a","1",",a","20221213",",,a","48.0",",,a,13,","65.0",",,,a"
"ASN00035094","2023-01","-22.4831","147.5172","318.0","WINVIC, AS","6",",a","6",",a","3",",a","20230113",",,a","56.0",",,a,13,","169.0",",,,a"
"ASN00035094","2023-02","-22.4831","147.5172","318.0","WINVIC, AS","4",",a","4",",a","0",",a","20230202",",,a","25.0",",,a,02,","63.5",",,,a"
"ASN00035094","2023-03","-22.4831","147.5172","318.0","WINVIC, AS","1",",a","1",",a","0",",a","20230309",",,a","20.0",",,a,09,","20.0",",,,a"
"ASN00035094","2023-04","-22.4831","147.5172","318.0","WINVIC, AS","0",",a","0",",a","0",",a","20230430","+,,a","0.0",",,a,30,+","0.0",",,,a"
"ASN00035094","2023-05","-22.4831","147.5172","318.0","WINVIC, AS","0",",a","0",",a","0",",a","20230531","+,,a","0.0",",,a,31,+","0.0",",,,a"
"ASN00035094","2023-06","-22.4831","147.5172","318.0","WINVIC, AS","0",",a","0",",a","0",",a","20230630","+,,a","0.0",",,a,30,+","0.0",",,,a"
"ASN00035094","2023-07","-22.4831","147.5172","318.0","WINVIC, AS","1",",a","1",",a","0",",a","20230725",",,a","9.0",",,a,25,","9.0",",,,a"
"ASN00035094","2023-08","-22.4831","147.5172","318.0","WINVIC, AS","0",",a","0",",a","0",",a","20230831","+,,a","0.0",",,a,31,+","0.0",",,,a"
"ASN00035094","2023-09","-22.4831","147.5172","318.0","WINVIC, AS","0",",a","0",",a","0",",a","20230930","+,,a","0.0",",,a,30,+","0.0",",,,a"
"ASN00035094","2023-10","-22.4831","147.5172","318.0","WINVIC, AS","0",",a","0",",a","0",",a","20231031","+,,a","0.0",",,a,31,+","0.0",",,,a"
"ASN00035094","2023-11","-22.4831","147.5172","318.0","WINVIC, AS","9",",a","9",",a","5",",a","20231127",",,a","62.0",",,a,27,","302.0",",,,a"
"ASN00035094","2023-12","-22.4831","147.5172","318.0","WINVIC, AS","6",",a","5",",a","1",",a","20231222",",,a","27.0",",,a,22,","56.8",",,,a"
