"STATION","DATE","LATITUDE","LONGITUDE","ELEVATION","NAME","DP01","DP01_ATTRIBUTES","DP10","DP10_ATTRIBUTES","DP1X","DP1X_ATTRIBUTES","DYXP","DYXP_ATTRIBUTES","EMXP","EMXP_ATTRIBUTES","PRCP","PRCP_ATTRIBUTES"
"ASN00081031","1887-02","-36.3667","145.1333",,"MERRIGUM, AS","7",",a","4",",a","2",",a","18870216",",,a","52.8",",,a,16,","114.3",",,,a"
"ASN00081031","1887-03","-36.3667","145.1333",,"MERRIGUM, AS","5",",a","3",",a","0",",a","18870312",",,a","16.3",",,a,12,","36.7",",,,a"
"ASN00081031","1887-04","-36.3667","145.1333",,"MERRIGUM, AS","4",",a","4",",a","0",",a","18870403",",,a","23.9",",,a,03,","62.6",",,,a"
"ASN00081031","1887-05","-36.3667","145.1333",,"MERRIGUM, AS","9",",a","6",",a","0",",a","18870531",",,a","8.4",",,a,31,","35.2",",,,a"
"ASN00081031","1887-06","-36.3667","145.1333",,"MERRIGUM, AS","13",",a","9",",a","0",",a","18870612",",,a","8.9",",,a,12,","54.8",",,,a"
"ASN00081031","1887-07","-36.3667","145.1333",,"MERRIGUM, AS","10",",a","4",",a","1",",a","18870731",",,a","26.4",",,a,31,","59.7",",,,a"
"ASN00081031","1887-08","-36.3667","145.1333",,"MERRIGUM, AS","7",",a","5",",a","0",",a","18870814",",,a","10.4",",,a,14,","28.6",",,,a"
"ASN00081031","1887-09","-36.3667","145.1333",,"MERRIGUM, AS","11",",a","4",",a","0",",a","18870906",",,a","9.4",",,a,06,","36.0",",,,a"
"ASN00081031","1887-10","-36.3667","145.1333",,"MERRIGUM, AS","7",",a","5",",a","1",",a","18871001",",,a","33.8",",,a,01,","89.1",",,,a"
"ASN00081031","1887-11","-36.3667","145.1333",,"MERRIGUM, AS","9",",a","6",",a","1",",a","18871105",",,a","62.2",",,a,05,","127.8",",,,a"
"ASN00081031","1887-12","-36.3667","145.1333",,"MERRIGUM, AS","7",",a","7",",a","0",",a","18871201",",,a","15.7",",,a,01,","75.3",",,,a"
"ASN00081031","1888-01","-36.3667","145.1333",,"MERRIGUM, AS","3",",a","2",",a","0",",a","18880103",",,a","8.9",",,a,03,","13.5",",,,a"
"ASN00081031","1888-02","-36.3667","145.1333",,"MERRIGUM, AS","1",",a","1",",a","0",",a","18880224",",,a","3.6",",,a,24,","3.6",",,,a"
"ASN00081031","1888-03","-36.3667","145.1333",,"MERRIGUM, AS","2",",a","1",",a","0",",a","18880301",",,a","6.4",",,a,01,","8.4",",,,a"
"ASN00081031","1888-04","-36.3667","145.1333",,"MERRIGUM, AS","1",",a","1",",a","0",",a","18880407",",,a","8.1",",,a,07,","8.1",",,,a"
"ASN00081031","1888-05","-36.3667","145.1333",,"MERRIGUM, AS","8",",a","5",",a","0",",a","18880504",",,a","19.1",",,a,04,","47.7",",,,a"
"ASN00081031","1888-06","-36.3667","145.1333",,"MERRIGUM, AS","9",",a","3",",a","0",",a","18880618",",,a","5.1",",,a,18,","18.5",",,,a"
"ASN00081031","1888-07","-36.3667","145.1333",,"MERRIGUM, AS","10",",a","3",",a","0",",a","18880714",",,a","6.4",",,a,14,","27.0",",,,a"
"ASN00081031","1888-08","-36.3667","145.1333",,"MERRIGUM, AS","7",",a","2",",a","0",",a","18880813","+,,a","2.5",",,a,13,+","12.9",",,,a"
"ASN00081031","1888-09","-36.3667","145.1333",,"MERRIGUM, AS","6",",a","5",",a","0",",a","18880901",",,a","15.2",",,a,01,","46.0",",,,a"
"ASN00081031","1888-10","-36.3667","145.1333",,"MERRIGUM, AS","2",",a","2",",a","0",",a","18881005",",,a","9.1",",,a,05,","12.1",",,,a"
"ASN00081031","1888-11","-36.3667","145.1333",,"MERRIGUM, AS","5",",a","3",",a","0",",a","18881110","+,,a","3.3",",,a,10,+","12.7",",,,a"
"ASN00081031","1888-12","-36.3667","145.1333",,"MERRIGUM, AS","3",",a","3",",a","0",",a","18881229",",,a","17.0",",,a,29,","26.6",",,,a"
"ASN00081031","1889-01","-36.3667","145.1333",,"MERRIGUM, AS","3",",a","2",",a","0",",a","18890103",",,a","19.1",",,a,03,","23.1",",,,a"
"ASN00081031","1889-02","-36.3667","145.1333",,"MERRIGUM, AS","5",",a","3",",a","1",",a","18890205",",,a","39.4",",,a,05,","52.5",",,,a"
"ASN00081031","1889-03","-36.3667","145.1333",,"MERRIGUM, AS","1",",a","0",",a","0",",a","18890319",",,a","0.5",",,a,19,","0.5",",,,a"
"ASN00081031","1889-04","-36.3667","145.1333",,"MERRIGUM, AS","7",",a","6",",a","1",",a","18890408",",,a","38.1",",,a,08,","78.9",",,,a"
"ASN00081031","1889-05","-36.3667","145.1333",,"MERRIGUM, AS","12",",a","10",",a","0",",a","18890521",",,a","19.6",",,a,21,","83.1",",,,a"
"ASN00081031","1889-06","-36.3667","145.1333",,"MERRIGUM, AS","19",",a","7",",a","1",",a","18890601",",,a","35.8",",,a,01,","89.1",",,,a"
"ASN00081031","1889-07","-36.3667","145.1333",,"MERRIGUM, AS","6",",a","2",",a","0",",a","18890703",",,a","8.9",",,a,03,","17.5",",,,a"
"ASN00081031","1889-08","-36.3667","145.1333",,"MERRIGUM, AS","10",",a","8",",a","1",",a","18890830",",,a","29.2",",,a,30,","94.2",",,,a"
"ASN00081031","1889-09","-36.3667","145.1333",,"MERRIGUM, AS","11",",a","8",",a","0",",a","18890910",",,a","21.3",",,a,10,","68.0",",,,a"
"ASN00081031","1889-10","-36.3667","145.1333",,"MERRIGUM, AS","5",",a","5",",a","0",",a","18891019",",,a","21.8",",,a,19,","57.1",",,,a"
"ASN00081031","1889-11","-36.3667","145.1333",,"MERRIGUM, AS","3",",a","2",",a","1",",a","18891117",",,a","45.7",",,a,17,","52.6",",,,a"
"ASN00081031","1889-12","-36.3667","145.1333",,"MERRIGUM, AS","1",",a","0",",a","0",",a","18891221",",,a","1.5",",,a,21,","1.5",",,,a"
"ASN00081031","1890-01","-36.3667","145.1333",,"MERRIGUM, AS","1",",a","0",",a","0",",a","18900110",",,a","0.8",",,a,10,","0.8",",,,a"
"ASN00081031","1890-02","-36.3667","145.1333",,"MERRIGUM, AS","1",",a","1",",a","0",",a","18900214",",,a","5.1",",,a,14,","5.1",",,,a"
"ASN00081031","1890-03","-36.3667","145.1333",,"MERRIGUM, AS","7",",a","6",",a","0",",a","18900331",",,a","19.8",",,a,31,","75.7",",,,a"
"ASN00081031","1890-04","-36.3667","145.1333",,"MERRIGUM, AS","3",",a","2",",a","1",",a","18900409",",,a","31.2",",,a,09,","43.9",",,,a"
"ASN00081031","1890-05","-36.3667","145.1333",,"MERRIGUM, AS","9",",a","3",",a","0",",a","18900528",",,a","11.4",",,a,28,","34.2",",,,a"
"ASN00081031","1890-06","-36.3667","145.1333",,"MERRIGUM, AS","14",",a","11",",a","0",",a","18900605",",,a","13.0",",,a,05,","91.0",",,,a"
"ASN00081031","1890-07","-36.3667","145.1333",,"MERRIGUM, AS","11",",a","7",",a","0",",a","18900707",",,a","17.3",",,a,07,","68.0",",,,a"
"ASN00081031","1890-08","-36.3667","145.1333",,"MERRIGUM, AS","11",",a","7",",a","0",",a","18900810",",,a","16.8",",,a,10,","58.7",",,,a"
"ASN00081031","1890-09","-36.3667","145.1333",,"MERRIGUM, AS","5",",a","4",",a","0",",a","18900928",",,a","9.4",",,a,28,","20.3",",,,a"
"ASN00081031","1890-10","-36.3667","145.1333",,"MERRIGUM, AS","8",",a","5",",a","0",",a","18901012",",,a","15.7",",,a,12,","36.6",",,,a"
"ASN00081031","1890-11","-36.3667","145.1333",,"MERRIGUM, AS","7",",a","5",",a","0",",a","18901114",",,a","19.1",",,a,14,","40.7",",,,a"
"ASN00081031","1890-12","-36.3667","145.1333",,"MERRIGUM, AS","4",",a","4",",a","0",",a","18901208",",,a","16.8",",,a,08,","38.3",",,,a"
"ASN00081031","1891-01","-36.3667","145.1333",,"MERRIGUM, AS","6",",a","4",",a","0",",a","18910109",",,a","25.1",",,a,09,","57.4",",,,a"
"ASN00081031","1891-02","-36.3667","145.1333",,"MERRIGUM, AS","0",",a","0",",a","0",",a","18910228","+,,a","0.0",",,a,28,+","0.0",",,,a"
"ASN00081031","1891-03","-36.3667","145.1333",,"MERRIGUM, AS","4",",a","4",",a","0",",a","18910331",",,a","25.1",",,a,31,","48.7",",,,a"
"ASN00081031","1891-04","-36.3667","145.1333",,"MERRIGUM, AS","7",",a","4",",a","1",",a","18910415",",,a","26.2",",,a,15,","70.8",",,,a"
"ASN00081031","1891-05","-36.3667","145.1333",,"MERRIGUM, AS","2",",a","2",",a","0",",a","18910518",",,a","5.1",",,a,18,","8.7",",,,a"
"ASN00081031","1891-06","-36.3667","145.1333",,"MERRIGUM, AS","13",",a","9",",a","0",",a","18910626","+,,a","23.6",",,a,26,+","113.8",",,,a"
"ASN00081031","1891-07","-36.3667","145.1333",,"MERRIGUM, AS","11",",a","6",",a","1",",a","18910712",",,a","38.1",",,a,12,","80.3",",,,a"
"ASN00081031","1891-08","-36.3667","145.1333",,"MERRIGUM, AS","6",",a","4",",a","0",",a","18910811",",,a","10.2",",,a,11,","28.1",",,,a"
"ASN00081031","1891-09","-36.3667","145.1333",,"MERRIGUM, AS","5",",a","4",",a","0",",a","18910920",",,a","7.6",",,a,20,","19.0",",,,a"
"ASN00081031","1891-10","-36.3667","145.1333",,"MERRIGUM, AS","5",",a","4",",a","0",",a","18911015",",,a","17.5",",,a,15,","57.7",",,,a"
"ASN00081031","1891-11","-36.3667","145.1333",,"MERRIGUM, AS","3",",a","2",",a","1",",a","18911120",",,a","38.9",",,a,20,","45.5",",,,a"
"ASN00081031","1891-12","-36.3667","145.1333",,"MERRIGUM, AS","3",",a","1",",a","0",",a","18911214",",,a","5.8",",,a,14,","9.6",",,,a"
"ASN00081031","1892-01","-36.3667","145.1333",,"MERRIGUM, AS","1",",a","1",",a","0",",a","18920113",",,a","5.3",",,a,13,","5.3",",,,a"
"ASN00081031","1892-02","-36.3667","145.1333",,"MERRIGUM, AS","3",",a","2",",a","0",",a","18920216",",,a","19.3",",,a,16,","26.2",",,,a"
"ASN00081031","1892-03","-36.3667","145.1333",,"MERRIGUM, AS","0",",a","0",",a","0",",a","18920331","+,,a","0.0",",,a,31,+","0.0",",,,a"
"ASN00081031","1892-04","-36.3667","145.1333",,"MERRIGUM, AS","6",",a","5",",a","0",",a","18920428",",,a","8.6",",,a,28,","31.7",",,,a"
"ASN00081031","1892-05","-36.3667","145.1333",,"MERRIGUM, AS","7",",a","7",",a","1",",a","18920529",",,a","30.0",",,a,29,","82.7",",,,a"
"ASN00081031","1892-06","-36.3667","145.1333",,"MERRIGUM, AS","2",",a","2",",a","0",",a","18920618",",,a","13.0",",,a,18,","22.7",",,,a"
"ASN00081031","1892-07","-36.3667","145.1333",,"MERRIGUM, AS","5",",a","3",",a","1",",a","18920706",",,a","30.2",",,a,06,","44.0",",,,a"
"ASN00081031","1892-08","-36.3667","145.1333",,"MERRIGUM, AS","9",",a","7",",a","0",",a","18920823",",,a","15.2",",,a,23,","65.6",",,,a"
"ASN00081031","1892-09","-36.3667","145.1333",,"MERRIGUM, AS","7",",a","5",",a","0",",a","18920905",",,a","12.7",",,a,05,","41.6",",,,a"
"ASN00081031","1892-10","-36.3667","145.1333",,"MERRIGUM, AS","7",",a","6",",a","0",",a","18921016",",,a","15.0",",,a,16,","51.3",",,,a"
"ASN00081031","1892-11","-36.3667","145.1333",,"MERRIGUM, AS","6",",a","5",",a","0",",a","18921106",",,a","15.5",",,a,06,","50.3",",,,a"
"ASN00081031","1892-12","-36.3667","145.1333",,"MERRIGUM, AS","2",",a","2",",a","0",",a","18921211",",,a","14.2",",,a,11,","18.8",",,,a"
"ASN00081031","1893-01","-36.3667","145.1333",,"MERRIGUM, AS","1",",a","1",",a","0",",a","18930119",",,a","7.1",",,a,19,","7.1",",,,a"
"ASN00081031","1893-02","-36.3667","145.1333",,"MERRIGUM, AS","1",",a","1",",a","0",",a","18930203",",,a","4.6",",,a,03,","4.6",",,,a"
"ASN00081031","1893-03","-36.3667","145.1333",,"MERRIGUM, AS","1",",a","1",",a","0",",a","18930331",",,a","8.9",",,a,31,","8.9",",,,a"
"ASN00081031","1893-04","-36.3667","145.1333",,"MERRIGUM, AS","8",",a","5",",a","0",",a","18930402",",,a","7.6",",,a,02,","28.0",",,,a"
"ASN00081031","1893-05","-36.3667","145.1333",,"MERRIGUM, AS","11",",a","9",",a","1",",a","18930528",",,a","34.0",",,a,28,","102.4",",,,a"
"ASN00081031","1893-06","-36.3667","145.1333",,"MERRIGUM, AS","10",",a","5",",a","0",",a","18930628",",,a","11.4",",,a,28,","39.7",",,,a"
"ASN00081031","1893-07","-36.3667","145.1333",,"MERRIGUM, AS","7",",a","5",",a","0",",a","18930714",",,a","8.1",",,a,14,","34.6",",,,a"
"ASN00081031","1893-08","-36.3667","145.1333",,"MERRIGUM, AS","6",",a","6",",a","0",",a","18930805",",,a","13.2",",,a,05,","53.1",",,,a"
"ASN00081031","1893-09","-36.3667","145.1333",,"MERRIGUM, AS","9",",a","6",",a","0",",a","18930925",",,a","16.5",",,a,25,","53.6",",,,a"
"ASN00081031","1893-10","-36.3667","145.1333",,"MERRIGUM, AS","8",",a","6",",a","0",",a","18931009",",,a","15.5",",,a,09,","57.1",",,,a"
"ASN00081031","1893-11","-36.3667","145.1333",,"MERRIGUM, AS","6",",a","5",",a","0",",a","18931113",",,a","12.4",",,a,13,","37.8",",,,a"
"ASN00081031","1893-12","-36.3667","145.1333",,"MERRIGUM, AS","3",",a","2",",a","0",",a","18931228",",,a","12.2",",,a,28,","21.9",",,,a"
"ASN00081031","1894-01","-36.3667","145.1333",,"MERRIGUM, AS","2",",a","2",",a","0",",a","18940127",",,a","17.0",",,a,27,","27.7",",,,a"
"ASN00081031","1894-02","-36.3667","145.1333",,"MERRIGUM, AS","1",",a","0",",a","0",",a","18940201",",,a","0.8",",,a,01,","0.8",",,,a"
"ASN00081031","1902-07","-36.3667","145.1333",,"MERRIGUM, AS","6",",a","2",",a","0",",a","19020719",",,a","5.3",",,a,19,","12.7",",,,a"
"ASN00081031","1902-08","-36.3667","145.1333",,"MERRIGUM, AS","3",",a","1",",a","0",",a","19020803",",,a","6.6",",,a,03,","9.4",",,,a"
"ASN00081031","1902-09","-36.3667","145.1333",,"MERRIGUM, AS","7",",a","2",",a","0",",a","19020926",",,a","10.4",",,a,26,","25.2",",,,a"
"ASN00081031","1902-10","-36.3667","145.1333",,"MERRIGUM, AS","5",",a","2",",a","1",",a","19021023",",,a","46.0",",,a,23,","52.3",",,,a"
"ASN00081031","1902-11","-36.3667","145.1333",,"MERRIGUM, AS","4",",a","2",",a","0",",a","19021128",",,a","8.4",",,a,28,","13.7",",,,a"
"ASN00081031","1902-12","-36.3667","145.1333",,"MERRIGUM, AS","7",",a","5",",a","2",",a","19021217",",,a","34.3",",,a,17,","74.4",",,,a"
"ASN00081031","1903-01","-36.3667","145.1333",,"MERRIGUM, AS","2",",a","1",",a","0",",a","19030107",",,a","2.5",",,a,07,","3.8",",,,a"
"ASN00081031","1903-02","-36.3667","145.1333",,"MERRIGUM, AS","4",",a","3",",a","0",",a","19030217","+,,a","5.1",",,a,17,+","13.8",",,,a"
"ASN00081031","1903-03","-36.3667","145.1333",,"MERRIGUM, AS","7",",a","4",",a","0",",a","19030328","+,,a","19.1",",,a,28,+","61.6",",,,a"
"ASN00081031","1903-04","-36.3667","145.1333",,"MERRIGUM, AS","8",",a","7",",a","1",",a","19030424",",,a","25.4",",,a,24,","81.1",",,,a"
"ASN00081031","1903-05","-36.3667","145.1333",,"MERRIGUM, AS","3",",a","1",",a","0",",a","19030521",",,a","7.6",",,a,21,","12.2",",,,a"
"ASN00081031","1903-06","-36.3667","145.1333",,"MERRIGUM, AS","13",",a","7",",a","0",",a","19030606",",,a","15.7",",,a,06,","65.6",",,,a"
"ASN00081031","1903-07","-36.3667","145.1333",,"MERRIGUM, AS","7",",a","6",",a","0",",a","19030704",",,a","11.7",",,a,04,","45.7",",,,a"
"ASN00081031","1903-08","-36.3667","145.1333",,"MERRIGUM, AS","3",",a","2",",a","0",",a","19030816",",,a","5.8",",,a,16,","11.6",",,,a"
"ASN00081031","1903-09","-36.3667","145.1333",,"MERRIGUM, AS","8",",a","8",",a","0",",a","19030918",",,a","24.1",",,a,18,","72.1",",,,a"
"ASN00081031","1903-10","-36.3667","145.1333",,"MERRIGUM, AS","5",",a","3",",a","1",",a","19031012",",,a","31.5",",,a,12,","40.9",",,,a"
"ASN00081031","1903-11","-36.3667","145.1333",,"MERRIGUM, AS","4",",a","3",",a","0",",a","19031130",",,a","20.6",",,a,30,","37.1",",,,a"
"ASN00081031","1903-12","-36.3667","145.1333",,"MERRIGUM, AS","3",",a","2",",a","2",",a","19031228",",,a","57.7",",,a,28,","99.1",",,,a"
"ASN00081031","1904-01","-36.3667","145.1333",,"MERRIGUM, AS","6",",a","6",",a","2",",a","19040102",",,a","33.5",",,a,02,","96.7",",,,a"
"ASN00081031","1904-02","-36.3667","145.1333",,"MERRIGUM, AS","1",",a","1",",a","0",",a","19040207",",,a","6.4",",,a,07,","6.4",",,,a"
"ASN00081031","1904-03","-36.3667","145.1333",,"MERRIGUM, AS","2",",a","1",",a","0",",a","19040316",",,a","2.5",",,a,16,","4.0",",,,a"
"ASN00081031","1904-04","-36.3667","145.1333",,"MERRIGUM, AS","1",",a","1",",a","0",",a","19040419",",,a","13.7",",,a,19,","13.7",",,,a"
"ASN00081031","1904-05","-36.3667","145.1333",,"MERRIGUM, AS","7",",a","3",",a","0",",a","19040522",",,a","15.2",",,a,22,","32.0",",,,a"
"ASN00081031","1904-06","-36.3667","145.1333",,"MERRIGUM, AS","3",",a","3",",a","0",",a","19040630",",,a","10.7",",,a,30,","25.9",",,,a"
"ASN00081031","1904-07","-36.3667","145.1333",,"MERRIGUM, AS","9",",a","8",",a","0",",a","19040714",",,a","24.4",",,a,14,","78.3",",,,a"
"ASN00081031","1904-08","-36.3667","145.1333",,"MERRIGUM, AS","6",",a","4",",a","0",",a","19040830",",,a","22.4",",,a,30,","60.8",",,,a"
"ASN00081031","1904-09","-36.3667","145.1333",,"MERRIGUM, AS","4",",a","2",",a","0",",a","19040919",",,a","5.8",",,a,19,","12.4",",,,a"
"ASN00081031","1904-10","-36.3667","145.1333",,"MERRIGUM, AS","9",",a","7",",a","1",",a","19041004",",,a","27.4",",,a,04,","90.2",",,,a"
"ASN00081031","1904-11","-36.3667","145.1333",,"MERRIGUM, AS","2",",a","1",",a","0",",a","19041102",",,a","15.2",",,a,02,","17.5",",,,a"
"ASN00081031","1904-12","-36.3667","145.1333",,"MERRIGUM, AS","1",",a","1",",a","0",",a","19041215",",,a","17.0",",,a,15,","17.0",",,,a"
"ASN00081031","1905-01","-36.3667","145.1333",,"MERRIGUM, AS","1",",a","1",",a","0",",a","19050103",",,a","5.3",",,a,03,","5.3",",,,a"
"ASN00081031","1905-02","-36.3667","145.1333",,"MERRIGUM, AS","2",",a","1",",a","0",",a","19050212",",,a","8.6",",,a,12,","10.4",",,,a"
"ASN00081031","1905-03","-36.3667","145.1333",,"MERRIGUM, AS","1",",a","0",",a","0",",a","19050324",",,a","2.0",",,a,24,","2.0",",,,a"
"ASN00081031","1905-04","-36.3667","145.1333",,"MERRIGUM, AS","5",",a","4",",a","1",",a","19050410",",,a","39.9",",,a,10,","71.4",",,,a"
"ASN00081031","1905-05","-36.3667","145.1333",,"MERRIGUM, AS","6",",a","6",",a","0",",a","19050529",",,a","15.5",",,a,29,","72.8",",,,a"
"ASN00081031","1905-06","-36.3667","145.1333",,"MERRIGUM, AS","11",",a","2",",a","0",",a","19050630",",,a","8.6",",,a,30,","18.8",",,,a"
"ASN00081031","1905-07","-36.3667","145.1333",,"MERRIGUM, AS","13",",a","9",",a","1",",a","19050709",",,a","31.0",",,a,09,","85.7",",,,a"
"ASN00081031","1905-08","-36.3667","145.1333",,"MERRIGUM, AS","4",",a","1",",a","0",",a","19050830",",,a","14.2",",,a,30,","18.0",",,,a"
"ASN00081031","1905-09","-36.3667","145.1333",,"MERRIGUM, AS","10",",a","5",",a","0",",a","19050910",",,a","10.7",",,a,10,","35.0",",,,a"
"ASN00081031","1905-10","-36.3667","145.1333",,"MERRIGUM, AS","9",",a","8",",a","0",",a","19051017",",,a","7.9",",,a,17,","41.2",",,,a"
"ASN00081031","1905-11","-36.3667","145.1333",,"MERRIGUM, AS","0",",a","0",",a","0",",a","19051130","+,,a","0.0",",,a,30,+","0.0",",,,a"
"ASN00081031","1905-12","-36.3667","145.1333",,"MERRIGUM, AS","1",",a","1",",a","0",",a","19051231",",,a","7.6",",,a,31,","7.6",",,,a"
"ASN00081031","1906-01","-36.3667","145.1333",,"MERRIGUM, AS","0",",a","0",",a","0",",a","19060131","+,,a","0.0",",,a,31,+","0.0",",,,a"
"ASN00081031","1906-02","-36.3667","145.1333",,"MERRIGUM, AS","1",",a","1",",a","0",",a","19060228",",,a","22.6",",,a,28,","22.6",",,,a"
"ASN00081031","1906-03","-36.3667","145.1333",,"MERRIGUM, AS","5",",a","4",",a","0",",a","19060311",",,a","23.9",",,a,11,","47.5",",,,a"
"ASN00081031","1906-04","-36.3667","145.1333",,"MERRIGUM, AS","1",",a","1",",a","0",",a","19060422",",,a","5.8",",,a,22,","5.8",",,,a"
"ASN00081031","1906-05","-36.3667","145.1333",,"MERRIGUM, AS","12",",a","6",",a","0",",a","19060512",",,a","23.6",",,a,12,","95.3",",,,a"
"ASN00081031","1906-06","-36.3667","145.1333",,"MERRIGUM, AS","10",",a","5",",a","0",",a","19060607",",,a","17.0",",,a,07,","56.6",",,,a"
"ASN00081031","1906-07","-36.3667","145.1333",,"MERRIGUM, AS","12",",a","5",",a","0",",a","19060716",",,a","21.3",",,a,16,","49.6",",,,a"
"ASN00081031","1906-08","-36.3667","145.1333",,"MERRIGUM, AS","13",",a","7",",a","0",",a","19060831",",,a","15.7",",,a,31,","50.8",",,,a"
"ASN00081031","1924-10","-36.3667","145.1333",,"MERRIGUM, AS","9",",a","5",",a","0",",a","19241021",",,a","13.7",",,a,21,","37.1",",,,a"
"ASN00081031","1924-11","-36.3667","145.1333",,"MERRIGUM, AS","7",",a","6",",a","1",",a","19241106",",,a","30.5",",,a,06,","96.8",",,,a"
"ASN00081031","1924-12","-36.3667","145.1333",,"MERRIGUM, AS","5",",a","4",",a","0",",a","19241226",",,a","13.5",",,a,26,","41.0",",,,a"
"ASN00081031","1925-01","-36.3667","145.1333",,"MERRIGUM, AS","4",",a","3",",a","0",",a","19250115",",,a","17.8",",,a,15,","39.9",",,,a"
"ASN00081031","1925-02","-36.3667","145.1333",,"MERRIGUM, AS","6",",a","2",",a","0",",a","19250209",",,a","8.4",",,a,09,","19.6",",,,a"
"ASN00081031","1925-03","-36.3667","145.1333",,"MERRIGUM, AS","2",",a","1",",a","0",",a","19250322",",,a","14.5",",,a,22,","15.8",",,,a"
"ASN00081031","1925-04","-36.3667","145.1333",,"MERRIGUM, AS","1",",a","1",",a","0",",a","19250422",",,a","4.6",",,a,22,","4.6",",,,a"
"ASN00081031","1925-05","-36.3667","145.1333",,"MERRIGUM, AS","7",",a","4",",a","0",",a","19250511",",,a","21.6",",,a,11,","47.5",",,,a"
"ASN00081031","1925-06","-36.3667","145.1333",,"MERRIGUM, AS","7",",a","5",",a","0",",a","19250620",",,a","13.2",",,a,20,","37.1",",,,a"
"ASN00081031","1925-07","-36.3667","145.1333",,"MERRIGUM, AS","12",",a","5",",a","0",",a","19250721",",,a","11.7",",,a,21,","30.2",",,,a"
"ASN00081031","1925-08","-36.3667","145.1333",,"MERRIGUM, AS","8",",a","5",",a","0",",a","19250818",",,a","10.2",",,a,18,","24.7",",,,a"
"ASN00081031","1925-09","-36.3667","145.1333",,"MERRIGUM, AS","7",",a","5",",a","0",",a","19250917",",,a","11.4",",,a,17,","36.0",",,,a"
"ASN00081031","1925-10","-36.3667","145.1333",,"MERRIGUM, AS","2",",a","1",",a","0",",a","19251013",",,a","4.3",",,a,13,","5.6",",,,a"
"ASN00081031","1925-11","-36.3667","145.1333",,"MERRIGUM, AS","4",",a","3",",a","0",",a","19251120",",,a","18.0",",,a,20,","29.9",",,,a"
"ASN00081031","1925-12","-36.3667","145.1333",,"MERRIGUM, AS","0",",a","0",",a","0",",a","19251231","+,,a","0.0",",,a,31,+","0.0",",,,a"
"ASN00081031","1926-01","-36.3667","145.1333",,"MERRIGUM, AS","3",",a","2",",a","0",",a","19260105",",,a","14.0",",,a,05,","24.7",",,,a"
"ASN00081031","1926-02","-36.3667","145.1333",,"MERRIGUM, AS","0",",a","0",",a","0",",a","19260228","+,,a","0.0",",,a,28,+","0.0",",,,a"
"ASN00081031","1926-03","-36.3667","145.1333",,"MERRIGUM, AS","2",",a","2",",a","2",",a","19260321",",,a","40.9",",,a,21,","68.1",",,,a"
"ASN00081031","1926-04","-36.3667","145.1333",,"MERRIGUM, AS","8",",a","5",",a","0",",a","19260406",",,a","24.9",",,a,06,","69.1",",,,a"
"ASN00081031","1926-05","-36.3667","145.1333",,"MERRIGUM, AS","11",",a","8",",a","0",",a","19260531",",,a","13.5",",,a,31,","58.3",",,,a"
"ASN00081031","1926-06","-36.3667","145.1333",,"MERRIGUM, AS","9",",a","6",",a","1",",a","19260623",",,a","25.4",",,a,23,","58.1",",,,a"
"ASN00081031","1926-07","-36.3667","145.1333",,"MERRIGUM, AS","8",",a","4",",a","0",",a","19260720",",,a","8.6",",,a,20,","38.8",",,,a"
"ASN00081031","1926-08","-36.3667","145.1333",,"MERRIGUM, AS","14",",a","8",",a","0",",a","19260829",",,a","14.7",",,a,29,","51.7",",,,a"
"ASN00081031","1926-09","-36.3667","145.1333",,"MERRIGUM, AS","4",",a","3",",a","0",",a","19260904",",,a","11.4",",,a,04,","20.2",",,,a"
"ASN00081031","1926-10","-36.3667","145.1333",,"MERRIGUM, AS","7",",a","6",",a","0",",a","19261026",",,a","8.9",",,a,26,","33.6",",,,a"
"ASN00081031","1926-11","-36.3667","145.1333",,"MERRIGUM, AS","1",",a","0",",a","0",",a","19261110",",,a","1.3",",,a,10,","1.3",",,,a"
"ASN00081031","1926-12","-36.3667","145.1333",,"MERRIGUM, AS","3",",a","1",",a","0",",a","19261218",",,a","5.1",",,a,18,","7.7",",,,a"
"ASN00081031","1927-01","-36.3667","145.1333",,"MERRIGUM, AS","0",",a","0",",a","0",",a","19270131","+,,a","0.0",",,a,31,+","0.0",",,,a"
"ASN00081031","1927-02","-36.3667","145.1333",,"MERRIGUM, AS","2",",a","2",",a","0",",a","19270205",",,a","6.9",",,a,05,","12.0",",,,a"
"ASN00081031","1927-03","-36.3667","145.1333",,"MERRIGUM, AS","2",",a","2",",a","0",",a","19270319",",,a","3.8",",,a,19,","6.3",",,,a"
"ASN00081031","1927-04","-36.3667","145.1333",,"MERRIGUM, AS","2",",a","0",",a","0",",a","19270422",",,a","1.8",",,a,22,","2.8",",,,a"
"ASN00081031","1927-05","-36.3667","145.1333",,"MERRIGUM, AS","5",",a","2",",a","0",",a","19270511",",,a","12.4",",,a,11,","24.1",",,,a"
"ASN00081031","1927-06","-36.3667","145.1333",,"MERRIGUM, AS","6",",a","1",",a","0",",a","19270619",",,a","6.4",",,a,19,","12.8",",,,a"
"ASN00081031","1927-07","-36.3667","145.1333",,"MERRIGUM, AS","10",",a","3",",a","0",",a","19270703",",,a","12.2",",,a,03,","32.0",",,,a"
"ASN00081031","1927-08","-36.3667","145.1333",,"MERRIGUM, AS","14",",a","9",",a","0",",a","19270809",",,a","14.5",",,a,09,","50.4",",,,a"
"ASN00081031","1927-09","-36.3667","145.1333",,"MERRIGUM, AS","4",",a","2",",a","0",",a","19270930",",,a","10.2",",,a,30,","15.5",",,,a"
"ASN00081031","1927-10","-36.3667","145.1333",,"MERRIGUM, AS","5",",a","4",",a","0",",a","19271020",",,a","16.0",",,a,20,","38.3",",,,a"
"ASN00081031","1927-11","-36.3667","145.1333",,"MERRIGUM, AS","2",",a","1",",a","0",",a","19271102",",,a","15.5",",,a,02,","17.0",",,,a"
"ASN00081031","1927-12","-36.3667","145.1333",,"MERRIGUM, AS","2",",a","2",",a","0",",a","19271210",",,a","14.7",",,a,10,","18.3",",,,a"
"ASN00081031","1928-01","-36.3667","145.1333",,"MERRIGUM, AS","8",",a","6",",a","2",",a","19280119",",,a","39.6",",,a,19,","108.1",",,,a"
"ASN00081031","1928-02","-36.3667","145.1333",,"MERRIGUM, AS","8",",a","3",",a","1",",a","19280213",",,a","41.9",",,a,13,","82.1",",,,a"
"ASN00081031","1928-03","-36.3667","145.1333",,"MERRIGUM, AS","9",",a","4",",a","2",",a","19280321",",,a","53.8",",,a,21,","94.8",",,,a"
"ASN00081031","1928-04","-36.3667","145.1333",,"MERRIGUM, AS","4",",a","3",",a","0",",a","19280404",",,a","23.9",",,a,04,","41.5",",,,a"
"ASN00081031","1928-05","-36.3667","145.1333",,"MERRIGUM, AS","7",",a","5",",a","0",",a","19280527",",,a","12.2",",,a,27,","44.9",",,,a"
"ASN00081031","1928-06","-36.3667","145.1333",,"MERRIGUM, AS","5",",a","5",",a","0",",a","19280603",",,a","16.0",",,a,03,","53.3",",,,a"
"ASN00081031","1928-07","-36.3667","145.1333",,"MERRIGUM, AS","8",",a","5",",a","0",",a","19280716",",,a","19.3",",,a,16,","40.6",",,,a"
"ASN00081031","1928-08","-36.3667","145.1333",,"MERRIGUM, AS","5",",a","2",",a","0",",a","19280815",",,a","5.8",",,a,15,","12.2",",,,a"
"ASN00081031","1928-09","-36.3667","145.1333",,"MERRIGUM, AS","5",",a","3",",a","0",",a","19280930",",,a","11.9",",,a,30,","28.7",",,,a"
"ASN00081031","1928-10","-36.3667","145.1333",,"MERRIGUM, AS","10",",a","6",",a","0",",a","19281015",",,a","24.6",",,a,15,","68.1",",,,a"
"ASN00081031","1928-11","-36.3667","145.1333",,"MERRIGUM, AS","1",",a","1",",a","0",",a","19281104",",,a","3.0",",,a,04,","3.0",",,,a"
"ASN00081031","1928-12","-36.3667","145.1333",,"MERRIGUM, AS","1",",a","0",",a","0",",a","19281215",",,a","2.0",",,a,15,","2.0",",,,a"
"ASN00081031","1929-01","-36.3667","145.1333",,"MERRIGUM, AS","2",",a","1",",a","0",",a","19290131",",,a","6.6",",,a,31,","7.1",",,,a"
"ASN00081031","1929-02","-36.3667","145.1333",,"MERRIGUM, AS","3",",a","3",",a","0",",a","19290222",",,a","4.3",",,a,22,","11.4",",,,a"
"ASN00081031","1929-03","-36.3667","145.1333",,"MERRIGUM, AS","3",",a","1",",a","0",",a","19290325",",,a","6.9",",,a,25,","9.0",",,,a"
"ASN00081031","1929-04","-36.3667","145.1333",,"MERRIGUM, AS","6",",a","4",",a","1",",a","19290404",",,a","45.2",",,a,04,","87.4",",,,a"
"ASN00081031","1929-05","-36.3667","145.1333",,"MERRIGUM, AS","6",",a","2",",a","0",",a","19290522",",,a","10.4",",,a,22,","19.3",",,,a"
"ASN00081031","1929-06","-36.3667","145.1333",,"MERRIGUM, AS","5",",a","4",",a","0",",a","19290606","+,,a","5.8",",,a,06,+","18.2",",,,a"
"ASN00081031","1929-07","-36.3667","145.1333",,"MERRIGUM, AS","2",",a","0",",a","0",",a","19290722",",,a","0.8",",,a,22,","1.1",",,,a"
"ASN00081031","1929-08","-36.3667","145.1333",,"MERRIGUM, AS","11",",a","7",",a","0",",a","19290816",",,a","10.4",",,a,16,","39.1",",,,a"
"ASN00081031","1929-09","-36.3667","145.1333",,"MERRIGUM, AS","5",",a","2",",a","0",",a","19290928",",,a","9.9",",,a,28,","19.6",",,,a"
"ASN00081031","1929-10","-36.3667","145.1333",,"MERRIGUM, AS","6",",a","3",",a","0",",a","19291002",",,a","7.4",",,a,02,","21.9",",,,a"
"ASN00081031","1929-11","-36.3667","145.1333",,"MERRIGUM, AS","5",",a","1",",a","0",",a","19291113",",,a","3.0",",,a,13,","9.7",",,,a"
"ASN00081031","1929-12","-36.3667","145.1333",,"MERRIGUM, AS","5",",a","4",",a","0",",a","19291201",",,a","18.0",",,a,01,","38.6",",,,a"
"ASN00081031","1930-01","-36.3667","145.1333",,"MERRIGUM, AS","0",",a","0",",a","0",",a","19300131","+,,a","0.0",",,a,31,+","0.0",",,,a"
"ASN00081031","1930-02","-36.3667","145.1333",,"MERRIGUM, AS","3",",a","1",",a","0",",a","19300221",",,a","2.8",",,a,21,","3.6",",,,a"
"ASN00081031","1930-03","-36.3667","145.1333",,"MERRIGUM, AS","3",",a","2",",a","0",",a","19300312",",,a","22.1",",,a,12,","32.2",",,,a"
"ASN00081031","1930-04","-36.3667","145.1333",,"MERRIGUM, AS","2",",a","1",",a","0",",a","19300424",",,a","5.1",",,a,24,","6.4",",,,a"
"ASN00081031","1930-05","-36.3667","145.1333",,"MERRIGUM, AS","5",",a","4",",a","1",",a","19300510",",,a","27.4",",,a,10,","63.8",",,,a"
"ASN00081031","1930-06","-36.3667","145.1333",,"MERRIGUM, AS","2",",a","1",",a","0",",a","19300607",",,a","6.1",",,a,07,","7.1",",,,a"
"ASN00081031","1930-07","-36.3667","145.1333",,"MERRIGUM, AS","12",",a","7",",a","0",",a","19300702",",,a","12.7",",,a,02,","54.6",",,,a"
"ASN00081031","1930-08","-36.3667","145.1333",,"MERRIGUM, AS","13",",a","9",",a","0",",a","19300821",",,a","8.9",",,a,21,","56.8",",,,a"
"ASN00081031","1930-09","-36.3667","145.1333",,"MERRIGUM, AS","8",",a","4",",a","0",",a","19300909",",,a","16.5",",,a,09,","31.7",",,,a"
"ASN00081031","1930-10","-36.3667","145.1333",,"MERRIGUM, AS","11",",a","8",",a","0",",a","19301007",",,a","17.3",",,a,07,","65.5",",,,a"
"ASN00081031","1930-11","-36.3667","145.1333",,"MERRIGUM, AS","4",",a","2",",a","0",",a","19301124",",,a","14.0",",,a,24,","22.6",",,,a"
"ASN00081031","1930-12","-36.3667","145.1333",,"MERRIGUM, AS","10",",a","5",",a","2",",a","19301216",",,a","53.8",",,a,16,","118.0",",,,a"
"ASN00081031","1931-01","-36.3667","145.1333",,"MERRIGUM, AS","4",",a","1",",a","0",",a","19310108",",,a","7.6",",,a,08,","11.0",",,,a"
"ASN00081031","1931-02","-36.3667","145.1333",,"MERRIGUM, AS","1",",a","1",",a","0",",a","19310214",",,a","6.1",",,a,14,","6.1",",,,a"
"ASN00081031","1931-03","-36.3667","145.1333",,"MERRIGUM, AS","6",",a","5",",a","0",",a","19310320",",,a","13.0",",,a,20,","41.6",",,,a"
"ASN00081031","1931-04","-36.3667","145.1333",,"MERRIGUM, AS","6",",a","6",",a","1",",a","19310414",",,a","31.2",",,a,14,","73.6",",,,a"
"ASN00081031","1931-05","-36.3667","145.1333",,"MERRIGUM, AS","11",",a","8",",a","0",",a","19310514",",,a","21.1",",,a,14,","78.8",",,,a"
"ASN00081031","1931-06","-36.3667","145.1333",,"MERRIGUM, AS","13",",a","8",",a","0",",a","19310606",",,a","20.3",",,a,06,","93.2",",,,a"
"ASN00081031","1931-07","-36.3667","145.1333",,"MERRIGUM, AS","9",",a","8",",a","0",",a","19310712","+,,a","7.4",",,a,12,+","45.3",",,,a"
"ASN00081031","1931-08","-36.3667","145.1333",,"MERRIGUM, AS","5",",a","3",",a","0",",a","19310822","+,,a","5.1",",,a,22,+","17.3",",,,a"
"ASN00081031","1931-09","-36.3667","145.1333",,"MERRIGUM, AS","8",",a","5",",a","0",",a","19310914",",,a","6.9",",,a,14,","31.7",",,,a"
"ASN00081031","1931-10","-36.3667","145.1333",,"MERRIGUM, AS","4",",a","3",",a","0",",a","19311017",",,a","21.1",",,a,17,","36.3",",,,a"
"ASN00081031","1931-11","-36.3667","145.1333",,"MERRIGUM, AS","4",",a","3",",a","1",",a","19311116",",,a","25.9",",,a,16,","39.6",",,,a"
"ASN00081031","1931-12","-36.3667","145.1333",,"MERRIGUM, AS","0",",a","0",",a","0",",a","19311231","+,,a","0.0",",,a,31,+","0.0",",,,a"
"ASN00081031","1932-01","-36.3667","145.1333",,"MERRIGUM, AS","0",",a","0",",a","0",",a","19320131","+,,a","0.0",",,a,31,+","0.0",",,,a"
"ASN00081031","1932-02","-36.3667","145.1333",,"MERRIGUM, AS","3",",a","2",",a","0",",a","19320210",",,a","8.6",",,a,10,","17.0",",,,a"
"ASN00081031","1932-03","-36.3667","145.1333",,"MERRIGUM, AS","5",",a","4",",a","1",",a","19320327",",,a","25.4",",,a,27,","74.2",",,,a"
"ASN00081031","1932-04","-36.3667","145.1333",,"MERRIGUM, AS","8",",a","7",",a","0",",a","19320403",",,a","21.3",",,a,03,","87.8",",,,a"
"ASN00081031","1932-05","-36.3667","145.1333",,"MERRIGUM, AS","1",",a","1",",a","0",",a","19320520",",,a","13.2",",,a,20,","13.2",",,,a"
"ASN00081031","1932-06","-36.3667","145.1333",,"MERRIGUM, AS","10",",a","8",",a","0",",a","19320613",",,a","22.9",",,a,13,","58.8",",,,a"
"ASN00081031","1932-07","-36.3667","145.1333",,"MERRIGUM, AS","5",",a","4",",a","1",",a","19320704",",,a","31.2",",,a,04,","55.2",",,,a"
"ASN00081031","1932-08","-36.3667","145.1333",,"MERRIGUM, AS","12",",a","7",",a","1",",a","19320829",",,a","25.4",",,a,29,","62.0",",,,a"
"ASN00081031","1932-09","-36.3667","145.1333",,"MERRIGUM, AS","5",",a","4",",a","0",",a","19320930",",,a","18.3",",,a,30,","44.3",",,,a"
"ASN00081031","1932-10","-36.3667","145.1333",,"MERRIGUM, AS","4",",a","3",",a","0",",a","19321012",",,a","15.2",",,a,12,","25.4",",,,a"
"ASN00081031","1932-11","-36.3667","145.1333",,"MERRIGUM, AS","3",",a","2",",a","0",",a","19321113",",,a","6.6",",,a,13,","14.3",",,,a"
"ASN00081031","1932-12","-36.3667","145.1333",,"MERRIGUM, AS","3",",a","2",",a","0",",a","19321216",",,a","11.4",",,a,16,","16.2",",,,a"
"ASN00081031","1933-01","-36.3667","145.1333",,"MERRIGUM, AS","3",",a","3",",a","1",",a","19330120",",,a","26.4",",,a,20,","37.0",",,,a"
"ASN00081031","1933-02","-36.3667","145.1333",,"MERRIGUM, AS","0",",a","0",",a","0",",a","19330228","+,,a","0.0",",,a,28,+","0.0",",,,a"
"ASN00081031","1933-03","-36.3667","145.1333",,"MERRIGUM, AS","2",",a","2",",a","1",",a","19330305",",,a","30.0",",,a,05,","34.6",",,,a"
"ASN00081031","1933-04","-36.3667","145.1333",,"MERRIGUM, AS","3",",a","0",",a","0",",a","19330411",",,a","2.3",",,a,11,","4.3",",,,a"
"ASN00081031","1933-05","-36.3667","145.1333",,"MERRIGUM, AS","5",",a","4",",a","0",",a","19330526",",,a","11.2",",,a,26,","29.5",",,,a"
"ASN00081031","1933-06","-36.3667","145.1333",,"MERRIGUM, AS","6",",a","3",",a","1",",a","19330624",",,a","27.4",",,a,24,","45.2",",,,a"
"ASN00081031","1933-07","-36.3667","145.1333",,"MERRIGUM, AS","7",",a","7",",a","1",",a","19330712",",,a","59.9",",,a,12,","95.1",",,,a"
"ASN00081031","1933-08","-36.3667","145.1333",,"MERRIGUM, AS","5",",a","4",",a","1",",a","19330829",",,a","27.2",",,a,29,","46.2",",,,a"
"ASN00081031","1933-09","-36.3667","145.1333",,"MERRIGUM, AS","8",",a","7",",a","0",",a","19330901",",,a","23.6",",,a,01,","53.1",",,,a"
"ASN00081031","1933-10","-36.3667","145.1333",,"MERRIGUM, AS","5",",a","4",",a","1",",a","19331004",",,a","26.2",",,a,04,","42.1",",,,a"
"ASN00081031","1933-11","-36.3667","145.1333",,"MERRIGUM, AS","4",",a","2",",a","1",",a","19331130",",,a","27.4",",,a,30,","37.0",",,,a"
"ASN00081031","1933-12","-36.3667","145.1333",,"MERRIGUM, AS","7",",a","5",",a","0",",a","19331201",",,a","18.8",",,a,01,","49.0",",,,a"
"ASN00081031","1934-01","-36.3667","145.1333",,"MERRIGUM, AS","5",",a","5",",a","0",",a","19340109",",,a","21.6",",,a,09,","60.7",",,,a"
"ASN00081031","1934-02","-36.3667","145.1333",,"MERRIGUM, AS","5",",a","5",",a","3",",a","19340218",",,a","37.3",",,a,18,","117.6",",,,a"
"ASN00081031","1934-03","-36.3667","145.1333",,"MERRIGUM, AS","1",",a","1",",a","0",",a","19340323",",,a","15.7",",,a,23,","15.7",",,,a"
"ASN00081031","1934-04","-36.3667","145.1333",,"MERRIGUM, AS","6",",a","3",",a","0",",a","19340404",",,a","15.2",",,a,04,","32.7",",,,a"
"ASN00081031","1934-05","-36.3667","145.1333",,"MERRIGUM, AS","0",",a","0",",a","0",",a","19340531","+,,a","0.0",",,a,31,+","0.0",",,,a"
"ASN00081031","1934-06","-36.3667","145.1333",,"MERRIGUM, AS","6",",a","2",",a","0",",a","19340614",",,a","3.8",",,a,14,","12.8",",,,a"
"ASN00081031","1934-07","-36.3667","145.1333",,"MERRIGUM, AS","13",",a","6",",a","0",",a","19340709",",,a","8.9",",,a,09,","41.4",",,,a"
"ASN00081031","1934-08","-36.3667","145.1333",,"MERRIGUM, AS","8",",a","5",",a","0",",a","19340815",",,a","24.4",",,a,15,","52.5",",,,a"
"ASN00081031","1934-09","-36.3667","145.1333",,"MERRIGUM, AS","4",",a","4",",a","0",",a","19340906",",,a","7.1",",,a,06,","20.8",",,,a"
"ASN00081031","1934-10","-36.3667","145.1333",,"MERRIGUM, AS","11",",a","9",",a","0",",a","19341011",",,a","15.7",",,a,11,","85.2",",,,a"
"ASN00081031","1934-11","-36.3667","145.1333",,"MERRIGUM, AS","7",",a","6",",a","1",",a","19341130",",,a","46.5",",,a,30,","88.0",",,,a"
"ASN00081031","1934-12","-36.3667","145.1333",,"MERRIGUM, AS","2",",a","2",",a","1",",a","19341201",",,a","25.4",",,a,01,","37.6",",,,a"
"ASN00081031","1935-01","-36.3667","145.1333",,"MERRIGUM, AS","2",",a","2",",a","0",",a","19350106",",,a","20.8",",,a,06,","29.9",",,,a"
"ASN00081031","1935-02","-36.3667","145.1333",,"MERRIGUM, AS","4",",a","3",",a","1",",a","19350209",",,a","25.4",",,a,09,","34.1",",,,a"
"ASN00081031","1935-03","-36.3667","145.1333",,"MERRIGUM, AS","5",",a","5",",a","0",",a","19350321",",,a","6.9",",,a,21,","23.6",",,,a"
"ASN00081031","1935-07","-36.3667","145.1333",,"MERRIGUM, AS","8",",a","6",",a","1",",a","19350712",",,a","30.5",",,a,12,","82.2",",,,a"
"ASN00081031","1935-08","-36.3667","145.1333",,"MERRIGUM, AS","8",",a","5",",a","0",",a","19350831",",,a","18.8",",,a,31,","34.1",",,,a"
"ASN00081031","1935-09","-36.3667","145.1333",,"MERRIGUM, AS","10",",a","7",",a","1",",a","19350914",",,a","33.3",",,a,14,","63.6",",,,a"
"ASN00081031","1935-10","-36.3667","145.1333",,"MERRIGUM, AS","7",",a","5",",a","0",",a","19351023",",,a","23.6",",,a,23,","56.9",",,,a"
"ASN00081031","1935-11","-36.3667","145.1333",,"MERRIGUM, AS","4",",a","0",",a","0",",a","19351128",",,a","2.0",",,a,28,","5.3",",,,a"
"ASN00081031","1935-12","-36.3667","145.1333",,"MERRIGUM, AS","4",",a","2",",a","0",",a","19351203",",,a","6.4",",,a,03,","13.5",",,,a"
"ASN00081031","1936-01","-36.3667","145.1333",,"MERRIGUM, AS","6",",a","5",",a","0",",a","19360110",",,a","13.7",",,a,10,","36.8",",,,a"
"ASN00081031","1936-02","-36.3667","145.1333",,"MERRIGUM, AS","2",",a","1",",a","0",",a","19360221",",,a","22.4",",,a,21,","23.9",",,,a"
"ASN00081031","1936-03","-36.3667","145.1333",,"MERRIGUM, AS","0",",a","0",",a","0",",a","19360331","+,,a","0.0",",,a,31,+","0.0",",,,a"
"ASN00081031","1936-04","-36.3667","145.1333",,"MERRIGUM, AS","4",",a","3",",a","0",",a","19360408",",,a","25.1",",,a,08,","44.4",",,,a"
"ASN00081031","1936-05","-36.3667","145.1333",,"MERRIGUM, AS","4",",a","2",",a","0",",a","19360511",",,a","10.2",",,a,11,","21.6",",,,a"
"ASN00081031","1936-06","-36.3667","145.1333",,"MERRIGUM, AS","7",",a","5",",a","0",",a","19360624",",,a","16.8",",,a,24,","45.1",",,,a"
"ASN00081031","1936-07","-36.3667","145.1333",,"MERRIGUM, AS","14",",a","8",",a","1",",a","19360726",",,a","41.1",",,a,26,","116.1",",,,a"
"ASN00081031","1936-08","-36.3667","145.1333",,"MERRIGUM, AS","15",",a","4",",a","0",",a","19360827",",,a","19.1",",,a,27,","54.9",",,,a"
"ASN00081031","1936-09","-36.3667","145.1333",,"MERRIGUM, AS","4",",a","2",",a","0",",a","19360908",",,a","15.0",",,a,08,","23.8",",,,a"
"ASN00081031","1936-10","-36.3667","145.1333",,"MERRIGUM, AS","8",",a","5",",a","0",",a","19361018",",,a","15.0",",,a,18,","36.1",",,,a"
"ASN00081031","1936-11","-36.3667","145.1333",,"MERRIGUM, AS","2",",a","1",",a","0",",a","19361115",",,a","7.1",",,a,15,","8.6",",,,a"
"ASN00081031","1936-12","-36.3667","145.1333",,"MERRIGUM, AS","9",",a","7",",a","0",",a","19361217",",,a","15.2",",,a,17,","53.1",",,,a"
"ASN00081031","1937-01","-36.3667","145.1333",,"MERRIGUM, AS","6",",a","5",",a","0",",a","19370125",",,a","17.5",",,a,25,","35.4",",,,a"
"ASN00081031","1937-02","-36.3667","145.1333",,"MERRIGUM, AS","2",",a","2",",a","0",",a","19370219",",,a","11.2",",,a,19,","18.3",",,,a"
"ASN00081031","1937-03","-36.3667","145.1333",,"MERRIGUM, AS","3",",a","0",",a","0",",a","19370306","+,,a","1.3",",,a,06,+","3.4",",,,a"
"ASN00081031","1937-04","-36.3667","145.1333",,"MERRIGUM, AS","4",",a","1",",a","0",",a","19370428",",,a","8.6",",,a,28,","10.4",",,,a"
"ASN00081031","1937-05","-36.3667","145.1333",,"MERRIGUM, AS","7",",a","4",",a","0",",a","19370516",",,a","10.7",",,a,16,","31.3",",,,a"
"ASN00081031","1937-06","-36.3667","145.1333",,"MERRIGUM, AS","5",",a","4",",a","0",",a","19370614",",,a","24.6",",,a,14,","51.0",",,,a"
"ASN00081031","1937-07","-36.3667","145.1333",,"MERRIGUM, AS","7",",a","4",",a","0",",a","19370718",",,a","5.3",",,a,18,","20.5",",,,a"
"ASN00081031","1937-08","-36.3667","145.1333",,"MERRIGUM, AS","7",",a","4",",a","0",",a","19370821",",,a","13.0",",,a,21,","35.4",",,,a"
"ASN00081031","1937-09","-36.3667","145.1333",,"MERRIGUM, AS","7",",a","5",",a","0",",a","19370902",",,a","7.9",",,a,02,","22.6",",,,a"
"ASN00081031","1937-10","-36.3667","145.1333",,"MERRIGUM, AS","6",",a","5",",a","0",",a","19371010",",,a","16.8",",,a,10,","62.5",",,,a"
"ASN00081031","1937-11","-36.3667","145.1333",,"MERRIGUM, AS","2",",a","1",",a","0",",a","19371116",",,a","3.0",",,a,16,","3.5",",,,a"
"ASN00081031","1937-12","-36.3667","145.1333",,"MERRIGUM, AS","7",",a","3",",a","0",",a","19371211",",,a","5.6",",,a,11,","17.9",",,,a"
"ASN00081031","1938-01","-36.3667","145.1333",,"MERRIGUM, AS","4",",a","4",",a","0",",a","19380116",",,a","13.0",",,a,16,","30.0",",,,a"
"ASN00081031","1938-02","-36.3667","145.1333",,"MERRIGUM, AS","4",",a","1",",a","0",",a","19380205",",,a","11.4",",,a,05,","15.3",",,,a"
"ASN00081031","1938-03","-36.3667","145.1333",,"MERRIGUM, AS","0",",a","0",",a","0",",a","19380331","+,,a","0.0",",,a,31,+","0.0",",,,a"
"ASN00081031","1938-04","-36.3667","145.1333",,"MERRIGUM, AS","5",",a","4",",a","0",",a","19380418",",,a","5.1",",,a,18,","16.0",",,,a"
"ASN00081031","1938-05","-36.3667","145.1333",,"MERRIGUM, AS","3",",a","1",",a","0",",a","19380527",",,a","9.1",",,a,27,","10.4",",,,a"
"ASN00081031","1938-06","-36.3667","145.1333",,"MERRIGUM, AS","12",",a","8",",a","1",",a","19380615",",,a","25.9",",,a,15,","76.4",",,,a"
"ASN00081031","1938-07","-36.3667","145.1333",,"MERRIGUM, AS","9",",a","5",",a","0",",a","19380730",",,a","7.4",",,a,30,","32.0",",,,a"
"ASN00081031","1938-08","-36.3667","145.1333",,"MERRIGUM, AS","9",",a","4",",a","0",",a","19380828",",,a","9.9",",,a,28,","24.4",",,,a"
"ASN00081031","1938-09","-36.3667","145.1333",,"MERRIGUM, AS","1",",a","0",",a","0",",a","19380917",",,a","1.8",",,a,17,","1.8",",,,a"
"ASN00081031","1938-10","-36.3667","145.1333",,"MERRIGUM, AS","1",",a","0",",a","0",",a","19381008",",,a","0.8",",,a,08,","0.8",",,,a"
"ASN00081031","1938-11","-36.3667","145.1333",,"MERRIGUM, AS","3",",a","1",",a","0",",a","19381127",",,a","2.8",",,a,27,","5.6",",,,a"
"ASN00081031","1938-12","-36.3667","145.1333",,"MERRIGUM, AS","0",",a","0",",a","0",",a","19381231","+,,a","0.0",",,a,31,+","0.0",",,,a"
"ASN00081031","1939-01","-36.3667","145.1333",,"MERRIGUM, AS","2",",a","1",",a","0",",a","19390117",",,a","3.3",",,a,17,","5.3",",,,a"
"ASN00081031","1939-02","-36.3667","145.1333",,"MERRIGUM, AS","6",",a","5",",a","3",",a","19390226",",,a","41.4",",,a,26,","114.8",",,,a"
"ASN00081031","1939-03","-36.3667","145.1333",,"MERRIGUM, AS","4",",a","3",",a","0",",a","19390311",",,a","20.8",",,a,11,","57.2",",,,a"
"ASN00081031","1939-04","-36.3667","145.1333",,"MERRIGUM, AS","12",",a","10",",a","1",",a","19390408",",,a","83.3",",,a,08,","174.8",",,,a"
"ASN00081031","1939-05","-36.3667","145.1333",,"MERRIGUM, AS","10",",a","4",",a","0",",a","19390516",",,a","22.9",",,a,16,","50.8",",,,a"
"ASN00081031","1939-06","-36.3667","145.1333",,"MERRIGUM, AS","16",",a","7",",a","1",",a","19390601",",,a","27.7",",,a,01,","85.9",",,,a"
"ASN00081031","1939-07","-36.3667","145.1333",,"MERRIGUM, AS","8",",a","3",",a","0",",a","19390731",",,a","21.1",",,a,31,","40.8",",,,a"
"ASN00081031","1939-08","-36.3667","145.1333",,"MERRIGUM, AS","19",",a","13",",a","0",",a","19390802",",,a","17.8",",,a,02,","97.4",",,,a"
"ASN00081031","1939-09","-36.3667","145.1333",,"MERRIGUM, AS","9",",a","5",",a","0",",a","19390926",",,a","9.1",",,a,26,","28.6",",,,a"
"ASN00081031","1939-10","-36.3667","145.1333",,"MERRIGUM, AS","9",",a","7",",a","0",",a","19391023",",,a","15.2",",,a,23,","58.2",",,,a"
"ASN00081031","1939-11","-36.3667","145.1333",,"MERRIGUM, AS","6",",a","5",",a","0",",a","19391104",",,a","23.4",",,a,04,","53.7",",,,a"
"ASN00081031","1939-12","-36.3667","145.1333",,"MERRIGUM, AS","1",",a","0",",a","0",",a","19391206",",,a","1.8",",,a,06,","1.8",",,,a"
"ASN00081031","1940-01","-36.3667","145.1333",,"MERRIGUM, AS","2",",a","1",",a","0",",a","19400117",",,a","2.5",",,a,17,","4.8",",,,a"
"ASN00081031","1940-02","-36.3667","145.1333",,"MERRIGUM, AS","1",",a","0",",a","0",",a","19400217",",,a","0.5",",,a,17,","0.5",",,,a"
"ASN00081031","1940-03","-36.3667","145.1333",,"MERRIGUM, AS","1",",a","1",",a","0",",a","19400319",",,a","22.4",",,a,19,","22.4",",,,a"
"ASN00081031","1940-04","-36.3667","145.1333",,"MERRIGUM, AS","9",",a","5",",a","0",",a","19400425",",,a","21.6",",,a,25,","47.5",",,,a"
"ASN00081031","1940-05","-36.3667","145.1333",,"MERRIGUM, AS","3",",a","2",",a","0",",a","19400501",",,a","8.1",",,a,01,","14.2",",,,a"
"ASN00081031","1940-06","-36.3667","145.1333",,"MERRIGUM, AS","4",",a","2",",a","0",",a","19400607",",,a","7.6",",,a,07,","13.7",",,,a"
"ASN00081031","1940-07","-36.3667","145.1333",,"MERRIGUM, AS","11",",a","6",",a","0",",a","19400710",",,a","15.7",",,a,10,","42.5",",,,a"
"ASN00081031","1940-08","-36.3667","145.1333",,"MERRIGUM, AS","4",",a","1",",a","0",",a","19400806",",,a","5.1",",,a,06,","8.9",",,,a"
"ASN00081031","1940-09","-36.3667","145.1333",,"MERRIGUM, AS","4",",a","4",",a","0",",a","19400913",",,a","22.6",",,a,13,","54.6",",,,a"
"ASN00081031","1940-10","-36.3667","145.1333",,"MERRIGUM, AS","2",",a","1",",a","0",",a","19401023",",,a","5.1",",,a,23,","5.9",",,,a"
"ASN00081031","1940-11","-36.3667","145.1333",,"MERRIGUM, AS","3",",a","2",",a","0",",a","19401112",",,a","12.2",",,a,12,","15.5",",,,a"
"ASN00081031","1940-12","-36.3667","145.1333",,"MERRIGUM, AS","3",",a","1",",a","0",",a","19401228",",,a","4.1",",,a,28,","5.2",",,,a"
"ASN00081031","1941-01","-36.3667","145.1333",,"MERRIGUM, AS","5",",a","5",",a","3",",a","19410104",",,a","85.1",",,a,04,","148.4",",,,a"
"ASN00081031","1941-02","-36.3667","145.1333",,"MERRIGUM, AS","2",",a","0",",a","0",",a","19410224",",,a","2.0",",,a,24,","3.0",",,,a"
"ASN00081031","1941-03","-36.3667","145.1333",,"MERRIGUM, AS","7",",a","5",",a","1",",a","19410321",",,a","37.3",",,a,21,","79.5",",,,a"
"ASN00081031","1941-04","-36.3667","145.1333",,"MERRIGUM, AS","2",",a","0",",a","0",",a","19410404",",,a","1.5",",,a,04,","2.8",",,,a"
"ASN00081031","1941-05","-36.3667","145.1333",,"MERRIGUM, AS","1",",a","1",",a","0",",a","19410509",",,a","16.3",",,a,09,","16.3",",,,a"
"ASN00081031","1941-06","-36.3667","145.1333",,"MERRIGUM, AS","8",",a","4",",a","0",",a","19410621",",,a","9.7",",,a,21,","29.8",",,,a"
"ASN00081031","1941-07","-36.3667","145.1333",,"MERRIGUM, AS","13",",a","6",",a","0",",a","19410715",",,a","22.6",",,a,15,","54.3",",,,a"
"ASN00081031","1941-08","-36.3667","145.1333",,"MERRIGUM, AS","4",",a","2",",a","0",",a","19410823",",,a","8.6",",,a,23,","17.0",",,,a"
"ASN00081031","1941-09","-36.3667","145.1333",,"MERRIGUM, AS","10",",a","6",",a","0",",a","19410923",",,a","10.9",",,a,23,","31.2",",,,a"
"ASN00081031","1941-10","-36.3667","145.1333",,"MERRIGUM, AS","5",",a","3",",a","0",",a","19411001",",,a","11.4",",,a,01,","28.2",",,,a"
"ASN00081031","1941-11","-36.3667","145.1333",,"MERRIGUM, AS","3",",a","1",",a","0",",a","19411105",",,a","17.5",",,a,05,","19.1",",,,a"
"ASN00081031","1941-12","-36.3667","145.1333",,"MERRIGUM, AS","5",",a","2",",a","0",",a","19411206",",,a","5.1",",,a,06,","13.8",",,,a"
"ASN00081031","1942-01","-36.3667","145.1333",,"MERRIGUM, AS","1",",a","1",",a","0",",a","19420120",",,a","19.8",",,a,20,","19.8",",,,a"
"ASN00081031","1942-02","-36.3667","145.1333",,"MERRIGUM, AS","4",",a","3",",a","0",",a","19420214",",,a","19.8",",,a,14,","44.2",",,,a"
"ASN00081031","1942-03","-36.3667","145.1333",,"MERRIGUM, AS","3",",a","2",",a","0",",a","19420327",",,a","23.1",",,a,27,","32.7",",,,a"
"ASN00081031","1942-04","-36.3667","145.1333",,"MERRIGUM, AS","3",",a","1",",a","0",",a","19420405",",,a","6.1",",,a,05,","9.6",",,,a"
"ASN00081031","1942-05","-36.3667","145.1333",,"MERRIGUM, AS","21",",a","8",",a","0",",a","19420521",",,a","10.2",",,a,21,","65.1",",,,a"
"ASN00081031","1942-06","-36.3667","145.1333",,"MERRIGUM, AS","11",",a","5",",a","0",",a","19420610",",,a","12.2",",,a,10,","36.6",",,,a"
"ASN00081031","1942-07","-36.3667","145.1333",,"MERRIGUM, AS","11",",a","7",",a","0",",a","19420701",",,a","9.7",",,a,01,","40.2",",,,a"
"ASN00081031","1942-08","-36.3667","145.1333",,"MERRIGUM, AS","16",",a","7",",a","0",",a","19420829",",,a","15.0",",,a,29,","68.1",",,,a"
"ASN00081031","1942-09","-36.3667","145.1333",,"MERRIGUM, AS","11",",a","1",",a","0",",a","19420912",",,a","2.5",",,a,12,","15.5",",,,a"
"ASN00081031","1942-10","-36.3667","145.1333",,"MERRIGUM, AS","7",",a","4",",a","0",",a","19421030",",,a","11.7",",,a,30,","28.3",",,,a"
"ASN00081031","1942-11","-36.3667","145.1333",,"MERRIGUM, AS","2",",a","2",",a","0",",a","19421122",",,a","14.2",",,a,22,","21.1",",,,a"
"ASN00081031","1942-12","-36.3667","145.1333",,"MERRIGUM, AS","4",",a","2",",a","0",",a","19421220","+,,a","2.5",",,a,20,+","8.3",",,,a"
"ASN00081031","1943-01","-36.3667","145.1333",,"MERRIGUM, AS","5",",a","3",",a","1",",a","19430122",",,a","50.3",",,a,22,","63.0",",,,a"
"ASN00081031","1943-02","-36.3667","145.1333",,"MERRIGUM, AS","2",",a","1",",a","0",",a","19430218",",,a","3.3",",,a,18,","3.6",",,,a"
"ASN00081031","1943-03","-36.3667","145.1333",,"MERRIGUM, AS","0",",a","0",",a","0",",a","19430331","+,,a","0.0",",,a,31,+","0.0",",,,a"
"ASN00081031","1943-04","-36.3667","145.1333",,"MERRIGUM, AS","11",",a","4",",a","0",",a","19430407",",,a","11.2",",,a,07,","28.1",",,,a"
"ASN00081031","1943-05","-36.3667","145.1333",,"MERRIGUM, AS","4",",a","3",",a","0",",a","19430514",",,a","7.4",",,a,14,","16.1",",,,a"
"ASN00081031","1943-06","-36.3667","145.1333",,"MERRIGUM, AS","13",",a","5",",a","0",",a","19430630",",,a","6.9",",,a,30,","28.5",",,,a"
"ASN00081031","1943-07","-36.3667","145.1333",,"MERRIGUM, AS","12",",a","5",",a","0",",a","19430728",",,a","12.4",",,a,28,","34.7",",,,a"
"ASN00081031","1943-08","-36.3667","145.1333",,"MERRIGUM, AS","14",",a","6",",a","0",",a","19430823",",,a","5.6",",,a,23,","32.6",",,,a"
"ASN00081031","1943-09","-36.3667","145.1333",,"MERRIGUM, AS","11",",a","5",",a","0",",a","19430917",",,a","12.2",",,a,17,","34.7",",,,a"
"ASN00081031","1943-10","-36.3667","145.1333",,"MERRIGUM, AS","7",",a","3",",a","0",",a","19431012",",,a","6.6",",,a,12,","18.0",",,,a"
"ASN00081031","1943-11","-36.3667","145.1333",,"MERRIGUM, AS","3",",a","1",",a","0",",a","19431118",",,a","6.9",",,a,18,","8.0",",,,a"
"ASN00081031","1943-12","-36.3667","145.1333",,"MERRIGUM, AS","1",",a","1",",a","0",",a","19431218",",,a","4.1",",,a,18,","4.1",",,,a"
"ASN00081031","1944-01","-36.3667","145.1333",,"MERRIGUM, AS","0",",a","0",",a","0",",a","19440131","+,,a","0.0",",,a,31,+","0.0",",,,a"
"ASN00081031","1944-02","-36.3667","145.1333",,"MERRIGUM, AS","3",",a","1",",a","0",",a","19440215",",,a","5.3",",,a,15,","6.9",",,,a"
"ASN00081031","1944-03","-36.3667","145.1333",,"MERRIGUM, AS","2",",a","1",",a","0",",a","19440310",",,a","10.2",",,a,10,","10.7",",,,a"
"ASN00081031","1944-04","-36.3667","145.1333",,"MERRIGUM, AS","8",",a","5",",a","0",",a","19440424",",,a","12.2",",,a,24,","35.3",",,,a"
"ASN00081031","1944-05","-36.3667","145.1333",,"MERRIGUM, AS","13",",a","6",",a","0",",a","19440522",",,a","21.6",",,a,22,","60.8",",,,a"
"ASN00081031","1944-06","-36.3667","145.1333",,"MERRIGUM, AS","6",",a","1",",a","0",",a","19440608",",,a","4.1",",,a,08,","8.5",",,,a"
"ASN00081031","1944-07","-36.3667","145.1333",,"MERRIGUM, AS","10",",a","5",",a","0",",a","19440721",",,a","9.1",",,a,21,","39.2",",,,a"
"ASN00081031","1944-08","-36.3667","145.1333",,"MERRIGUM, AS","0",",a","0",",a","0",",a","19440831","+,,a","0.0",",,a,31,+","0.0",",,,a"
"ASN00081031","1944-09","-36.3667","145.1333",,"MERRIGUM, AS","4",",a","1",",a","0",",a","19440916",",,a","5.1",",,a,16,","7.9",",,,a"
"ASN00081031","1944-10","-36.3667","145.1333",,"MERRIGUM, AS","6",",a","5",",a","0",",a","19441018",",,a","8.1",",,a,18,","23.9",",,,a"
"ASN00081031","1944-11","-36.3667","145.1333",,"MERRIGUM, AS","3",",a","2",",a","0",",a","19441107",",,a","6.9",",,a,07,","11.0",",,,a"
"ASN00081031","1944-12","-36.3667","145.1333",,"MERRIGUM, AS","5",",a","2",",a","0",",a","19441212",",,a","14.7",",,a,12,","21.4",",,,a"
"ASN00081031","1945-01","-36.3667","145.1333",,"MERRIGUM, AS","4",",a","2",",a","0",",a","19450114",",,a","21.3",",,a,14,","33.3",",,,a"
"ASN00081031","1945-02","-36.3667","145.1333",,"MERRIGUM, AS","2",",a","2",",a","0",",a","19450221",",,a","3.3",",,a,21,","6.1",",,,a"
"ASN00081031","1945-03","-36.3667","145.1333",,"MERRIGUM, AS","1",",a","1",",a","0",",a","19450330",",,a","2.5",",,a,30,","2.5",",,,a"
"ASN00081031","1945-04","-36.3667","145.1333",,"MERRIGUM, AS","0",",a","0",",a","0",",a","19450430","+,,a","0.0",",,a,30,+","0.0",",,,a"
"ASN00081031","1945-05","-36.3667","145.1333",,"MERRIGUM, AS","5",",a","3",",a","0",",a","19450514",",,a","5.8",",,a,14,","16.0",",,,a"
"ASN00081031","1945-06","-36.3667","145.1333",,"MERRIGUM, AS","8",",a","5",",a","0",",a","19450620",",,a","15.0",",,a,20,","52.7",",,,a"
"ASN00081031","1945-07","-36.3667","145.1333",,"MERRIGUM, AS","8",",a","7",",a","0",",a","19450731","+,,a","8.9",",,a,31,+","39.9",",,,a"
"ASN00081031","1945-08","-36.3667","145.1333",,"MERRIGUM, AS","15",",a","8",",a","0",",a","19450807",",,a","23.9",",,a,07,","75.3",",,,a"
"ASN00081031","1945-09","-36.3667","145.1333",,"MERRIGUM, AS","10",",a","3",",a","0",",a","19450921",",,a","4.8",",,a,21,","21.1",",,,a"
"ASN00081031","1945-10","-36.3667","145.1333",,"MERRIGUM, AS","8",",a","5",",a","1",",a","19451027",",,a","25.4",",,a,27,","61.7",",,,a"
"ASN00081031","1945-11","-36.3667","145.1333",,"MERRIGUM, AS","7",",a","4",",a","0",",a","19451117",",,a","9.9",",,a,17,","28.1",",,,a"
"ASN00081031","1945-12","-36.3667","145.1333",,"MERRIGUM, AS","1",",a","1",",a","0",",a","19451227",",,a","8.9",",,a,27,","8.9",",,,a"
"ASN00081031","1946-01","-36.3667","145.1333",,"MERRIGUM, AS","5",",a","4",",a","1",",a","19460119",",,a","48.0",",,a,19,","83.8",",,,a"
"ASN00081031","1946-02","-36.3667","145.1333",,"MERRIGUM, AS","6",",a","6",",a","1",",a","19460218",",,a","33.3",",,a,18,","82.0",",,,a"
"ASN00081031","1946-03","-36.3667","145.1333",,"MERRIGUM, AS","7",",a","3",",a","0",",a","19460316",",,a","13.5",",,a,16,","25.7",",,,a"
"ASN00081031","1946-04","-36.3667","145.1333",,"MERRIGUM, AS","4",",a","3",",a","0",",a","19460423",",,a","7.9",",,a,23,","19.8",",,,a"
"ASN00081031","1946-05","-36.3667","145.1333",,"MERRIGUM, AS","5",",a","2",",a","0",",a","19460518",",,a","10.9",",,a,18,","17.5",",,,a"
"ASN00081031","1946-06","-36.3667","145.1333",,"MERRIGUM, AS","5",",a","2",",a","0",",a","19460629",",,a","16.0",",,a,29,","31.2",",,,a"
"ASN00081031","1946-07","-36.3667","145.1333",,"MERRIGUM, AS","15",",a","8",",a","0",",a","19460723",",,a","8.9",",,a,23,","48.0",",,,a"
"ASN00081031","1946-08","-36.3667","145.1333",,"MERRIGUM, AS","12",",a","2",",a","0",",a","19460813",",,a","6.1",",,a,13,","22.4",",,,a"
"ASN00081031","1946-09","-36.3667","145.1333",,"MERRIGUM, AS","6",",a","1",",a","0",",a","19460914",",,a","4.1",",,a,14,","9.3",",,,a"
"ASN00081031","1946-10","-36.3667","145.1333",,"MERRIGUM, AS","7",",a","2",",a","0",",a","19461014",",,a","15.0",",,a,14,","27.2",",,,a"
"ASN00081031","1946-11","-36.3667","145.1333",,"MERRIGUM, AS","6",",a","5",",a","0",",a","19461108",",,a","11.9",",,a,08,","38.9",",,,a"
"ASN00081031","1946-12","-36.3667","145.1333",,"MERRIGUM, AS","3",",a","0",",a","0",",a","19461206",",,a","2.0",",,a,06,","2.8",",,,a"
"ASN00081031","1947-01","-36.3667","145.1333",,"MERRIGUM, AS","1",",a","1",",a","0",",a","19470124",",,a","5.6",",,a,24,","5.6",",,,a"
"ASN00081031","1947-02","-36.3667","145.1333",,"MERRIGUM, AS","6",",a","3",",a","0",",a","19470205",",,a","9.7",",,a,05,","27.5",",,,a"
"ASN00081031","1947-03","-36.3667","145.1333",,"MERRIGUM, AS","7",",a","4",",a","0",",a","19470330",",,a","19.8",",,a,30,","39.5",",,,a"
"ASN00081031","1947-04","-36.3667","145.1333",,"MERRIGUM, AS","4",",a","1",",a","0",",a","19470422",",,a","2.8",",,a,22,","7.9",",,,a"
"ASN00081031","1947-05","-36.3667","145.1333",,"MERRIGUM, AS","6",",a","2",",a","0",",a","19470527",",,a","3.3",",,a,27,","8.9",",,,a"
"ASN00081031","1947-06","-36.3667","145.1333",,"MERRIGUM, AS","10",",a","1",",a","0",",a","19470628",",,a","16.3",",,a,28,","27.0",",,,a"
"ASN00081031","1947-07","-36.3667","145.1333",,"MERRIGUM, AS","19",",a","7",",a","1",",a","19470728",",,a","28.4",",,a,28,","89.1",",,,a"
"ASN00081031","1947-08","-36.3667","145.1333",,"MERRIGUM, AS","9",",a","5",",a","0",",a","19470810",",,a","22.9",",,a,10,","53.3",",,,a"
"ASN00081031","1947-09","-36.3667","145.1333",,"MERRIGUM, AS","10",",a","4",",a","1",",a","19470904",",,a","37.1",",,a,04,","58.5",",,,a"
"ASN00081031","1947-10","-36.3667","145.1333",,"MERRIGUM, AS","12",",a","10",",a","0",",a","19471020",",,a","14.5",",,a,20,","71.0",",,,a"
"ASN00081031","1947-11","-36.3667","145.1333",,"MERRIGUM, AS","5",",a","2",",a","0",",a","19471104",",,a","21.1",",,a,04,","29.5",",,,a"
"ASN00081031","1947-12","-36.3667","145.1333",,"MERRIGUM, AS","11",",a","7",",a","1",",a","19471202",",,a","35.8",",,a,02,","105.9",",,,a"
"ASN00081031","1948-01","-36.3667","145.1333",,"MERRIGUM, AS","2",",a","1",",a","0",",a","19480106",",,a","2.5",",,a,06,","3.8",",,,a"
"ASN00081031","1948-02","-36.3667","145.1333",,"MERRIGUM, AS","4",",a","3",",a","2",",a","19480216",",,a","39.4",",,a,16,","73.5",",,,a"
"ASN00081031","1948-03","-36.3667","145.1333",,"MERRIGUM, AS","0",",a","0",",a","0",",a","19480331","+,,a","0.0",",,a,31,+","0.0",",,,a"
"ASN00081031","1948-04","-36.3667","145.1333",,"MERRIGUM, AS","5","2,a","3","2,a","1","2,a","19480425",",2,a","39.4","2,,a,25,","86.4",",a,,a"
"ASN00081031","1948-05","-36.3667","145.1333",,"MERRIGUM, AS","12",",a","4",",a","0",",a","19480507",",,a","10.2",",,a,07,","37.3",",,,a"
"ASN00081031","1948-06","-36.3667","145.1333",,"MERRIGUM, AS","11",",a","4",",a","1",",a","19480607",",,a","30.0",",,a,07,","55.8",",,,a"
"ASN00081031","1948-07","-36.3667","145.1333",,"MERRIGUM, AS","13",",a","2",",a","0",",a","19480726",",,a","9.1",",,a,26,","24.6",",,,a"
"ASN00081031","1948-08","-36.3667","145.1333",,"MERRIGUM, AS","10",",a","2",",a","0",",a","19480801",",,a","3.6",",,a,01,","11.3",",,,a"
"ASN00081031","1948-09","-36.3667","145.1333",,"MERRIGUM, AS","7",",a","2",",a","0",",a","19480916",",,a","11.7",",,a,16,","22.1",",,,a"
"ASN00081031","1948-10","-36.3667","145.1333",,"MERRIGUM, AS","11",",a","6",",a","0",",a","19481031",",,a","21.6",",,a,31,","46.3",",,,a"
"ASN00081031","1948-11","-36.3667","145.1333",,"MERRIGUM, AS","9",",a","3",",a","0",",a","19481117",",,a","25.1",",,a,17,","45.1",",,,a"
"ASN00081031","1948-12","-36.3667","145.1333",,"MERRIGUM, AS","7",",a","4",",a","0",",a","19481228",",,a","13.2",",,a,28,","34.1",",,,a"
"ASN00081031","1949-01","-36.3667","145.1333",,"MERRIGUM, AS","1",",a","1",",a","0",",a","19490131",",,a","6.4",",,a,31,","6.4",",,,a"
"ASN00081031","1949-02","-36.3667","145.1333",,"MERRIGUM, AS","2",",a","2",",a","0",",a","19490221",",,a","21.3",",,a,21,","33.2",",,,a"
"ASN00081031","1949-03","-36.3667","145.1333",,"MERRIGUM, AS","6",",a","5",",a","1",",a","19490308",",,a","36.6",",,a,08,","74.0",",,,a"
"ASN00081031","1949-04","-36.3667","145.1333",,"MERRIGUM, AS","1",",a","1",",a","0",",a","19490420",",,a","15.0",",,a,20,","15.0",",,,a"
"ASN00081031","1949-05","-36.3667","145.1333",,"MERRIGUM, AS","6",",a","5",",a","0",",a","19490522",",,a","8.1",",,a,22,","30.3",",,,a"
"ASN00081031","1949-06","-36.3667","145.1333",,"MERRIGUM, AS","4",",a","3",",a","0",",a","19490603",",,a","13.7",",,a,03,","29.0",",,,a"
"ASN00081031","1949-07","-36.3667","145.1333",,"MERRIGUM, AS","9",",a","4",",a","1",",a","19490714",",,a","30.5",",,a,14,","55.3",",,,a"
"ASN00081031","1949-08","-36.3667","145.1333",,"MERRIGUM, AS","5",",a","2",",a","0",",a","19490810",",,a","5.6",",,a,10,","13.6",",,,a"
"ASN00081031","1949-09","-36.3667","145.1333",,"MERRIGUM, AS","7",",a","5",",a","0",",a","19490922",",,a","14.0",",,a,22,","38.5",",,,a"
"ASN00081031","1949-10","-36.3667","145.1333",,"MERRIGUM, AS","16",",a","10",",a","0",",a","19491024",",,a","21.3",",,a,24,","107.5",",,,a"
"ASN00081031","1949-11","-36.3667","145.1333",,"MERRIGUM, AS","12",",a","6",",a","2",",a","19491121",",,a","39.1",",,a,21,","113.5",",,,a"
"ASN00081031","1949-12","-36.3667","145.1333",,"MERRIGUM, AS","1",",a","1",",a","0",",a","19491214",",,a","2.8",",,a,14,","2.8",",,,a"
"ASN00081031","1950-01","-36.3667","145.1333",,"MERRIGUM, AS","0",",a","0",",a","0",",a","19500131","+,,a","0.0",",,a,31,+","0.0",",,,a"
"ASN00081031","1950-02","-36.3667","145.1333",,"MERRIGUM, AS","7",",a","5",",a","0",",a","19500218",",,a","8.1",",,a,18,","35.1",",,,a"
"ASN00081031","1950-03","-36.3667","145.1333",,"MERRIGUM, AS","9",",a","8",",a","2",",a","19500319",",,a","87.4",",,a,19,","216.0",",,,a"
"ASN00081031","1950-04","-36.3667","145.1333",,"MERRIGUM, AS","2",",a","2",",a","1",",a","19500404",",,a","46.5",",,a,04,","49.5",",,,a"
"ASN00081031","1950-05","-36.3667","145.1333",,"MERRIGUM, AS","6",",a","4",",a","0",",a","19500531",",,a","15.2",",,a,31,","44.3",",,,a"
"ASN00081031","1950-06","-36.3667","145.1333",,"MERRIGUM, AS","4",",a","2",",a","0",",a","19500626",",,a","13.5",",,a,26,","19.6",",,,a"
"ASN00081031","1950-07","-36.3667","145.1333",,"MERRIGUM, AS","7",",a","5",",a","0",",a","19500728",",,a","13.0",",,a,28,","35.0",",,,a"
"ASN00081031","1950-08","-36.3667","145.1333",,"MERRIGUM, AS","5",",a","3",",a","0",",a","19500805",",,a","6.6",",,a,05,","18.3",",,,a"
"ASN00081031","1950-09","-36.3667","145.1333",,"MERRIGUM, AS","8",",a","4",",a","0",",a","19500914",",,a","17.0",",,a,14,","34.3",",,,a"
"ASN00081031","1950-10","-36.3667","145.1333",,"MERRIGUM, AS","8",",a","6",",a","0",",a","19501017",",,a","17.5",",,a,17,","47.0",",,,a"
"ASN00081031","1950-11","-36.3667","145.1333",,"MERRIGUM, AS","4",",a","4",",a","0",",a","19501110",",,a","17.5",",,a,10,","37.0",",,,a"
"ASN00081031","1950-12","-36.3667","145.1333",,"MERRIGUM, AS","2",",a","2",",a","0",",a","19501221",",,a","20.1",",,a,21,","25.4",",,,a"
"ASN00081031","1951-01","-36.3667","145.1333",,"MERRIGUM, AS","4",",a","3",",a","0",",a","19510107",",,a","23.1",",,a,07,","31.5",",,,a"
"ASN00081031","1951-02","-36.3667","145.1333",,"MERRIGUM, AS","6",",a","4",",a","1",",a","19510220",",,a","48.3",",,a,20,","68.3",",,,a"
"ASN00081031","1951-03","-36.3667","145.1333",,"MERRIGUM, AS","0",",a","0",",a","0",",a","19510331","+,,a","0.0",",,a,31,+","0.0",",,,a"
"ASN00081031","1951-04","-36.3667","145.1333",,"MERRIGUM, AS","10",",a","4",",a","0",",a","19510413",",,a","8.6",",,a,13,","30.4",",,,a"
"ASN00081031","1951-05","-36.3667","145.1333",,"MERRIGUM, AS","12",",a","7",",a","1",",a","19510523",",,a","33.0",",,a,23,","77.5",",,,a"
"ASN00081031","1951-06","-36.3667","145.1333",,"MERRIGUM, AS","7",",a","5",",a","1",",a","19510625",",,a","27.9",",,a,25,","88.4",",,,a"
"ASN00081031","1951-07","-36.3667","145.1333",,"MERRIGUM, AS","14",",a","5",",a","0",",a","19510715",",,a","23.6",",,a,15,","54.4",",,,a"
"ASN00081031","1951-08","-36.3667","145.1333",,"MERRIGUM, AS","16",",a","6",",a","0",",a","19510808",",,a","10.2",",,a,08,","54.6",",,,a"
"ASN00081031","1951-09","-36.3667","145.1333",,"MERRIGUM, AS","7",",a","1",",a","0",",a","19510922",",,a","2.5",",,a,22,","8.0",",,,a"
"ASN00081031","1951-10","-36.3667","145.1333",,"MERRIGUM, AS","13",",a","6",",a","0",",a","19511011",",,a","12.4",",,a,11,","41.8",",,,a"
"ASN00081031","1951-11","-36.3667","145.1333",,"MERRIGUM, AS","6",",a","2",",a","0",",a","19511127",",,a","3.6",",,a,27,","8.3",",,,a"
"ASN00081031","1951-12","-36.3667","145.1333",,"MERRIGUM, AS","4",",a","1",",a","0",",a","19511210",",,a","8.6",",,a,10,","11.5",",,,a"
"ASN00081031","1952-01","-36.3667","145.1333",,"MERRIGUM, AS","4",",a","1",",a","0",",a","19520107",",,a","5.8",",,a,07,","9.1",",,,a"
"ASN00081031","1952-02","-36.3667","145.1333",,"MERRIGUM, AS","1",",a","0",",a","0",",a","19520210",",,a","0.5",",,a,10,","0.5",",,,a"
"ASN00081031","1952-03","-36.3667","145.1333",,"MERRIGUM, AS","3",",a","3",",a","0",",a","19520322",",,a","8.9",",,a,22,","18.3",",,,a"
"ASN00081031","1952-04","-36.3667","145.1333",,"MERRIGUM, AS","11",",a","5",",a","0",",a","19520417",",,a","14.7",",,a,17,","47.9",",,,a"
"ASN00081031","1952-05","-36.3667","145.1333",,"MERRIGUM, AS","14",",a","7",",a","0",",a","19520531",",,a","17.0",",,a,31,","73.9",",,,a"
"ASN00081031","1952-06","-36.3667","145.1333",,"MERRIGUM, AS","16",",a","7",",a","0",",a","19520615",",,a","17.3",",,a,15,","69.8",",,,a"
"ASN00081031","1952-07","-36.3667","145.1333",,"MERRIGUM, AS","10",",a","5",",a","0",",a","19520731",",,a","22.1",",,a,31,","47.7",",,,a"
"ASN00081031","1952-08","-36.3667","145.1333",,"MERRIGUM, AS","8",",a","3",",a","0",",a","19520819",",,a","8.6",",,a,19,","26.2",",,,a"
"ASN00081031","1952-09","-36.3667","145.1333",,"MERRIGUM, AS","8",",a","4",",a","0",",a","19520916",",,a","9.4",",,a,16,","34.6",",,,a"
"ASN00081031","1952-10","-36.3667","145.1333",,"MERRIGUM, AS","12",",a","7",",a","1",",a","19521029",",,a","34.3",",,a,29,","88.3",",,,a"
"ASN00081031","1952-11","-36.3667","145.1333",,"MERRIGUM, AS","13",",a","5",",a","1",",a","19521126",",,a","33.8",",,a,26,","80.3",",,,a"
"ASN00081031","1952-12","-36.3667","145.1333",,"MERRIGUM, AS","4",",a","3",",a","0",",a","19521211",",,a","10.9",",,a,11,","23.4",",,,a"
"ASN00081031","1953-01","-36.3667","145.1333",,"MERRIGUM, AS","5",",a","5",",a","0",",a","19530115",",,a","13.7",",,a,15,","30.7",",,,a"
"ASN00081031","1953-02","-36.3667","145.1333",,"MERRIGUM, AS","2",",a","1",",a","0",",a","19530206",",,a","10.4",",,a,06,","10.9",",,,a"
"ASN00081031","1953-03","-36.3667","145.1333",,"MERRIGUM, AS","2",",a","1",",a","0",",a","19530310",",,a","6.4",",,a,10,","6.9",",,,a"
"ASN00081031","1953-04","-36.3667","145.1333",,"MERRIGUM, AS","5",",a","2",",a","0",",a","19530404",",,a","9.1",",,a,04,","15.0",",,,a"
"ASN00081031","1953-05","-36.3667","145.1333",,"MERRIGUM, AS","7",",a","2",",a","0",",a","19530519",",,a","7.4",",,a,19,","16.3",",,,a"
"ASN00081031","1953-06","-36.3667","145.1333",,"MERRIGUM, AS","13",",a","6",",a","0",",a","19530610",",,a","18.8",",,a,10,","57.1",",,,a"
"ASN00081031","1953-07","-36.3667","145.1333",,"MERRIGUM, AS","8",",a","4",",a","0",",a","19530723",",,a","17.8",",,a,23,","47.3",",,,a"
"ASN00081031","1953-08","-36.3667","145.1333",,"MERRIGUM, AS","17",",a","8",",a","0",",a","19530806","+,,a","11.4",",,a,06,+","68.1",",,,a"
"ASN00081031","1953-09","-36.3667","145.1333",,"MERRIGUM, AS","9",",a","5",",a","1",",a","19530930",",,a","28.2",",,a,30,","66.7",",,,a"
"ASN00081031","1953-10","-36.3667","145.1333",,"MERRIGUM, AS","10",",a","4",",a","1",",a","19531021",",,a","45.7",",,a,21,","77.8",",,,a"
"ASN00081031","1953-11","-36.3667","145.1333",,"MERRIGUM, AS","6",",a","4",",a","0",",a","19531107",",,a","10.9",",,a,07,","24.4",",,,a"
"ASN00081031","1953-12","-36.3667","145.1333",,"MERRIGUM, AS","3",",a","1",",a","0",",a","19531230",",,a","2.5",",,a,30,","5.3",",,,a"
"ASN00081031","1954-01","-36.3667","145.1333",,"MERRIGUM, AS","4",",a","4",",a","2",",a","19540130",",,a","78.2",",,a,30,","152.6",",,,a"
"ASN00081031","1954-02","-36.3667","145.1333",,"MERRIGUM, AS","5",",a","1",",a","0",",a","19540201",",,a","3.3",",,a,01,","7.9",",,,a"
"ASN00081031","1954-03","-36.3667","145.1333",,"MERRIGUM, AS","1",",a","0",",a","0",",a","19540322",",,a","2.3",",,a,22,","2.3",",,,a"
"ASN00081031","1954-04","-36.3667","145.1333",,"MERRIGUM, AS","5",",a","3",",a","0",",a","19540429",",,a","23.4",",,a,29,","38.7",",,,a"
"ASN00081031","1954-05","-36.3667","145.1333",,"MERRIGUM, AS","6",",a","4",",a","0",",a","19540529","+,,a","6.1",",,a,29,+","20.8",",,,a"
"ASN00081031","1954-06","-36.3667","145.1333",,"MERRIGUM, AS","6",",a","4",",a","0",",a","19540602",",,a","17.5",",,a,02,","38.3",",,,a"
"ASN00081031","1954-07","-36.3667","145.1333",,"MERRIGUM, AS","9",",a","5",",a","0",",a","19540716",",,a","7.6",",,a,16,","25.5",",,,a"
"ASN00081031","1954-08","-36.3667","145.1333",,"MERRIGUM, AS","10",",a","7",",a","0",",a","19540824",",,a","21.3",",,a,24,","60.2",",,,a"
"ASN00081031","1954-09","-36.3667","145.1333",,"MERRIGUM, AS","6",",a","2",",a","1",",a","19540902",",,a","28.2",",,a,02,","35.4",",,,a"
"ASN00081031","1954-10","-36.3667","145.1333",,"MERRIGUM, AS","6",",a","4",",a","0",",a","19541025",",,a","11.9",",,a,25,","31.6",",,,a"
"ASN00081031","1954-11","-36.3667","145.1333",,"MERRIGUM, AS","7",",a","7",",a","1",",a","19541120",",,a","35.8",",,a,20,","92.0",",,,a"
"ASN00081031","1954-12","-36.3667","145.1333",,"MERRIGUM, AS","4",",a","4",",a","2",",a","19541204",",,a","66.0",",,a,04,","120.1",",,,a"
"ASN00081031","1955-01","-36.3667","145.1333",,"MERRIGUM, AS","3",",a","1",",a","1",",a","19550129",",,a","37.1",",,a,29,","38.4",",,,a"
"ASN00081031","1955-02","-36.3667","145.1333",,"MERRIGUM, AS","7",",a","5",",a","3",",a","19550211",",,a","59.9",",,a,11,","201.4",",,,a"
"ASN00081031","1955-03","-36.3667","145.1333",,"MERRIGUM, AS","4",",a","3",",a","1",",a","19550305",",,a","26.2",",,a,05,","35.8",",,,a"
"ASN00081031","1955-04","-36.3667","145.1333",,"MERRIGUM, AS","2",",a","1",",a","0",",a","19550415",",,a","5.1",",,a,15,","6.6",",,,a"
"ASN00081031","1955-05","-36.3667","145.1333",,"MERRIGUM, AS","11",",a","6",",a","0",",a","19550504",",,a","16.3",",,a,04,","55.9",",,,a"
"ASN00081031","1955-06","-36.3667","145.1333",,"MERRIGUM, AS","15",",a","9",",a","0",",a","19550622",",,a","14.7",",,a,22,","64.9",",,,a"
"ASN00081031","1955-07","-36.3667","145.1333",,"MERRIGUM, AS","16",",a","4",",a","1",",a","19550714",",,a","29.0",",,a,14,","52.9",",,,a"
"ASN00081031","1955-08","-36.3667","145.1333",,"MERRIGUM, AS","22",",a","8",",a","0",",a","19550820",",,a","17.5",",,a,20,","76.2",",,,a"
"ASN00081031","1955-09","-36.3667","145.1333",,"MERRIGUM, AS","11",",a","6",",a","1",",a","19550923",",,a","33.0",",,a,23,","78.9",",,,a"
"ASN00081031","1955-10","-36.3667","145.1333",,"MERRIGUM, AS","12",",a","6",",a","0",",a","19551021",",,a","21.3",",,a,21,","70.4",",,,a"
"ASN00081031","1955-11","-36.3667","145.1333",,"MERRIGUM, AS","7",",a","4",",a","0",",a","19551125",",,a","13.5",",,a,25,","35.3",",,,a"
"ASN00081031","1955-12","-36.3667","145.1333",,"MERRIGUM, AS","11",",a","4",",a","0",",a","19551204",",,a","19.8",",,a,04,","50.0",",,,a"
"ASN00081031","1956-01","-36.3667","145.1333",,"MERRIGUM, AS","5",",a","4",",a","2",",a","19560119",",,a","38.1",",,a,19,","88.9",",,,a"
"ASN00081031","1956-02","-36.3667","145.1333",,"MERRIGUM, AS","3",",a","2",",a","0",",a","19560217",",,a","6.4",",,a,17,","12.8",",,,a"
"ASN00081031","1956-03","-36.3667","145.1333",,"MERRIGUM, AS","10",",a","10",",a","2",",a","19560303",",,a","52.6",",,a,03,","192.2",",,,a"
"ASN00081031","1956-04","-36.3667","145.1333",,"MERRIGUM, AS","11",",a","8",",a","0",",a","19560415","+,,a","24.6",",,a,15,+","82.6",",,,a"
"ASN00081031","1956-05","-36.3667","145.1333",,"MERRIGUM, AS","15",",a","10",",a","1",",a","19560512",",,a","25.4",",,a,12,","118.0",",,,a"
"ASN00081031","1956-06","-36.3667","145.1333",,"MERRIGUM, AS","13",",a","5",",a","0",",a","19560605",",,a","20.6",",,a,05,","60.8",",,,a"
"ASN00081031","1956-07","-36.3667","145.1333",,"MERRIGUM, AS","19",",a","11",",a","0",",a","19560707",",,a","22.4",",,a,07,","96.1",",,,a"
"ASN00081031","1956-08","-36.3667","145.1333",,"MERRIGUM, AS","14",",a","5",",a","0",",a","19560822",",,a","15.5",",,a,22,","45.2",",,,a"
"ASN00081031","1956-09","-36.3667","145.1333",,"MERRIGUM, AS","8",",a","6",",a","0",",a","19560902",",,a","16.5",",,a,02,","44.9",",,,a"
"ASN00081031","1956-10","-36.3667","145.1333",,"MERRIGUM, AS","12",",a","8",",a","1",",a","19561018",",,a","29.7",",,a,18,","91.8",",,,a"
"ASN00081031","1956-11","-36.3667","145.1333",,"MERRIGUM, AS","5",",a","2",",a","1",",a","19561116",",,a","28.4",",,a,16,","45.2",",,,a"
"ASN00081031","1956-12","-36.3667","145.1333",,"MERRIGUM, AS","1",",a","0",",a","0",",a","19561213",",,a","1.0",",,a,13,","1.0",",,,a"
"ASN00081031","1957-01","-36.3667","145.1333",,"MERRIGUM, AS","1",",a","0",",a","0",",a","19570111",",,a","1.0",",,a,11,","1.0",",,,a"
"ASN00081031","1957-02","-36.3667","145.1333",,"MERRIGUM, AS","3",",a","2",",a","0",",a","19570208",",,a","8.6",",,a,08,","14.7",",,,a"
"ASN00081031","1957-03","-36.3667","145.1333",,"MERRIGUM, AS","7",",a","6",",a","1",",a","19570301",",,a","27.4",",,a,01,","64.1",",,,a"
"ASN00081031","1957-04","-36.3667","145.1333",,"MERRIGUM, AS","9",",a","4",",a","0",",a","19570423",",,a","6.1",",,a,23,","20.1",",,,a"
"ASN00081031","1957-05","-36.3667","145.1333",,"MERRIGUM, AS","8",",a","1",",a","0",",a","19570501",",,a","5.1",",,a,01,","9.5",",,,a"
"ASN00081031","1957-06","-36.3667","145.1333",,"MERRIGUM, AS","10",",a","6",",a","0",",a","19570621",",,a","24.4",",,a,21,","66.8",",,,a"
"ASN00081031","1957-07","-36.3667","145.1333",,"MERRIGUM, AS","8",",a","5",",a","0",",a","19570710",",,a","23.4",",,a,10,","60.8",",,,a"
"ASN00081031","1957-08","-36.3667","145.1333",,"MERRIGUM, AS","8",",a","5",",a","0",",a","19570812",",,a","6.9",",,a,12,","24.2",",,,a"
"ASN00081031","1957-09","-36.3667","145.1333",,"MERRIGUM, AS","8",",a","5",",a","0",",a","19570924",",,a","8.9",",,a,24,","24.9",",,,a"
"ASN00081031","1957-10","-36.3667","145.1333",,"MERRIGUM, AS","11",",a","4",",a","0",",a","19571023",",,a","17.8",",,a,23,","41.8",",,,a"
"ASN00081031","1957-11","-36.3667","145.1333",,"MERRIGUM, AS","7",",a","1",",a","0",",a","19571107",",,a","3.6",",,a,07,","10.0",",,,a"
"ASN00081031","1957-12","-36.3667","145.1333",,"MERRIGUM, AS","6",",a","2",",a","0",",a","19571229",",,a","6.4",",,a,29,","16.0",",,,a"
"ASN00081031","1958-01","-36.3667","145.1333",,"MERRIGUM, AS","2",",a","2",",a","0",",a","19580130",",,a","23.4",",,a,30,","25.9",",,,a"
"ASN00081031","1958-02","-36.3667","145.1333",,"MERRIGUM, AS","4",",a","3",",a","0",",a","19580219",",,a","18.3",",,a,19,","42.0",",,,a"
"ASN00081031","1958-03","-36.3667","145.1333",,"MERRIGUM, AS","3",",a","1",",a","0",",a","19580308",",,a","2.8",",,a,08,","5.6",",,,a"
"ASN00081031","1958-04","-36.3667","145.1333",,"MERRIGUM, AS","2",",a","1",",a","0",",a","19580412",",,a","3.0",",,a,12,","4.5",",,,a"
"ASN00081031","1958-05","-36.3667","145.1333",,"MERRIGUM, AS","15",",a","8",",a","0",",a","19580513",",,a","16.3",",,a,13,","63.7",",,,a"
"ASN00081031","1958-06","-36.3667","145.1333",,"MERRIGUM, AS","3",",a","1",",a","0",",a","19580605",",,a","4.8",",,a,05,","7.6",",,,a"
"ASN00081031","1958-07","-36.3667","145.1333",,"MERRIGUM, AS","17",",a","7",",a","1",",a","19580716",",,a","30.5",",,a,16,","72.7",",,,a"
"ASN00081031","1958-08","-36.3667","145.1333",,"MERRIGUM, AS","14",",a","7",",a","1",",a","19580815",",,a","42.2",",,a,15,","130.4",",,,a"
"ASN00081031","1958-09","-36.3667","145.1333",,"MERRIGUM, AS","8",",a","3",",a","0",",a","19580926",",,a","14.5",",,a,26,","28.8",",,,a"
"ASN00081031","1958-10","-36.3667","145.1333",,"MERRIGUM, AS","19",",a","11",",a","1",",a","19581004",",,a","27.9",",,a,04,","90.9",",,,a"
"ASN00081031","1958-11","-36.3667","145.1333",,"MERRIGUM, AS","9",",a","5",",a","0",",a","19581125",",,a","23.9",",,a,25,","68.2",",,,a"
"ASN00081031","1958-12","-36.3667","145.1333",,"MERRIGUM, AS","3",",a","0",",a","0",",a","19581213",",,a","2.0",",,a,13,","3.3",",,,a"
"ASN00081031","1959-01","-36.3667","145.1333",,"MERRIGUM, AS","2",",a","1",",a","0",",a","19590126",",,a","13.0",",,a,26,","13.8",",,,a"
"ASN00081031","1959-02","-36.3667","145.1333",,"MERRIGUM, AS","3",",a","3",",a","0",",a","19590214",",,a","13.7",",,a,14,","19.2",",,,a"
"ASN00081031","1959-03","-36.3667","145.1333",,"MERRIGUM, AS","6",",a","4",",a","0",",a","19590304",",,a","21.8",",,a,04,","41.6",",,,a"
"ASN00081031","1959-04","-36.3667","145.1333",,"MERRIGUM, AS","3",",a","2",",a","0",",a","19590402",",,a","11.7",",,a,02,","16.1",",,,a"
"ASN00081031","1959-05","-36.3667","145.1333",,"MERRIGUM, AS","2",",a","1",",a","0",",a","19590519",",,a","8.1",",,a,19,","8.6",",,,a"
"ASN00081031","1959-06","-36.3667","145.1333",,"MERRIGUM, AS","7",",a","3",",a","0",",a","19590625",",,a","10.4",",,a,25,","27.7",",,,a"
"ASN00081031","1959-07","-36.3667","145.1333",,"MERRIGUM, AS","6",",a","2",",a","0",",a","19590727",",,a","6.4",",,a,27,","13.8",",,,a"
"ASN00081031","1959-08","-36.3667","145.1333",,"MERRIGUM, AS","12",",a","6",",a","0",",a","19590805",",,a","7.6",",,a,05,","34.3",",,,a"
"ASN00081031","1959-09","-36.3667","145.1333",,"MERRIGUM, AS","5",",a","3",",a","0",",a","19590919",",,a","23.4",",,a,19,","40.7",",,,a"
"ASN00081031","1959-10","-36.3667","145.1333",,"MERRIGUM, AS","11",",a","6",",a","0",",a","19591009",",,a","16.8",",,a,09,","51.4",",,,a"
"ASN00081031","1959-11","-36.3667","145.1333",,"MERRIGUM, AS","3",",a","1",",a","0",",a","19591125",",,a","6.4",",,a,25,","9.5",",,,a"
"ASN00081031","1959-12","-36.3667","145.1333",,"MERRIGUM, AS","7",",a","4",",a","0",",a","19591225",",,a","12.4",",,a,25,","42.8",",,,a"
"ASN00081031","1960-01","-36.3667","145.1333",,"MERRIGUM, AS","5",",a","4",",a","0",",a","19600109",",,a","24.4",",,a,09,","36.3",",,,a"
"ASN00081031","1960-02","-36.3667","145.1333",,"MERRIGUM, AS","6",",a","3",",a","0",",a","19600214",",,a","5.3",",,a,14,","17.5",",,,a"
"ASN00081031","1960-03","-36.3667","145.1333",,"MERRIGUM, AS","5",",a","3",",a","1",",a","19600314",",,a","30.2",",,a,14,","40.6",",,,a"
"ASN00081031","1960-04","-36.3667","145.1333",,"MERRIGUM, AS","11",",a","5",",a","0",",a","19600428",",,a","7.6",",,a,28,","29.6",",,,a"
"ASN00081031","1960-05","-36.3667","145.1333",,"MERRIGUM, AS","12",",a","9",",a","1",",a","19600501",",,a","33.8",",,a,01,","103.2",",,,a"
"ASN00081031","1960-06","-36.3667","145.1333",,"MERRIGUM, AS","4",",a","2",",a","0",",a","19600609",",,a","6.6",",,a,09,","16.2",",,,a"
"ASN00081031","1960-07","-36.3667","145.1333",,"MERRIGUM, AS","15",",a","9",",a","0",",a","19600703",",,a","21.6",",,a,03,","73.2",",,,a"
"ASN00081031","1960-08","-36.3667","145.1333",,"MERRIGUM, AS","13",",a","3",",a","0",",a","19600812",",,a","16.0",",,a,12,","39.7",",,,a"
"ASN00081031","1960-09","-36.3667","145.1333",,"MERRIGUM, AS","18",",a","10",",a","0",",a","19600925",",,a","22.1",",,a,25,","136.2",",,,a"
"ASN00081031","1960-10","-36.3667","145.1333",,"MERRIGUM, AS","9",",a","3",",a","0",",a","19601018",",,a","5.8",",,a,18,","17.1",",,,a"
"ASN00081031","1960-11","-36.3667","145.1333",,"MERRIGUM, AS","8",",a","6",",a","0",",a","19601112",",,a","14.5",",,a,12,","46.0",",,,a"
"ASN00081031","1960-12","-36.3667","145.1333",,"MERRIGUM, AS","2",",a","1",",a","1",",a","19601203",",,a","27.7",",,a,03,","28.7",",,,a"
"ASN00081031","1961-01","-36.3667","145.1333",,"MERRIGUM, AS","2",",a","1",",a","0",",a","19610101",",,a","11.4",",,a,01,","11.9",",,,a"
"ASN00081031","1961-02","-36.3667","145.1333",,"MERRIGUM, AS","3",",a","2",",a","0",",a","19610209",",,a","14.7",",,a,09,","18.3",",,,a"
"ASN00081031","1961-03","-36.3667","145.1333",,"MERRIGUM, AS","5",",a","3",",a","0",",a","19610328",",,a","22.9",",,a,28,","35.1",",,,a"
"ASN00081031","1961-04","-36.3667","145.1333",,"MERRIGUM, AS","6",",a","4",",a","1",",a","19610424",",,a","29.5",",,a,24,","49.7",",,,a"
"ASN00081031","1961-05","-36.3667","145.1333",,"MERRIGUM, AS","5",",a","1",",a","0",",a","19610503",",,a","3.6",",,a,03,","9.9",",,,a"
"ASN00081031","1961-06","-36.3667","145.1333",,"MERRIGUM, AS","10",",a","5",",a","0",",a","19610604",",,a","7.6",",,a,04,","34.9",",,,a"
"ASN00081031","1961-07","-36.3667","145.1333",,"MERRIGUM, AS","12",",a","3",",a","0",",a","19610723",",,a","11.9",",,a,23,","34.9",",,,a"
"ASN00081031","1961-08","-36.3667","145.1333",,"MERRIGUM, AS","8",",a","4",",a","0",",a","19610817",",,a","20.8",",,a,17,","46.8",",,,a"
"ASN00081031","1961-09","-36.3667","145.1333",,"MERRIGUM, AS","5",",a","4",",a","0",",a","19610902",",,a","17.0",",,a,02,","33.8",",,,a"
"ASN00081031","1961-10","-36.3667","145.1333",,"MERRIGUM, AS","2",",a","1",",a","0",",a","19611011",",,a","6.6",",,a,11,","8.4",",,,a"
"ASN00081031","1961-11","-36.3667","145.1333",,"MERRIGUM, AS","6",",a","4",",a","0",",a","19611118",",,a","9.7",",,a,18,","26.0",",,,a"
"ASN00081031","1961-12","-36.3667","145.1333",,"MERRIGUM, AS","5",",a","2",",a","0",",a","19611214",",,a","23.4",",,a,14,","29.5",",,,a"
"ASN00081031","1962-01","-36.3667","145.1333",,"MERRIGUM, AS","6",",a","6",",a","1",",a","19620117",",,a","30.7",",,a,17,","75.4",",,,a"
"ASN00081031","1962-02","-36.3667","145.1333",,"MERRIGUM, AS","2",",a","1",",a","0",",a","19620220",",,a","12.7",",,a,20,","13.2",",,,a"
"ASN00081031","1962-03","-36.3667","145.1333",,"MERRIGUM, AS","2",",a","2",",a","0",",a","19620328",",,a","11.7",",,a,28,","16.3",",,,a"
"ASN00081031","1962-04","-36.3667","145.1333",,"MERRIGUM, AS","3",",a","1",",a","0",",a","19620403",",,a","7.4",",,a,03,","8.9",",,,a"
"ASN00081031","1962-05","-36.3667","145.1333",,"MERRIGUM, AS","12",",a","7",",a","0",",a","19620522",",,a","16.5",",,a,22,","75.1",",,,a"
"ASN00081031","1962-06","-36.3667","145.1333",,"MERRIGUM, AS","16",",a","6",",a","0",",a","19620602",",,a","7.1",",,a,02,","40.4",",,,a"
"ASN00081031","1962-07","-36.3667","145.1333",,"MERRIGUM, AS","8",",a","4",",a","0",",a","19620722",",,a","17.5",",,a,22,","38.3",",,,a"
"ASN00081031","1962-08","-36.3667","145.1333",,"MERRIGUM, AS","13",",a","8",",a","0",",a","19620825",",,a","8.6",",,a,25,","48.1",",,,a"
"ASN00081031","1962-09","-36.3667","145.1333",,"MERRIGUM, AS","7",",a","2",",a","1",",a","19620915",",,a","33.0",",,a,15,","48.2",",,,a"
"ASN00081031","1962-10","-36.3667","145.1333",,"MERRIGUM, AS","13",",a","2",",a","0",",a","19621005",",,a","4.6",",,a,05,","19.3",",,,a"
"ASN00081031","1962-11","-36.3667","145.1333",,"MERRIGUM, AS","6",",a","4",",a","0",",a","19621111",",,a","10.2",",,a,11,","25.4",",,,a"
"ASN00081031","1962-12","-36.3667","145.1333",,"MERRIGUM, AS","6",",a","4",",a","1",",a","19621230",",,a","28.2",",,a,30,","47.5",",,,a"
"ASN00081031","1963-01","-36.3667","145.1333",,"MERRIGUM, AS","6",",a","5",",a","1",",a","19630114",",,a","26.9",",,a,14,","86.2",",,,a"
"ASN00081031","1963-02","-36.3667","145.1333",,"MERRIGUM, AS","0",",a","0",",a","0",",a","19630228","+,,a","0.0",",,a,28,+","0.0",",,,a"
"ASN00081031","1963-03","-36.3667","145.1333",,"MERRIGUM, AS","7",",a","6",",a","1",",a","19630323",",,a","31.0",",,a,23,","63.5",",,,a"
"ASN00081031","1963-04","-36.3667","145.1333",,"MERRIGUM, AS","2",",a","1",",a","0",",a","19630430",",,a","13.7",",,a,30,","14.7",",,,a"
"ASN00081031","1963-05","-36.3667","145.1333",,"MERRIGUM, AS","15",",a","11",",a","0",",a","19630516",",,a","18.5",",,a,16,","92.1",",,,a"
"ASN00081031","1963-06","-36.3667","145.1333",,"MERRIGUM, AS","14",",a","6",",a","0",",a","19630602",",,a","21.1",",,a,02,","71.7",",,,a"
"ASN00081031","1963-07","-36.3667","145.1333",,"MERRIGUM, AS","17",",a","10",",a","0",",a","19630706",",,a","9.9",",,a,06,","67.2",",,,a"
"ASN00081031","1963-08","-36.3667","145.1333",,"MERRIGUM, AS","13",",a","9",",a","0",",a","19630805",",,a","9.4",",,a,05,","50.5",",,,a"
"ASN00081031","1963-09","-36.3667","145.1333",,"MERRIGUM, AS","15",",a","7",",a","0",",a","19630930",",,a","20.6",",,a,30,","51.6",",,,a"
"ASN00081031","1963-10","-36.3667","145.1333",,"MERRIGUM, AS","7",",a","6",",a","1",",a","19631028",",,a","25.4",",,a,28,","70.3",",,,a"
"ASN00081031","1963-11","-36.3667","145.1333",,"MERRIGUM, AS","3",",a","1",",a","0",",a","19631107",",,a","4.1",",,a,07,","7.1",",,,a"
"ASN00081031","1963-12","-36.3667","145.1333",,"MERRIGUM, AS","5",",a","4",",a","0",",a","19631206",",,a","16.3",",,a,06,","26.4",",,,a"
"ASN00081031","1964-01","-36.3667","145.1333",,"MERRIGUM, AS","3",",a","0",",a","0",",a","19640115",",,a","1.3",",,a,15,","3.1",",,,a"
"ASN00081031","1964-02","-36.3667","145.1333",,"MERRIGUM, AS","4",",a","0",",a","0",",a","19640207",",,a","2.0",",,a,07,","4.8",",,,a"
"ASN00081031","1964-03","-36.3667","145.1333",,"MERRIGUM, AS","2",",a","0",",a","0",",a","19640301",",,a","2.0",",,a,01,","2.3",",,,a"
"ASN00081031","1964-04","-36.3667","145.1333",,"MERRIGUM, AS","8",",a","7",",a","2",",a","19640409",",,a","27.2",",,a,09,","86.1",",,,a"
"ASN00081031","1964-05","-36.3667","145.1333",,"MERRIGUM, AS","9",",a","5",",a","0",",a","19640526",",,a","12.2",",,a,26,","35.2",",,,a"
"ASN00081031","1964-06","-36.3667","145.1333",,"MERRIGUM, AS","16",",a","6",",a","1",",a","19640619",",,a","26.7",",,a,19,","66.4",",,,a"
"ASN00081031","1964-07","-36.3667","145.1333",,"MERRIGUM, AS","18",",a","9",",a","0",",a","19640716",",,a","14.0",",,a,16,","65.9",",,,a"
"ASN00081031","1964-08","-36.3667","145.1333",,"MERRIGUM, AS","14",",a","4",",a","0",",a","19640801",",,a","5.8",",,a,01,","28.3",",,,a"
"ASN00081031","1964-09","-36.3667","145.1333",,"MERRIGUM, AS","16",",a","9",",a","1",",a","19640911",",,a","28.7",",,a,11,","83.9",",,,a"
"ASN00081031","1964-10","-36.3667","145.1333",,"MERRIGUM, AS","16",",a","8",",a","0",",a","19641011",",,a","17.5",",,a,11,","86.0",",,,a"
"ASN00081031","1964-11","-36.3667","145.1333",,"MERRIGUM, AS","4",",a","2",",a","0",",a","19641119",",,a","4.6",",,a,19,","9.7",",,,a"
"ASN00081031","1964-12","-36.3667","145.1333",,"MERRIGUM, AS","5",",a","3",",a","0",",a","19641223",",,a","8.9",",,a,23,","23.0",",,,a"
"ASN00081031","1965-01","-36.3667","145.1333",,"MERRIGUM, AS","0",",a","0",",a","0",",a","19650131","+,,a","0.0",",,a,31,+","0.0",",,,a"
"ASN00081031","1965-02","-36.3667","145.1333",,"MERRIGUM, AS","0",",a","0",",a","0",",a","19650228","+,,a","0.0",",,a,28,+","0.0",",,,a"
"ASN00081031","1965-03","-36.3667","145.1333",,"MERRIGUM, AS","4",",a","1",",a","0",",a","19650319",",,a","2.8",",,a,19,","6.8",",,,a"
"ASN00081031","1965-04","-36.3667","145.1333",,"MERRIGUM, AS","9",",a","3",",a","0",",a","19650422",",,a","3.6",",,a,22,","15.4",",,,a"
"ASN00081031","1965-05","-36.3667","145.1333",,"MERRIGUM, AS","14",",a","8",",a","0",",a","19650531",",,a","19.3",",,a,31,","59.5",",,,a"
"ASN00081031","1965-06","-36.3667","145.1333",,"MERRIGUM, AS","6",",a","3",",a","0",",a","19650622",",,a","6.6",",,a,22,","18.4",",,,a"
"ASN00081031","1965-07","-36.3667","145.1333",,"MERRIGUM, AS","12",",a","5",",a","0",",a","19650703",",,a","16.3",",,a,03,","51.2",",,,a"
"ASN00081031","1965-08","-36.3667","145.1333",,"MERRIGUM, AS","16",",a","6",",a","0",",a","19650816",",,a","11.7",",,a,16,","55.9",",,,a"
"ASN00081031","1965-09","-36.3667","145.1333",,"MERRIGUM, AS","10",",a","5",",a","0",",a","19650904",",,a","21.8",",,a,04,","61.2",",,,a"
"ASN00081031","1965-10","-36.3667","145.1333",,"MERRIGUM, AS","6",",a","2",",a","0",",a","19651009",",,a","3.0",",,a,09,","10.9",",,,a"
"ASN00081031","1965-11","-36.3667","145.1333",,"MERRIGUM, AS","5",",a","3",",a","0",",a","19651125",",,a","21.1",",,a,25,","33.3",",,,a"
"ASN00081031","1965-12","-36.3667","145.1333",,"MERRIGUM, AS","5",",a","5",",a","1",",a","19651202",",,a","25.4",",,a,02,","74.2",",,,a"
"ASN00081031","1966-01","-36.3667","145.1333",,"MERRIGUM, AS","3",",a","2",",a","0",",a","19660113",",,a","5.3",",,a,13,","9.4",",,,a"
"ASN00081031","1966-02","-36.3667","145.1333",,"MERRIGUM, AS","3",",a","2",",a","0",",a","19660216","+,,a","7.6",",,a,16,+","16.2",",,,a"
"ASN00081031","1966-03","-36.3667","145.1333",,"MERRIGUM, AS","10",",a","4",",a","0",",a","19660316",",,a","17.3",",,a,16,","50.1",",,,a"
"ASN00081031","1966-04","-36.3667","145.1333",,"MERRIGUM, AS","2",",a","1",",a","0",",a","19660422",",,a","4.8",",,a,22,","6.8",",,,a"
"ASN00081031","1966-05","-36.3667","145.1333",,"MERRIGUM, AS","4",",a","3",",a","0",",a","19660505",",,a","19.6",",,a,05,","25.7",",,,a"
"ASN00081031","1966-06","-36.3667","145.1333",,"MERRIGUM, AS","8",",a","5",",a","0",",a","19660603",",,a","8.6",",,a,03,","28.6",",,,a"
"ASN00081031","1966-07","-36.3667","145.1333",,"MERRIGUM, AS","10",",a","6",",a","0",",a","19660703",",,a","9.9",",,a,03,","39.6",",,,a"
"ASN00081031","1966-08","-36.3667","145.1333",,"MERRIGUM, AS","11",",a","6",",a","0",",a","19660810",",,a","14.2",",,a,10,","52.3",",,,a"
"ASN00081031","1966-09","-36.3667","145.1333",,"MERRIGUM, AS","10",",a","5",",a","0",",a","19660930",",,a","19.3",",,a,30,","57.5",",,,a"
"ASN00081031","1966-10","-36.3667","145.1333",,"MERRIGUM, AS","8",",a","6",",a","1",",a","19661019",",,a","25.4",",,a,19,","56.6",",,,a"
"ASN00081031","1966-11","-36.3667","145.1333",,"MERRIGUM, AS","8",",a","6",",a","0",",a","19661109",",,a","13.7",",,a,09,","54.8",",,,a"
"ASN00081031","1966-12","-36.3667","145.1333",,"MERRIGUM, AS","11",",a","8",",a","0",",a","19661213",",,a","19.3",",,a,13,","88.1",",,,a"
"ASN00081031","1967-01","-36.3667","145.1333",,"MERRIGUM, AS","2",",a","2",",a","0",",a","19670129",",,a","10.2",",,a,29,","17.8",",,,a"
"ASN00081031","1967-02","-36.3667","145.1333",,"MERRIGUM, AS","1",",a","0",",a","0",",a","19670225",",,a","1.3",",,a,25,","1.3",",,,a"
"ASN00081031","1967-03","-36.3667","145.1333",,"MERRIGUM, AS","2",",a","2",",a","0",",a","19670308",",,a","9.7",",,a,08,","16.1",",,,a"
"ASN00081031","1967-04","-36.3667","145.1333",,"MERRIGUM, AS","3",",a","1",",a","0",",a","19670405",",,a","5.8",",,a,05,","9.1",",,,a"
"ASN00081031","1967-05","-36.3667","145.1333",,"MERRIGUM, AS","5",",a","2",",a","1",",a","19670519",",,a","35.8",",,a,19,","59.5",",,,a"
"ASN00081031","1967-06","-36.3667","145.1333",,"MERRIGUM, AS","9",",a","4",",a","0",",a","19670615",",,a","19.3",",,a,15,","55.4",",,,a"
"ASN00081031","1967-07","-36.3667","145.1333",,"MERRIGUM, AS","16",",a","4",",a","0",",a","19670718",",,a","6.4",",,a,18,","31.8",",,,a"
"ASN00081031","1967-08","-36.3667","145.1333",,"MERRIGUM, AS","13",",a","5",",a","0",",a","19670827",",,a","18.0",",,a,27,","49.8",",,,a"
"ASN00081031","1967-09","-36.3667","145.1333",,"MERRIGUM, AS","9",",a","3",",a","0",",a","19670915",",,a","7.6",",,a,15,","23.2",",,,a"
"ASN00081031","1967-10","-36.3667","145.1333",,"MERRIGUM, AS","5",",a","4",",a","0",",a","19671010",",,a","12.2",",,a,10,","33.9",",,,a"
"ASN00081031","1967-11","-36.3667","145.1333",,"MERRIGUM, AS","1",",a","0",",a","0",",a","19671126",",,a","0.8",",,a,26,","0.8",",,,a"
"ASN00081031","1967-12","-36.3667","145.1333",,"MERRIGUM, AS","3",",a","2",",a","0",",a","19671218",",,a","4.1",",,a,18,","7.4",",,,a"
"ASN00081031","1968-01","-36.3667","145.1333",,"MERRIGUM, AS","4",",a","1",",a","0",",a","19680121",",,a","17.8",",,a,21,","23.4",",,,a"
"ASN00081031","1968-02","-36.3667","145.1333",,"MERRIGUM, AS","0",",a","0",",a","0",",a","19680229","+,,a","0.0",",,a,29,+","0.0",",,,a"
"ASN00081031","1968-03","-36.3667","145.1333",,"MERRIGUM, AS","5",",a","3",",a","0",",a","19680325",",,a","8.1",",,a,25,","21.3",",,,a"
"ASN00081031","1968-04","-36.3667","145.1333",,"MERRIGUM, AS","12",",a","6",",a","1",",a","19680429",",,a","45.2",",,a,29,","80.6",",,,a"
"ASN00081031","1968-05","-36.3667","145.1333",,"MERRIGUM, AS","19",",a","12",",a","0",",a","19680510",",,a","17.8",",,a,10,","97.8",",,,a"
"ASN00081031","1968-06","-36.3667","145.1333",,"MERRIGUM, AS","14",",a","5",",a","1",",a","19680605",",,a","31.0",",,a,05,","68.5",",,,a"
"ASN00081031","1968-07","-36.3667","145.1333",,"MERRIGUM, AS","14",",a","5",",a","0",",a","19680728",",,a","9.7",",,a,28,","37.9",",,,a"
"ASN00081031","1968-08","-36.3667","145.1333",,"MERRIGUM, AS","17",",a","7",",a","0",",a","19680808",",,a","16.0",",,a,08,","53.8",",,,a"
"ASN00081031","1968-09","-36.3667","145.1333",,"MERRIGUM, AS","6",",a","0",",a","0",",a","19680913",",,a","2.0",",,a,13,","7.0",",,,a"
"ASN00081031","1968-10","-36.3667","145.1333",,"MERRIGUM, AS","10",",a","3",",a","0",",a","19681026",",,a","10.2",",,a,26,","33.8",",,,a"
"ASN00081031","1968-11","-36.3667","145.1333",,"MERRIGUM, AS","9",",a","5",",a","0",",a","19681106",",,a","20.3",",,a,06,","49.7",",,,a"
"ASN00081031","1968-12","-36.3667","145.1333",,"MERRIGUM, AS","4",",a","4",",a","1",",a","19681216",",,a","46.2",",,a,16,","65.7",",,,a"
"ASN00081031","1969-01","-36.3667","145.1333",,"MERRIGUM, AS","3",",a","1",",a","0",",a","19690126",",,a","4.1",",,a,26,","7.1",",,,a"
"ASN00081031","1969-02","-36.3667","145.1333",,"MERRIGUM, AS","9",",a","5",",a","1",",a","19690223",",,a","30.7",",,a,23,","91.6",",,,a"
"ASN00081031","1969-03","-36.3667","145.1333",,"MERRIGUM, AS","7",",a","6",",a","2",",a","19690312",",,a","33.5",",,a,12,","89.1",",,,a"
"ASN00081031","1969-04","-36.3667","145.1333",,"MERRIGUM, AS","7",",a","3",",a","1",",a","19690416",",,a","29.2",",,a,16,","46.8",",,,a"
"ASN00081031","1969-05","-36.3667","145.1333",,"MERRIGUM, AS","8",",a","6",",a","0",",a","19690521",",,a","16.5",",,a,21,","40.5",",,,a"
"ASN00081031","1969-06","-36.3667","145.1333",,"MERRIGUM, AS","6",",a","2",",a","0",",a","19690601",",,a","5.8",",,a,01,","13.2",",,,a"
"ASN00081031","1969-07","-36.3667","145.1333",,"MERRIGUM, AS","14",",a","5",",a","0",",a","19690705",",,a","17.5",",,a,05,","57.1",",,,a"
"ASN00081031","1969-08","-36.3667","145.1333",,"MERRIGUM, AS","10",",a","5",",a","0",",a","19690828",",,a","12.4",",,a,28,","27.4",",,,a"
"ASN00081031","1969-09","-36.3667","145.1333",,"MERRIGUM, AS","14",",a","6",",a","0",",a","19690903",",,a","12.4",",,a,03,","46.8",",,,a"
"ASN00081031","1969-10","-36.3667","145.1333",,"MERRIGUM, AS","6",",a","2",",a","0",",a","19691029",",,a","4.6",",,a,29,","13.2",",,,a"
"ASN00081031","1969-11","-36.3667","145.1333",,"MERRIGUM, AS","7",",a","4",",a","0",",a","19691110",",,a","10.2",",,a,10,","25.7",",,,a"
"ASN00081031","1969-12","-36.3667","145.1333",,"MERRIGUM, AS","5",",a","4",",a","0",",a","19691202",",,a","18.8",",,a,02,","31.0",",,,a"
"ASN00081031","1970-01","-36.3667","145.1333",,"MERRIGUM, AS","8",",a","4",",a","0",",a","19700103",",,a","22.1",",,a,03,","50.5",",,,a"
"ASN00081031","1970-02","-36.3667","145.1333",,"MERRIGUM, AS","3",",a","1",",a","0",",a","19700211",",,a","3.3",",,a,11,","5.9",",,,a"
"ASN00081031","1970-03","-36.3667","145.1333",,"MERRIGUM, AS","4",",a","4",",a","1",",a","19700320",",,a","30.2",",,a,20,","60.2",",,,a"
"ASN00081031","1970-04","-36.3667","145.1333",,"MERRIGUM, AS","8",",a","6",",a","1",",a","19700423",",,a","30.5",",,a,23,","68.1",",,,a"
"ASN00081031","1970-05","-36.3667","145.1333",,"MERRIGUM, AS","13",",a","4",",a","0",",a","19700506",",,a","13.7",",,a,06,","35.3",",,,a"
"ASN00081031","1970-06","-36.3667","145.1333",,"MERRIGUM, AS","12",",a","6",",a","0",",a","19700616",",,a","9.1",",,a,16,","41.7",",,,a"
"ASN00081031","1970-07","-36.3667","145.1333",,"MERRIGUM, AS","15",",a","2",",a","0",",a","19700701",",,a","3.6",",,a,01,","14.8",",,,a"
"ASN00081031","1970-08","-36.3667","145.1333",,"MERRIGUM, AS","16",",a","5",",a","0",",a","19700827",",,a","15.0",",,a,27,","58.9",",,,a"
"ASN00081031","1970-09","-36.3667","145.1333",,"MERRIGUM, AS","13",",a","7",",a","0",",a","19700922",",,a","18.5",",,a,22,","66.6",",,,a"
"ASN00081031","1970-10","-36.3667","145.1333",,"MERRIGUM, AS","5",",a","0",",a","0",",a","19701019",",,a","1.8",",,a,19,","5.9",",,,a"
"ASN00081031","1970-11","-36.3667","145.1333",,"MERRIGUM, AS","4",",a","4",",a","0",",a","19701112",",,a","23.4",",,a,12,","54.1",",,,a"
"ASN00081031","1970-12","-36.3667","145.1333",,"MERRIGUM, AS","7",",a","6",",a","0",",a","19701214",",,a","7.6",",,a,14,","32.2",",,,a"
"ASN00081031","1971-01","-36.3667","145.1333",,"MERRIGUM, AS","5",",a","2",",a","1",",a","19710131",",,a","42.2",",,a,31,","54.0",",,,a"
"ASN00081031","1971-02","-36.3667","145.1333",,"MERRIGUM, AS","4",",a","3",",a","0",",a","19710201",",,a","19.6",",,a,01,","37.2",",,,a"
"ASN00081031","1971-03","-36.3667","145.1333",,"MERRIGUM, AS","2",",a","1",",a","0",",a","19710310",",,a","23.4",",,a,10,","24.4",",,,a"
"ASN00081031","1971-04","-36.3667","145.1333",,"MERRIGUM, AS","7",",a","7",",a","0",",a","19710418",",,a","15.5",",,a,18,","52.2",",,,a"
"ASN00081031","1971-05","-36.3667","145.1333",,"MERRIGUM, AS","11","2,a","7","2,a","0","2,a","19710504",",2,a","11.9","2,,a,04,","47.8",",a,,a"
"ASN00081031","1971-06","-36.3667","145.1333",,"MERRIGUM, AS","10",",a","2",",a","0",",a","19710602",",,a","9.1",",,a,02,","22.7",",,,a"
"ASN00081031","1971-07","-36.3667","145.1333",,"MERRIGUM, AS","11",",a","2",",a","0",",a","19710731",",,a","9.1",",,a,31,","28.5",",,,a"
"ASN00081031","1971-08","-36.3667","145.1333",,"MERRIGUM, AS","11",",a","7",",a","0",",a","19710829",",,a","6.6",",,a,29,","40.0",",,,a"
"ASN00081031","1971-09","-36.3667","145.1333",,"MERRIGUM, AS","13","2,a","7","2,a","0","2,a","19710915",",2,a","8.6","2,,a,15,","42.6",",a,,a"
"ASN00081031","1971-10","-36.3667","145.1333",,"MERRIGUM, AS","11",",a","6",",a","0",",a","19711009",",,a","6.9",",,a,09,","27.7",",,,a"
"ASN00081031","1971-11","-36.3667","145.1333",,"MERRIGUM, AS","10",",a","6",",a","1",",a","19711108",",,a","67.6",",,a,08,","113.1",",,,a"
"ASN00081031","1971-12","-36.3667","145.1333",,"MERRIGUM, AS","4",",a","4",",a","0",",a","19711223",",,a","22.6",",,a,23,","61.3",",,,a"
"ASN00081031","1972-01","-36.3667","145.1333",,"MERRIGUM, AS","5",",a","3",",a","0",",a","19720113",",,a","11.4",",,a,13,","22.2",",,,a"
"ASN00081031","1972-02","-36.3667","145.1333",,"MERRIGUM, AS","5",",a","3",",a","2",",a","19720216",",,a","41.1",",,a,16,","93.7",",,,a"
"ASN00081031","1972-03","-36.3667","145.1333",,"MERRIGUM, AS","1",",a","0",",a","0",",a","19720302",",,a","1.3",",,a,02,","1.3",",,,a"
"ASN00081031","1972-04","-36.3667","145.1333",,"MERRIGUM, AS","6","2,a","2","2,a","0","2,a","19720410",",2,a","6.1","2,,a,10,","26.7",",a,,a"
"ASN00081031","1972-05","-36.3667","145.1333",,"MERRIGUM, AS","4",",a","3",",a","0",",a","19720517",",,a","9.1",",,a,17,","14.7",",,,a"
"ASN00081031","1972-06","-36.3667","145.1333",,"MERRIGUM, AS","5",",a","1",",a","0",",a","19720630",",,a","4.1",",,a,30,","8.5",",,,a"
"ASN00081031","1972-07","-36.3667","145.1333",,"MERRIGUM, AS","9","2,a","3","2,a","0","2,a","19720705",",2,a","4.1","2,,a,05,","23.7",",a,,a"
"ASN00081031","1972-08","-36.3667","145.1333",,"MERRIGUM, AS","11",",a","5",",a","0",",a","19720806",",,a","10.2",",,a,06,","33.3",",,,a"
"ASN00081031","1972-09","-36.3667","145.1333",,"MERRIGUM, AS","2",",a","2",",a","0",",a","19720907",",,a","7.4",",,a,07,","12.2",",,,a"
"ASN00081031","1972-10","-36.3667","145.1333",,"MERRIGUM, AS","5",",a","2",",a","0",",a","19721012",",,a","4.8",",,a,12,","9.4",",,,a"
"ASN00081031","1972-11","-36.3667","145.1333",,"MERRIGUM, AS","5","2,a","3","2,a","0","2,a","19721103",",2,a","15.0","2,,a,03,","31.7",",a,,a"
"ASN00081031","1972-12","-36.3667","145.1333",,"MERRIGUM, AS","2",",a","1",",a","0",",a","19721227",",,a","3.8",",,a,27,","5.6",",,,a"
"ASN00081031","1973-01","-36.3667","145.1333",,"MERRIGUM, AS","2",",a","2",",a","1",",a","19730113",",,a","29.2",",,a,13,","51.3",",,,a"
"ASN00081031","1973-02","-36.3667","145.1333",,"MERRIGUM, AS","7",",a","7",",a","3",",a","19730220",",,a","33.5",",,a,20,","129.8",",,,a"
"ASN00081031","1973-03","-36.3667","145.1333",,"MERRIGUM, AS","6",",a","4",",a","1",",a","19730330",",,a","26.7",",,a,30,","39.7",",,,a"
"ASN00081031","1973-04","-36.3667","145.1333",,"MERRIGUM, AS","8",",a","8",",a","1",",a","19730426",",,a","28.2",",,a,26,","84.6",",,,a"
"ASN00081031","1973-05","-36.3667","145.1333",,"MERRIGUM, AS","10",",a","9",",a","0",",a","19730503",",,a","18.5",",,a,03,","64.0",",,,a"
"ASN00081031","1973-06","-36.3667","145.1333",,"MERRIGUM, AS","11",",a","7",",a","0",",a","19730621",",,a","16.8",",,a,21,","66.0",",,,a"
"ASN00081031","1973-07","-36.3667","145.1333",,"MERRIGUM, AS","9",",a","5",",a","0",",a","19730716",",,a","13.5",",,a,16,","49.6",",,,a"
"ASN00081031","1973-08","-36.3667","145.1333",,"MERRIGUM, AS","15",",a","9",",a","1",",a","19730827",",,a","30.0",",,a,27,","108.0",",,,a"
"ASN00081031","1973-09","-36.3667","145.1333",,"MERRIGUM, AS","12",",a","5",",a","0",",a","19730902",",,a","18.3",",,a,02,","58.0",",,,a"
"ASN00081031","1973-10","-36.3667","145.1333",,"MERRIGUM, AS","6",",a","6",",a","2",",a","19731009",",,a","41.9",",,a,09,","118.1",",,,a"
"ASN00081031","1973-11","-36.3667","145.1333",,"MERRIGUM, AS","7",",a","4",",a","0",",a","19731128",",,a","10.2",",,a,28,","28.9",",,,a"
"ASN00081031","1973-12","-36.3667","145.1333",,"MERRIGUM, AS","5",",a","4",",a","0",",a","19731216",",,a","18.5",",,a,16,","55.3",",,,a"
"ASN00081031","1974-01","-36.3667","145.1333",,"MERRIGUM, AS","8",",a","8",",a","2",",a","19740117",",,a","45.0",",,a,17,","149.6",",,,a"
"ASN00081031","1974-02","-36.3667","145.1333",,"MERRIGUM, AS","3",",a","1",",a","1",",a","19740202",",,a","31.0",",,a,02,","34.8",",,,a"
"ASN00081031","1974-03","-36.3667","145.1333",,"MERRIGUM, AS","9",",a","5",",a","1",",a","19740310",",,a","32.6",",,a,10,","60.9",",,,a"
"ASN00081031","1974-04","-36.3667","145.1333",,"MERRIGUM, AS","16",",a","13",",a","1",",a","19740428",",,a","27.6",",,a,28,","123.8",",,,a"
"ASN00081031","1974-05","-36.3667","145.1333",,"MERRIGUM, AS","4",",a","4",",a","3",",a","19740515",",,a","59.4",",,a,15,","128.2",",,,a"
"ASN00081031","1974-06","-36.3667","145.1333",,"MERRIGUM, AS","4",",a","2",",a","0",",a","19740629",",,a","3.6",",,a,29,","10.6",",,,a"
"ASN00081031","1974-07","-36.3667","145.1333",,"MERRIGUM, AS","11",",a","6",",a","0",",a","19740708",",,a","8.8",",,a,08,","48.6",",,,a"
"ASN00081031","1974-08","-36.3667","145.1333",,"MERRIGUM, AS","15",",a","10",",a","0",",a","19740808",",,a","8.4",",,a,08,","55.8",",,,a"
"ASN00081031","1974-09","-36.3667","145.1333",,"MERRIGUM, AS","8",",a","8",",a","0",",a","19740920",",,a","13.6",",,a,20,","64.4",",,,a"
"ASN00081031","1974-10","-36.3667","145.1333",,"MERRIGUM, AS","10",",a","8",",a","1",",a","19741005",",,a","26.0",",,a,05,","74.0",",,,a"
"ASN00081031","1974-11","-36.3667","145.1333",,"MERRIGUM, AS","5",",a","3",",a","0",",a","19741127",",,a","13.0",",,a,27,","24.6",",,,a"
"ASN00081031","1974-12","-36.3667","145.1333",,"MERRIGUM, AS","2",",a","2",",a","0",",a","19741210",",,a","3.2",",,a,10,","6.2",",,,a"
"ASN00081031","1975-01","-36.3667","145.1333",,"MERRIGUM, AS","4",",a","2",",a","0",",a","19750125",",,a","4.6",",,a,25,","10.6",",,,a"
"ASN00081031","1975-02","-36.3667","145.1333",,"MERRIGUM, AS","2",",a","2",",a","0",",a","19750211",",,a","4.0",",,a,11,","7.6",",,,a"
"ASN00081031","1975-03","-36.3667","145.1333",,"MERRIGUM, AS","7",",a","6",",a","0",",a","19750319",",,a","11.2",",,a,19,","32.4",",,,a"
"ASN00081031","1975-04","-36.3667","145.1333",,"MERRIGUM, AS","1",",a","1",",a","0",",a","19750401",",,a","7.8",",,a,01,","7.8",",,,a"
"ASN00081031","1975-05","-36.3667","145.1333",,"MERRIGUM, AS","8",",a","4",",a","0",",a","19750510",",,a","11.0",",,a,10,","40.0",",,,a"
"ASN00081031","1975-06","-36.3667","145.1333",,"MERRIGUM, AS","2",",a","0",",a","0",",a","19750628",",,a","1.2",",,a,28,","2.2",",,,a"
"ASN00081031","1975-07","-36.3667","145.1333",,"MERRIGUM, AS","8",",a","5",",a","0",",a","19750714",",,a","19.0",",,a,14,","57.0",",,,a"
"ASN00081031","1975-08","-36.3667","145.1333",,"MERRIGUM, AS","12",",a","9",",a","1",",a","19750803",",,a","29.0",",,a,03,","86.6",",,,a"
"ASN00081031","1975-09","-36.3667","145.1333",,"MERRIGUM, AS","8",",a","7",",a","0",",a","19750915",",,a","21.6",",,a,15,","83.8",",,,a"
"ASN00081031","1975-10","-36.3667","145.1333",,"MERRIGUM, AS","9",",a","8",",a","2",",a","19751024",",,a","57.0",",,a,24,","150.0",",,,a"
"ASN00081031","1975-11","-36.3667","145.1333",,"MERRIGUM, AS","3",",a","3",",a","0",",a","19751101",",,a","6.6",",,a,01,","12.2",",,,a"
"ASN00081031","1975-12","-36.3667","145.1333",,"MERRIGUM, AS","6","2,a","6","2,a","0","2,a","19751213",",2,a","22.0","2,,a,13,","86.4",",a,,a"
"ASN00081031","1976-01","-36.3667","145.1333",,"MERRIGUM, AS","2",",a","2",",a","0",",a","19760113",",,a","12.2",",,a,13,","16.6",",,,a"
"ASN00081031","1976-02","-36.3667","145.1333",,"MERRIGUM, AS","4",",a","4",",a","1",",a","19760220",",,a","31.4",",,a,20,","56.0",",,,a"
"ASN00081031","1976-03","-36.3667","145.1333",,"MERRIGUM, AS","3",",a","2",",a","0",",a","19760301",",,a","5.0",",,a,01,","10.0",",,,a"
"ASN00081031","1976-04","-36.3667","145.1333",,"MERRIGUM, AS","2",",a","0",",a","0",",a","19760429",",,a","1.4",",,a,29,","2.1",",,,a"
"ASN00081031","1976-05","-36.3667","145.1333",,"MERRIGUM, AS","2",",a","2",",a","0",",a","19760524",",,a","3.4",",,a,24,","6.4",",,,a"
"ASN00081031","1976-06","-36.3667","145.1333",,"MERRIGUM, AS","7",",a","4",",a","0",",a","19760628",",,a","5.4",",,a,28,","22.2",",,,a"
"ASN00081031","1976-07","-36.3667","145.1333",,"MERRIGUM, AS","5",",a","4",",a","0",",a","19760705",",,a","9.6",",,a,05,","24.6",",,,a"
"ASN00081031","1976-08","-36.3667","145.1333",,"MERRIGUM, AS","6",",a","3",",a","0",",a","19760813",",,a","7.4",",,a,13,","23.2",",,,a"
"ASN00081031","1976-09","-36.3667","145.1333",,"MERRIGUM, AS","9",",a","7",",a","1",",a","19760921",",,a","28.0",",,a,21,","65.6",",,,a"
"ASN00081031","1976-10","-36.3667","145.1333",,"MERRIGUM, AS","8",",a","5",",a","0",",a","19761004",",,a","16.0",",,a,04,","38.8",",,,a"
"ASN00081031","1976-11","-36.3667","145.1333",,"MERRIGUM, AS","7",",a","5",",a","0",",a","19761103",",,a","16.4",",,a,03,","42.0",",,,a"
"ASN00081031","1976-12","-36.3667","145.1333",,"MERRIGUM, AS","3",",a","3",",a","0",",a","19761224",",,a","13.0",",,a,24,","19.0",",,,a"
