"STATION","DATE","LATITUDE","LONGITUDE","ELEVATION","NAME","DP01","DP01_ATTRIBUTES","DP10","DP10_ATTRIBUTES","DP1X","DP1X_ATTRIBUTES","DYXP","DYXP_ATTRIBUTES","EMXP","EMXP_ATTRIBUTES","PRCP","PRCP_ATTRIBUTES"
"ASN00074147","1883-08","-35.2","146.0",,"COLOMBO CREEK, AS","4",",a","2",",a","0",",a","18830812",",,a","16.5",",,a,12,","28.7",",,,a"
"ASN00074147","1883-09","-35.2","146.0",,"COLOMBO CREEK, AS","3",",a","2",",a","1",",a","18830911",",,a","35.3",",,a,11,","55.1",",,,a"
"ASN00074147","1883-10","-35.2","146.0",,"COLOMBO CREEK, AS","6",",a","5",",a","1",",a","18831006",",,a","35.1",",,a,06,","66.7",",,,a"
"ASN00074147","1883-11","-35.2","146.0",,"COLOMBO CREEK, AS","4",",a","4",",a","0",",a","18831114",",,a","9.7",",,a,14,","22.9",",,,a"
"ASN00074147","1883-12","-35.2","146.0",,"COLOMBO CREEK, AS","2",",a","1",",a","0",",a","18831213",",,a","6.9",",,a,13,","7.2",",,,a"
"ASN00074147","1884-01","-35.2","146.0",,"COLOMBO CREEK, AS","4",",a","1",",a","0",",a","18840123",",,a","2.8",",,a,23,","6.2",",,,a"
"ASN00074147","1884-02","-35.2","146.0",,"COLOMBO CREEK, AS","1",",a","1",",a","0",",a","18840207",",,a","11.7",",,a,07,","11.7",",,,a"
"ASN00074147","1884-03","-35.2","146.0",,"COLOMBO CREEK, AS","2",",a","2",",a","0",",a","18840310",",,a","22.1",",,a,10,","24.9",",,,a"
"ASN00074147","1884-04","-35.2","146.0",,"COLOMBO CREEK, AS","3",",a","2",",a","0",",a","18840425",",,a","10.4",",,a,25,","21.0",",,,a"
"ASN00074147","1884-05","-35.2","146.0",,"COLOMBO CREEK, AS","3",",a","3",",a","0",",a","18840510",",,a","16.8",",,a,10,","35.6",",,,a"
"ASN00074147","1884-06","-35.2","146.0",,"COLOMBO CREEK, AS","6",",a","6",",a","1",",a","18840612",",,a","28.7",",,a,12,","60.7",",,,a"
"ASN00074147","1884-07","-35.2","146.0",,"COLOMBO CREEK, AS","2",",a","1",",a","0",",a","18840710",",,a","4.8",",,a,10,","7.1",",,,a"
"ASN00074147","1884-08","-35.2","146.0",,"COLOMBO CREEK, AS","5",",a","3",",a","0",",a","18840807",",,a","13.0",",,a,07,","25.7",",,,a"
"ASN00074147","1884-09","-35.2","146.0",,"COLOMBO CREEK, AS","5",",a","3",",a","0",",a","18840926",",,a","9.7",",,a,26,","21.4",",,,a"
"ASN00074147","1884-10","-35.2","146.0",,"COLOMBO CREEK, AS","7",",a","4",",a","0",",a","18841029",",,a","16.3",",,a,29,","43.5",",,,a"
"ASN00074147","1884-12","-35.2","146.0",,"COLOMBO CREEK, AS","2",",a","2",",a","0",",a","18841215",",,a","4.1",",,a,15,","7.1",",,,a"
"ASN00074147","1886-01","-35.2","146.0",,"COLOMBO CREEK, AS","7",",a","2",",a","0",",a","18860108",",,a","17.8",",,a,08,","35.6",",,,a"
"ASN00074147","1886-02","-35.2","146.0",,"COLOMBO CREEK, AS","2",",a","2",",a","0",",a","18860221",",,a","3.3",",,a,21,","6.3",",,,a"
"ASN00074147","1886-03","-35.2","146.0",,"COLOMBO CREEK, AS","1",",a","1",",a","0",",a","18860306",",,a","10.7",",,a,06,","10.7",",,,a"
"ASN00074147","1886-04","-35.2","146.0",,"COLOMBO CREEK, AS","2",",a","1",",a","0",",a","18860423",",,a","4.1",",,a,23,","4.4",",,,a"
"ASN00074147","1886-05","-35.2","146.0",,"COLOMBO CREEK, AS","1",",a","1",",a","0",",a","18860518",",,a","19.8",",,a,18,","19.8",",,,a"
"ASN00074147","1886-06","-35.2","146.0",,"COLOMBO CREEK, AS","2",",a","2",",a","0",",a","18860617",",,a","20.3",",,a,17,","23.6",",,,a"
"ASN00074147","1886-07","-35.2","146.0",,"COLOMBO CREEK, AS","5",",a","4",",a","0",",a","18860706",",,a","17.0",",,a,06,","33.5",",,,a"
"ASN00074147","1886-08","-35.2","146.0",,"COLOMBO CREEK, AS","12",",a","8",",a","0",",a","18860819",",,a","21.3",",,a,19,","65.1",",,,a"
"ASN00074147","1886-09","-35.2","146.0",,"COLOMBO CREEK, AS","4",",a","4",",a","0",",a","18860921",",,a","17.8",",,a,21,","35.3",",,,a"
"ASN00074147","1886-10","-35.2","146.0",,"COLOMBO CREEK, AS","8",",a","6",",a","0",",a","18861002",",,a","18.3",",,a,02,","44.3",",,,a"
"ASN00074147","1886-11","-35.2","146.0",,"COLOMBO CREEK, AS","4",",a","3",",a","0",",a","18861125",",,a","10.4",",,a,25,","20.6",",,,a"
"ASN00074147","1886-12","-35.2","146.0",,"COLOMBO CREEK, AS","3",",a","3",",a","1",",a","18861204",",,a","40.4",",,a,04,","50.8",",,,a"
"ASN00074147","1887-01","-35.2","146.0",,"COLOMBO CREEK, AS","3",",a","2",",a","0",",a","18870114",",,a","5.6",",,a,14,","10.7",",,,a"
"ASN00074147","1887-02","-35.2","146.0",,"COLOMBO CREEK, AS","7",",a","5",",a","3",",a","18870227",",,a","37.3",",,a,27,","112.2",",,,a"
"ASN00074147","1887-03","-35.2","146.0",,"COLOMBO CREEK, AS","7",",a","5",",a","2",",a","18870320",",,a","39.4",",,a,20,","98.7",",,,a"
"ASN00074147","1887-04","-35.2","146.0",,"COLOMBO CREEK, AS","7",",a","4",",a","0",",a","18870415",",,a","23.6",",,a,15,","42.8",",,,a"
"ASN00074147","1887-05","-35.2","146.0",,"COLOMBO CREEK, AS","3",",a","3",",a","0",",a","18870503",",,a","15.7",",,a,03,","29.7",",,,a"
"ASN00074147","1887-06","-35.2","146.0",,"COLOMBO CREEK, AS","13",",a","9",",a","0",",a","18870612",",,a","15.5",",,a,12,","65.8",",,,a"
"ASN00074147","1887-07","-35.2","146.0",,"COLOMBO CREEK, AS","7",",a","7",",a","0",",a","18870701",",,a","19.1",",,a,01,","60.5",",,,a"
"ASN00074147","1887-08","-35.2","146.0",,"COLOMBO CREEK, AS","6",",a","4",",a","0",",a","18870816",",,a","15.2",",,a,16,","35.2",",,,a"
"ASN00074147","1887-09","-35.2","146.0",,"COLOMBO CREEK, AS","4",",a","2",",a","0",",a","18870902",",,a","12.7",",,a,02,","18.9",",,,a"
"ASN00074147","1887-10","-35.2","146.0",,"COLOMBO CREEK, AS","6",",a","4",",a","0",",a","18871002",",,a","19.6",",,a,02,","49.7",",,,a"
"ASN00074147","1887-11","-35.2","146.0",,"COLOMBO CREEK, AS","5",",a","4",",a","1",",a","18871105",",,a","28.4",",,a,05,","54.5",",,,a"
"ASN00074147","1887-12","-35.2","146.0",,"COLOMBO CREEK, AS","7",",a","6",",a","2",",a","18871202",",,a","44.7",",,a,02,","129.5",",,,a"
"ASN00074147","1888-01","-35.2","146.0",,"COLOMBO CREEK, AS","4",",a","2",",a","0",",a","18880104",",,a","14.7",",,a,04,","18.8",",,,a"
"ASN00074147","1888-02","-35.2","146.0",,"COLOMBO CREEK, AS","4",",a","3",",a","0",",a","18880224",",,a","17.8",",,a,24,","40.2",",,,a"
"ASN00074147","1888-03","-35.2","146.0",,"COLOMBO CREEK, AS","2",",a","2",",a","0",",a","18880331","+,,a","2.8",",,a,31,+","5.6",",,,a"
"ASN00074147","1888-04","-35.2","146.0",,"COLOMBO CREEK, AS","1",",a","1",",a","0",",a","18880403",",,a","4.1",",,a,03,","4.1",",,,a"
"ASN00074147","1888-05","-35.2","146.0",,"COLOMBO CREEK, AS","5",",a","3",",a","0",",a","18880511",",,a","20.3",",,a,11,","55.1",",,,a"
"ASN00074147","1888-06","-35.2","146.0",,"COLOMBO CREEK, AS","4",",a","4",",a","0",",a","18880621",",,a","7.4",",,a,21,","18.3",",,,a"
"ASN00074147","1888-07","-35.2","146.0",,"COLOMBO CREEK, AS","2",",a","2",",a","0",",a","18880714",",,a","6.4",",,a,14,","11.2",",,,a"
"ASN00074147","1888-08","-35.2","146.0",,"COLOMBO CREEK, AS","2",",a","1",",a","0",",a","18880812",",,a","5.1",",,a,12,","6.6",",,,a"
"ASN00074147","1888-09","-35.2","146.0",,"COLOMBO CREEK, AS","4",",a","3",",a","0",",a","18880901",",,a","14.2",",,a,01,","27.6",",,,a"
"ASN00074147","1888-10","-35.2","146.0",,"COLOMBO CREEK, AS","2",",a","2",",a","0",",a","18881008",",,a","7.9",",,a,08,","11.2",",,,a"
"ASN00074147","1888-11","-35.2","146.0",,"COLOMBO CREEK, AS","1",",a","1",",a","0",",a","18881103",",,a","3.8",",,a,03,","3.8",",,,a"
"ASN00074147","1888-12","-35.2","146.0",,"COLOMBO CREEK, AS","6",",a","3",",a","0",",a","18881231",",,a","14.5",",,a,31,","36.9",",,,a"
"ASN00074147","1889-01","-35.2","146.0",,"COLOMBO CREEK, AS","4",",a","4",",a","0",",a","18890102",",,a","19.6",",,a,02,","54.9",",,,a"
"ASN00074147","1889-02","-35.2","146.0",,"COLOMBO CREEK, AS","4",",a","3",",a","2",",a","18890206",",,a","30.0",",,a,06,","68.3",",,,a"
"ASN00074147","1889-03","-35.2","146.0",,"COLOMBO CREEK, AS","0",",a","0",",a","0",",a","18890331","+,,a","0.0",",,a,31,+","0.0",",,,a"
"ASN00074147","1889-04","-35.2","146.0",,"COLOMBO CREEK, AS","7",",a","7",",a","0",",a","18890408",",,a","18.5",",,a,08,","72.0",",,,a"
"ASN00074147","1889-05","-35.2","146.0",,"COLOMBO CREEK, AS","10",",a","6",",a","2",",a","18890505",",,a","38.6",",,a,05,","102.7",",,,a"
"ASN00074147","1889-06","-35.2","146.0",,"COLOMBO CREEK, AS","6",",a","6",",a","0",",a","18890601",",,a","19.3",",,a,01,","59.9",",,,a"
"ASN00074147","1889-07","-35.2","146.0",,"COLOMBO CREEK, AS","2",",a","2",",a","0",",a","18890708",",,a","9.7",",,a,08,","12.2",",,,a"
"ASN00074147","1889-08","-35.2","146.0",,"COLOMBO CREEK, AS","6",",a","5",",a","1",",a","18890830",",,a","42.7",",,a,30,","82.2",",,,a"
"ASN00074147","1889-09","-35.2","146.0",,"COLOMBO CREEK, AS","8",",a","5",",a","0",",a","18890910",",,a","24.4",",,a,10,","51.3",",,,a"
"ASN00074147","1889-10","-35.2","146.0",,"COLOMBO CREEK, AS","4",",a","4",",a","0",",a","18891007",",,a","13.2",",,a,07,","38.6",",,,a"
"ASN00074147","1889-11","-35.2","146.0",,"COLOMBO CREEK, AS","6",",a","5",",a","1",",a","18891117",",,a","60.2",",,a,17,","85.9",",,,a"
"ASN00074147","1889-12","-35.2","146.0",,"COLOMBO CREEK, AS","1",",a","1",",a","0",",a","18891220",",,a","7.6",",,a,20,","7.6",",,,a"
"ASN00074147","1890-01","-35.2","146.0",,"COLOMBO CREEK, AS","0",",a","0",",a","0",",a","18900131","+,,a","0.0",",,a,31,+","0.0",",,,a"
"ASN00074147","1890-02","-35.2","146.0",,"COLOMBO CREEK, AS","4",",a","1",",a","0",",a","18900213",",,a","3.6",",,a,13,","8.6",",,,a"
"ASN00074147","1890-03","-35.2","146.0",,"COLOMBO CREEK, AS","5",",a","4",",a","0",",a","18900331",",,a","21.3",",,a,31,","44.8",",,,a"
"ASN00074147","1890-04","-35.2","146.0",,"COLOMBO CREEK, AS","2",",a","2",",a","0",",a","18900410",",,a","21.3",",,a,10,","27.9",",,,a"
"ASN00074147","1890-05","-35.2","146.0",,"COLOMBO CREEK, AS","6",",a","6",",a","0",",a","18900518",",,a","22.1",",,a,18,","65.2",",,,a"
"ASN00074147","1890-06","-35.2","146.0",,"COLOMBO CREEK, AS","11",",a","5",",a","0",",a","18900605",",,a","21.8",",,a,05,","72.6",",,,a"
"ASN00074147","1890-07","-35.2","146.0",,"COLOMBO CREEK, AS","5",",a","5",",a","0",",a","18900708",",,a","19.6",",,a,08,","49.6",",,,a"
"ASN00074147","1902-06","-35.2","146.0",,"COLOMBO CREEK, AS","8",",a","6",",a","0",",a","19020602",",,a","10.4",",,a,02,","35.8",",,,a"
"ASN00074147","1902-07","-35.2","146.0",,"COLOMBO CREEK, AS","4",",a","1",",a","0",",a","19020707",",,a","8.6",",,a,07,","12.9",",,,a"
"ASN00074147","1902-08","-35.2","146.0",,"COLOMBO CREEK, AS","2",",a","1",",a","0",",a","19020803",",,a","3.6",",,a,03,","4.9",",,,a"
"ASN00074147","1902-09","-35.2","146.0",,"COLOMBO CREEK, AS","0",",a","0",",a","0",",a","19020930","+,,a","0.0",",,a,30,+","0.0",",,,a"
"ASN00074147","1902-10","-35.2","146.0",,"COLOMBO CREEK, AS","3",",a","2",",a","0",",a","19021025",",,a","23.9",",,a,25,","36.6",",,,a"
"ASN00074147","1902-11","-35.2","146.0",,"COLOMBO CREEK, AS","2",",a","1",",a","0",",a","19021108",",,a","3.3",",,a,08,","5.6",",,,a"
"ASN00074147","1902-12","-35.2","146.0",,"COLOMBO CREEK, AS","7",",a","5",",a","1",",a","19021216",",,a","27.2",",,a,16,","61.2",",,,a"
"ASN00074147","1903-01","-35.2","146.0",,"COLOMBO CREEK, AS","1",",a","0",",a","0",",a","19030106",",,a","1.3",",,a,06,","1.3",",,,a"
"ASN00074147","1903-02","-35.2","146.0",,"COLOMBO CREEK, AS","2",",a","1",",a","0",",a","19030215",",,a","3.8",",,a,15,","5.6",",,,a"
"ASN00074147","1903-03","-35.2","146.0",,"COLOMBO CREEK, AS","9",",a","6",",a","0",",a","19030304",",,a","13.2",",,a,04,","38.6",",,,a"
"ASN00074147","1904-01","-35.2","146.0",,"COLOMBO CREEK, AS","6",",a","3",",a","1",",a","19040102",",,a","30.5",",,a,02,","58.6",",,,a"
"ASN00074147","1904-02","-35.2","146.0",,"COLOMBO CREEK, AS","1",",a","1",",a","0",",a","19040207",",,a","3.8",",,a,07,","3.8",",,,a"
"ASN00074147","1904-03","-35.2","146.0",,"COLOMBO CREEK, AS","1",",a","0",",a","0",",a","19040316",",,a","2.0",",,a,16,","2.0",",,,a"
"ASN00074147","1904-04","-35.2","146.0",,"COLOMBO CREEK, AS","3",",a","1",",a","0",",a","19040419",",,a","16.0",",,a,19,","17.0",",,,a"
"ASN00074147","1904-05","-35.2","146.0",,"COLOMBO CREEK, AS","6",",a","3",",a","0",",a","19040529",",,a","12.4",",,a,29,","32.3",",,,a"
"ASN00074147","1904-06","-35.2","146.0",,"COLOMBO CREEK, AS","4",",a","4",",a","0",",a","19040620",",,a","5.6",",,a,20,","17.6",",,,a"
"ASN00074147","1904-07","-35.2","146.0",,"COLOMBO CREEK, AS","7",",a","6",",a","0",",a","19040701",",,a","20.3",",,a,01,","61.4",",,,a"
"ASN00074147","1904-08","-35.2","146.0",,"COLOMBO CREEK, AS","4",",a","4",",a","0",",a","19040828",",,a","15.2",",,a,28,","42.9",",,,a"
"ASN00074147","1904-09","-35.2","146.0",,"COLOMBO CREEK, AS","3",",a","1",",a","0",",a","19040919",",,a","2.5",",,a,19,","5.3",",,,a"
"ASN00074147","1904-10","-35.2","146.0",,"COLOMBO CREEK, AS","7",",a","6",",a","0",",a","19041020",",,a","16.8",",,a,20,","56.0",",,,a"
"ASN00074147","1904-11","-35.2","146.0",,"COLOMBO CREEK, AS","2",",a","2",",a","0",",a","19041101",",,a","19.1",",,a,01,","22.4",",,,a"
"ASN00074147","1904-12","-35.2","146.0",,"COLOMBO CREEK, AS","1",",a","1",",a","0",",a","19041217",",,a","21.1",",,a,17,","21.1",",,,a"
"ASN00074147","1905-01","-35.2","146.0",,"COLOMBO CREEK, AS","2",",a","2",",a","0",",a","19050116",",,a","12.7",",,a,16,","23.4",",,,a"
"ASN00074147","1905-02","-35.2","146.0",,"COLOMBO CREEK, AS","2",",a","2",",a","0",",a","19050217",",,a","5.6",",,a,17,","9.7",",,,a"
"ASN00074147","1905-03","-35.2","146.0",,"COLOMBO CREEK, AS","2",",a","2",",a","0",",a","19050323",",,a","6.6",",,a,23,","11.4",",,,a"
"ASN00074147","1905-04","-35.2","146.0",,"COLOMBO CREEK, AS","4",",a","3",",a","0",",a","19050409",",,a","15.7",",,a,09,","33.0",",,,a"
"ASN00074147","1905-05","-35.2","146.0",,"COLOMBO CREEK, AS","5",",a","2",",a","0",",a","19050527",",,a","8.9",",,a,27,","19.8",",,,a"
"ASN00074147","1905-06","-35.2","146.0",,"COLOMBO CREEK, AS","7",",a","6",",a","1",",a","19050621",",,a","26.2",",,a,21,","63.8",",,,a"
"ASN00074147","1905-07","-35.2","146.0",,"COLOMBO CREEK, AS","13",",a","7",",a","1",",a","19050709",",,a","28.7",",,a,09,","79.4",",,,a"
"ASN00074147","1905-08","-35.2","146.0",,"COLOMBO CREEK, AS","4",",a","4",",a","0",",a","19050805",",,a","6.4",",,a,05,","17.5",",,,a"
"ASN00074147","1905-09","-35.2","146.0",,"COLOMBO CREEK, AS","10",",a","3",",a","0",",a","19050910",",,a","5.3",",,a,10,","21.5",",,,a"
"ASN00074147","1905-10","-35.2","146.0",,"COLOMBO CREEK, AS","9",",a","6",",a","0",",a","19051006",",,a","17.3",",,a,06,","38.2",",,,a"
"ASN00074147","1905-11","-35.2","146.0",,"COLOMBO CREEK, AS","1",",a","0",",a","0",",a","19051109",",,a","0.5",",,a,09,","0.5",",,,a"
"ASN00074147","1905-12","-35.2","146.0",,"COLOMBO CREEK, AS","3",",a","1",",a","0",",a","19051231",",,a","8.4",",,a,31,","10.2",",,,a"
"ASN00074147","1906-01","-35.2","146.0",,"COLOMBO CREEK, AS","0",",a","0",",a","0",",a","19060131","+,,a","0.0",",,a,31,+","0.0",",,,a"
"ASN00074147","1906-02","-35.2","146.0",,"COLOMBO CREEK, AS","1",",a","1",",a","0",",a","19060228",",,a","18.8",",,a,28,","18.8",",,,a"
"ASN00074147","1906-03","-35.2","146.0",,"COLOMBO CREEK, AS","8",",a","7",",a","1",",a","19060310",",,a","29.2",",,a,10,","81.3",",,,a"
"ASN00074147","1906-04","-35.2","146.0",,"COLOMBO CREEK, AS","3",",a","1",",a","0",",a","19060418",",,a","4.6",",,a,18,","6.7",",,,a"
"ASN00074147","1906-05","-35.2","146.0",,"COLOMBO CREEK, AS","10",",a","7",",a","0",",a","19060525",",,a","18.8",",,a,25,","68.7",",,,a"
"ASN00074147","1906-06","-35.2","146.0",,"COLOMBO CREEK, AS","7",",a","3",",a","0",",a","19060623",",,a","10.7",",,a,23,","22.4",",,,a"
"ASN00074147","1906-07","-35.2","146.0",,"COLOMBO CREEK, AS","8",",a","5",",a","0",",a","19060730",",,a","7.6",",,a,30,","27.0",",,,a"
"ASN00074147","1906-08","-35.2","146.0",,"COLOMBO CREEK, AS","8",",a","3",",a","1",",a","19060831",",,a","27.2",",,a,31,","50.3",",,,a"
"ASN00074147","1906-09","-35.2","146.0",,"COLOMBO CREEK, AS","11",",a","6",",a","0",",a","19060927",",,a","21.6",",,a,27,","49.8",",,,a"
"ASN00074147","1906-10","-35.2","146.0",,"COLOMBO CREEK, AS","6",",a","5",",a","1",",a","19061002",",,a","34.0",",,a,02,","58.7",",,,a"
"ASN00074147","1906-11","-35.2","146.0",,"COLOMBO CREEK, AS","6",",a","5",",a","1",",a","19061114",",,a","29.0",",,a,14,","56.6",",,,a"
"ASN00074147","1906-12","-35.2","146.0",,"COLOMBO CREEK, AS","5",",a","4",",a","0",",a","19061218",",,a","22.4",",,a,18,","35.0",",,,a"
"ASN00074147","1907-01","-35.2","146.0",,"COLOMBO CREEK, AS","2",",a","1",",a","0",",a","19070126",",,a","10.2",",,a,26,","11.5",",,,a"
"ASN00074147","1907-02","-35.2","146.0",,"COLOMBO CREEK, AS","1",",a","1",",a","0",",a","19070206",",,a","6.4",",,a,06,","6.4",",,,a"
"ASN00074147","1907-03","-35.2","146.0",,"COLOMBO CREEK, AS","3",",a","2",",a","0",",a","19070305",",,a","5.1",",,a,05,","8.1",",,,a"
"ASN00074147","1907-04","-35.2","146.0",,"COLOMBO CREEK, AS","3",",a","2",",a","0",",a","19070407",",,a","13.5",",,a,07,","17.9",",,,a"
"ASN00074147","1907-05","-35.2","146.0",,"COLOMBO CREEK, AS","2",",a","2",",a","0",",a","19070522",",,a","15.2",",,a,22,","17.7",",,,a"
"ASN00074147","1907-06","-35.2","146.0",,"COLOMBO CREEK, AS","10",",a","6",",a","0",",a","19070601",",,a","17.3",",,a,01,","43.8",",,,a"
"ASN00074147","1907-07","-35.2","146.0",,"COLOMBO CREEK, AS","7",",a","4",",a","0",",a","19070728",",,a","10.2",",,a,28,","27.0",",,,a"
"ASN00074147","1907-08","-35.2","146.0",,"COLOMBO CREEK, AS","7",",a","4",",a","0",",a","19070803",",,a","9.4",",,a,03,","29.6",",,,a"
"ASN00074147","1907-09","-35.2","146.0",,"COLOMBO CREEK, AS","4",",a","2",",a","0",",a","19070925",",,a","9.7",",,a,25,","18.1",",,,a"
"ASN00074147","1907-10","-35.2","146.0",,"COLOMBO CREEK, AS","4",",a","2",",a","0",",a","19071031",",,a","5.6",",,a,31,","12.4",",,,a"
"ASN00074147","1907-11","-35.2","146.0",,"COLOMBO CREEK, AS","4",",a","4",",a","0",",a","19071116",",,a","14.0",",,a,16,","31.3",",,,a"
"ASN00074147","1907-12","-35.2","146.0",,"COLOMBO CREEK, AS","4",",a","3",",a","1",",a","19071216",",,a","52.6",",,a,16,","71.9",",,,a"
"ASN00074147","1908-01","-35.2","146.0",,"COLOMBO CREEK, AS","1",",a","1",",a","0",",a","19080130",",,a","5.6",",,a,30,","5.6",",,,a"
"ASN00074147","1908-02","-35.2","146.0",,"COLOMBO CREEK, AS","2",",a","2",",a","0",",a","19080201",",,a","17.8",",,a,01,","23.4",",,,a"
"ASN00074147","1908-03","-35.2","146.0",,"COLOMBO CREEK, AS","1",",a","1",",a","0",",a","19080309",",,a","2.5",",,a,09,","2.5",",,,a"
"ASN00074147","1908-04","-35.2","146.0",,"COLOMBO CREEK, AS","2",",a","1",",a","0",",a","19080416",",,a","14.2",",,a,16,","14.5",",,,a"
"ASN00074147","1908-05","-35.2","146.0",,"COLOMBO CREEK, AS","4",",a","3",",a","0",",a","19080514",",,a","8.9",",,a,14,","18.3",",,,a"
"ASN00074147","1908-06","-35.2","146.0",,"COLOMBO CREEK, AS","13",",a","9",",a","0",",a","19080610",",,a","17.8",",,a,10,","73.3",",,,a"
"ASN00074147","1908-07","-35.2","146.0",,"COLOMBO CREEK, AS","5",",a","1",",a","0",",a","19080718",",,a","15.2",",,a,18,","21.0",",,,a"
"ASN00074147","1908-08","-35.2","146.0",,"COLOMBO CREEK, AS","7",",a","6",",a","0",",a","19080823",",,a","7.9",",,a,23,","29.7",",,,a"
"ASN00074147","1908-09","-35.2","146.0",,"COLOMBO CREEK, AS","7",",a","3",",a","1",",a","19080906",",,a","26.7",",,a,06,","50.8",",,,a"
"ASN00074147","1908-10","-35.2","146.0",,"COLOMBO CREEK, AS","6",",a","5",",a","0",",a","19081008",",,a","8.9",",,a,08,","31.6",",,,a"
"ASN00074147","1908-11","-35.2","146.0",,"COLOMBO CREEK, AS","0",",a","0",",a","0",",a","19081130","+,,a","0.0",",,a,30,+","0.0",",,,a"
"ASN00074147","1908-12","-35.2","146.0",,"COLOMBO CREEK, AS","1",",a","1",",a","0",",a","19081207",",,a","2.5",",,a,07,","2.5",",,,a"
"ASN00074147","1909-01","-35.2","146.0",,"COLOMBO CREEK, AS","1",",a","1",",a","0",",a","19090117",",,a","3.0",",,a,17,","3.0",",,,a"
"ASN00074147","1909-02","-35.2","146.0",,"COLOMBO CREEK, AS","4",",a","2",",a","0",",a","19090225",",,a","22.4",",,a,25,","31.8",",,,a"
"ASN00074147","1909-03","-35.2","146.0",,"COLOMBO CREEK, AS","5",",a","4",",a","1",",a","19090307",",,a","27.9",",,a,07,","46.4",",,,a"
"ASN00074147","1909-04","-35.2","146.0",,"COLOMBO CREEK, AS","5",",a","3",",a","0",",a","19090426",",,a","21.6",",,a,26,","36.1",",,,a"
"ASN00074147","1909-05","-35.2","146.0",,"COLOMBO CREEK, AS","10",",a","4",",a","1",",a","19090515",",,a","27.9",",,a,15,","60.5",",,,a"
"ASN00074147","1909-06","-35.2","146.0",,"COLOMBO CREEK, AS","9",",a","5",",a","1",",a","19090624",",,a","43.7",",,a,24,","79.5",",,,a"
"ASN00074147","1909-07","-35.2","146.0",,"COLOMBO CREEK, AS","5",",a","4",",a","0",",a","19090729",",,a","7.6",",,a,29,","17.7",",,,a"
"ASN00074147","1909-08","-35.2","146.0",,"COLOMBO CREEK, AS","10",",a","8",",a","0",",a","19090829",",,a","15.5",",,a,29,","59.7",",,,a"
"ASN00074147","1909-09","-35.2","146.0",,"COLOMBO CREEK, AS","5",",a","4",",a","0",",a","19090910",",,a","10.2",",,a,10,","28.8",",,,a"
"ASN00074147","1909-10","-35.2","146.0",,"COLOMBO CREEK, AS","4",",a","4",",a","0",",a","19091018",",,a","9.7",",,a,18,","24.2",",,,a"
"ASN00074147","1909-11","-35.2","146.0",,"COLOMBO CREEK, AS","1",",a","1",",a","0",",a","19091120",",,a","8.4",",,a,20,","8.4",",,,a"
"ASN00074147","1909-12","-35.2","146.0",,"COLOMBO CREEK, AS","1",",a","1",",a","0",",a","19091201",",,a","5.6",",,a,01,","5.6",",,,a"
"ASN00074147","1910-01","-35.2","146.0",,"COLOMBO CREEK, AS","7",",a","7",",a","0",",a","19100111",",,a","15.2",",,a,11,","46.9",",,,a"
"ASN00074147","1910-02","-35.2","146.0",,"COLOMBO CREEK, AS","0",",a","0",",a","0",",a","19100228","+,,a","0.0",",,a,28,+","0.0",",,,a"
"ASN00074147","1910-03","-35.2","146.0",,"COLOMBO CREEK, AS","2",",a","2",",a","1",",a","19100307",",,a","25.4",",,a,07,","29.2",",,,a"
"ASN00074147","1910-04","-35.2","146.0",,"COLOMBO CREEK, AS","0",",a","0",",a","0",",a","19100430","+,,a","0.0",",,a,30,+","0.0",",,,a"
"ASN00074147","1910-05","-35.2","146.0",,"COLOMBO CREEK, AS","4",",a","1",",a","0",",a","19100517",",,a","20.3",",,a,17,","26.1",",,,a"
"ASN00074147","1910-06","-35.2","146.0",,"COLOMBO CREEK, AS","8",",a","5",",a","0",",a","19100629",",,a","16.3",",,a,29,","46.3",",,,a"
"ASN00074147","1910-07","-35.2","146.0",,"COLOMBO CREEK, AS","14",",a","7",",a","0",",a","19100723",",,a","12.2",",,a,23,","59.5",",,,a"
"ASN00074147","1910-08","-35.2","146.0",,"COLOMBO CREEK, AS","4",",a","4",",a","0",",a","19100831",",,a","24.9",",,a,31,","38.5",",,,a"
"ASN00074147","1910-09","-35.2","146.0",,"COLOMBO CREEK, AS","6",",a","6",",a","0",",a","19100904",",,a","19.1",",,a,04,","59.9",",,,a"
"ASN00074147","1910-10","-35.2","146.0",,"COLOMBO CREEK, AS","4",",a","3",",a","0",",a","19101005",",,a","5.1",",,a,05,","13.4",",,,a"
"ASN00074147","1910-11","-35.2","146.0",,"COLOMBO CREEK, AS","6",",a","5",",a","0",",a","19101105",",,a","18.8",",,a,05,","41.7",",,,a"
"ASN00074147","1910-12","-35.2","146.0",,"COLOMBO CREEK, AS","4",",a","4",",a","0",",a","19101202",",,a","8.9",",,a,02,","19.5",",,,a"
"ASN00074147","1911-01","-35.2","146.0",,"COLOMBO CREEK, AS","6",",a","6",",a","1",",a","19110114",",,a","26.7",",,a,14,","66.3",",,,a"
"ASN00074147","1911-02","-35.2","146.0",,"COLOMBO CREEK, AS","8",",a","8",",a","1",",a","19110210",",,a","38.1",",,a,10,","93.6",",,,a"
"ASN00074147","1911-03","-35.2","146.0",,"COLOMBO CREEK, AS","6",",a","5",",a","0",",a","19110311",",,a","15.2",",,a,11,","36.9",",,,a"
"ASN00074147","1911-04","-35.2","146.0",,"COLOMBO CREEK, AS","0",",a","0",",a","0",",a","19110430","+,,a","0.0",",,a,30,+","0.0",",,,a"
"ASN00074147","1911-05","-35.2","146.0",,"COLOMBO CREEK, AS","7",",a","4",",a","0",",a","19110518",",,a","7.9",",,a,18,","28.9",",,,a"
"ASN00074147","1911-06","-35.2","146.0",,"COLOMBO CREEK, AS","7",",a","4",",a","0",",a","19110618",",,a","15.2",",,a,18,","31.9",",,,a"
"ASN00074147","1911-07","-35.2","146.0",,"COLOMBO CREEK, AS","7",",a","6",",a","0",",a","19110707",",,a","7.6",",,a,07,","31.8",",,,a"
"ASN00074147","1911-08","-35.2","146.0",,"COLOMBO CREEK, AS","2",",a","2",",a","0",",a","19110814","+,,a","2.5",",,a,14,+","5.0",",,,a"
"ASN00074147","1911-09","-35.2","146.0",,"COLOMBO CREEK, AS","4",",a","3",",a","0",",a","19110902",",,a","17.5",",,a,02,","26.9",",,,a"
"ASN00074147","1911-10","-35.2","146.0",,"COLOMBO CREEK, AS","0",",a","0",",a","0",",a","19111031","+,,a","0.0",",,a,31,+","0.0",",,,a"
"ASN00074147","1911-11","-35.2","146.0",,"COLOMBO CREEK, AS","1",",a","1",",a","0",",a","19111128",",,a","19.1",",,a,28,","19.1",",,,a"
"ASN00074147","1911-12","-35.2","146.0",,"COLOMBO CREEK, AS","4",",a","4",",a","0",",a","19111205",",,a","14.7",",,a,05,","43.1",",,,a"
"ASN00074147","1912-01","-35.2","146.0",,"COLOMBO CREEK, AS","1",",a","1",",a","0",",a","19120105",",,a","18.5",",,a,05,","18.5",",,,a"
"ASN00074147","1912-02","-35.2","146.0",,"COLOMBO CREEK, AS","3",",a","2",",a","0",",a","19120225",",,a","23.6",",,a,25,","30.0",",,,a"
"ASN00074147","1912-03","-35.2","146.0",,"COLOMBO CREEK, AS","1",",a","1",",a","0",",a","19120310",",,a","17.3",",,a,10,","17.3",",,,a"
"ASN00074147","1912-04","-35.2","146.0",,"COLOMBO CREEK, AS","0",",a","0",",a","0",",a","19120430","+,,a","0.0",",,a,30,+","0.0",",,,a"
"ASN00074147","1912-05","-35.2","146.0",,"COLOMBO CREEK, AS","0",",a","0",",a","0",",a","19120531","+,,a","0.0",",,a,31,+","0.0",",,,a"
"ASN00074147","1912-06","-35.2","146.0",,"COLOMBO CREEK, AS","7",",a","5",",a","0",",a","19120610",",,a","13.2",",,a,10,","43.6",",,,a"
"ASN00074147","1912-07","-35.2","146.0",,"COLOMBO CREEK, AS","11",",a","10",",a","1",",a","19120727",",,a","36.3",",,a,27,","98.7",",,,a"
"ASN00074147","1912-08","-35.2","146.0",,"COLOMBO CREEK, AS","6",",a","4",",a","0",",a","19120805","+,,a","9.7",",,a,05,+","32.1",",,,a"
"ASN00074147","1912-09","-35.2","146.0",,"COLOMBO CREEK, AS","5",",a","4",",a","0",",a","19120903",",,a","14.0",",,a,03,","32.8",",,,a"
"ASN00074147","1912-10","-35.2","146.0",,"COLOMBO CREEK, AS","3",",a","3",",a","0",",a","19121004",",,a","23.1",",,a,04,","38.8",",,,a"
"ASN00074147","1912-11","-35.2","146.0",,"COLOMBO CREEK, AS","4",",a","4",",a","3",",a","19121119",",,a","67.3",",,a,19,","164.7",",,,a"
"ASN00074147","1912-12","-35.2","146.0",,"COLOMBO CREEK, AS","4",",a","3",",a","0",",a","19121204",",,a","10.7",",,a,04,","22.9",",,,a"
"ASN00074147","1913-01","-35.2","146.0",,"COLOMBO CREEK, AS","1",",a","1",",a","0",",a","19130103",",,a","14.2",",,a,03,","14.2",",,,a"
"ASN00074147","1913-02","-35.2","146.0",,"COLOMBO CREEK, AS","2",",a","2",",a","0",",a","19130214",",,a","8.9",",,a,14,","11.9",",,,a"
"ASN00074147","1913-03","-35.2","146.0",,"COLOMBO CREEK, AS","8",",a","8",",a","0",",a","19130310",",,a","13.0",",,a,10,","49.2",",,,a"
"ASN00074147","1913-04","-35.2","146.0",,"COLOMBO CREEK, AS","1",",a","1",",a","0",",a","19130423",",,a","3.8",",,a,23,","3.8",",,,a"
"ASN00074147","1913-05","-35.2","146.0",,"COLOMBO CREEK, AS","6",",a","5",",a","1",",a","19130502",",,a","39.4",",,a,02,","78.5",",,,a"
"ASN00074147","1913-06","-35.2","146.0",,"COLOMBO CREEK, AS","5",",a","5",",a","0",",a","19130625",",,a","21.8",",,a,25,","56.6",",,,a"
"ASN00074147","1913-07","-35.2","146.0",,"COLOMBO CREEK, AS","2",",a","2",",a","0",",a","19130716",",,a","5.3",",,a,16,","8.6",",,,a"
"ASN00074147","1913-08","-35.2","146.0",,"COLOMBO CREEK, AS","5",",a","3",",a","0",",a","19130816",",,a","5.1",",,a,16,","13.7",",,,a"
"ASN00074147","1913-09","-35.2","146.0",,"COLOMBO CREEK, AS","10",",a","5",",a","0",",a","19130913",",,a","13.2",",,a,13,","45.4",",,,a"
"ASN00074147","1913-10","-35.2","146.0",,"COLOMBO CREEK, AS","6",",a","5",",a","0",",a","19131028",",,a","10.2",",,a,28,","27.1",",,,a"
"ASN00074147","1913-11","-35.2","146.0",,"COLOMBO CREEK, AS","1",",a","1",",a","0",",a","19131113",",,a","6.4",",,a,13,","6.4",",,,a"
"ASN00074147","1913-12","-35.2","146.0",,"COLOMBO CREEK, AS","0",",a","0",",a","0",",a","19131231","+,,a","0.0",",,a,31,+","0.0",",,,a"
"ASN00074147","1914-01","-35.2","146.0",,"COLOMBO CREEK, AS","2",",a","2",",a","0",",a","19140127",",,a","12.2",",,a,27,","18.6",",,,a"
"ASN00074147","1914-02","-35.2","146.0",,"COLOMBO CREEK, AS","0",",a","0",",a","0",",a","19140228","+,,a","0.0",",,a,28,+","0.0",",,,a"
"ASN00074147","1914-03","-35.2","146.0",,"COLOMBO CREEK, AS","3",",a","3",",a","1",",a","19140327",",,a","74.9",",,a,27,","81.2",",,,a"
"ASN00074147","1914-04","-35.2","146.0",,"COLOMBO CREEK, AS","5",",a","5",",a","0",",a","19140421",",,a","8.9",",,a,21,","22.0",",,,a"
"ASN00074147","1914-05","-35.2","146.0",,"COLOMBO CREEK, AS","4",",a","3",",a","1",",a","19140513",",,a","26.7",",,a,13,","37.4",",,,a"
"ASN00074147","1914-06","-35.2","146.0",,"COLOMBO CREEK, AS","3",",a","3",",a","0",",a","19140630",",,a","7.6",",,a,30,","13.1",",,,a"
"ASN00074147","1914-07","-35.2","146.0",,"COLOMBO CREEK, AS","2",",a","2",",a","0",",a","19140727",",,a","4.1",",,a,27,","6.6",",,,a"
"ASN00074147","1914-08","-35.2","146.0",,"COLOMBO CREEK, AS","2",",a","1",",a","0",",a","19140823",",,a","3.6",",,a,23,","5.4",",,,a"
"ASN00074147","1914-09","-35.2","146.0",,"COLOMBO CREEK, AS","1",",a","0",",a","0",",a","19140901",",,a","1.3",",,a,01,","1.3",",,,a"
"ASN00074147","1914-10","-35.2","146.0",,"COLOMBO CREEK, AS","0",",a","0",",a","0",",a","19141031","+,,a","0.0",",,a,31,+","0.0",",,,a"
"ASN00074147","1914-11","-35.2","146.0",,"COLOMBO CREEK, AS","2",",a","2",",a","0",",a","19141115",",,a","6.4",",,a,15,","8.9",",,,a"
"ASN00074147","1915-01","-35.2","146.0",,"COLOMBO CREEK, AS","3",",a","1",",a","0",",a","19150131",",,a","6.6",",,a,31,","10.7",",,,a"
"ASN00074147","1915-02","-35.2","146.0",,"COLOMBO CREEK, AS","2",",a","1",",a","0",",a","19150220",",,a","2.5",",,a,20,","4.0",",,,a"
"ASN00074147","1915-03","-35.2","146.0",,"COLOMBO CREEK, AS","2",",a","2",",a","0",",a","19150331",",,a","19.3",",,a,31,","26.7",",,,a"
"ASN00074147","1916-01","-35.2","146.0",,"COLOMBO CREEK, AS","1",",a","1",",a","0",",a","19160129",",,a","8.9",",,a,29,","8.9",",,,a"
"ASN00074147","1916-02","-35.2","146.0",,"COLOMBO CREEK, AS","3",",a","3",",a","0",",a","19160225",",,a","12.7",",,a,25,","22.6",",,,a"
"ASN00074147","1916-03","-35.2","146.0",,"COLOMBO CREEK, AS","1",",a","1",",a","0",",a","19160307",",,a","7.9",",,a,07,","7.9",",,,a"
"ASN00074147","1916-04","-35.2","146.0",,"COLOMBO CREEK, AS","5",",a","3",",a","0",",a","19160411",",,a","6.1",",,a,11,","16.0",",,,a"
"ASN00074147","1916-05","-35.2","146.0",,"COLOMBO CREEK, AS","2",",a","2",",a","0",",a","19160515",",,a","10.2",",,a,15,","13.0",",,,a"
"ASN00074147","1916-06","-35.2","146.0",,"COLOMBO CREEK, AS","14",",a","11",",a","0",",a","19160629",",,a","11.4",",,a,29,","72.9",",,,a"
"ASN00074147","1916-07","-35.2","146.0",,"COLOMBO CREEK, AS","7",",a","7",",a","1",",a","19160708",",,a","33.3",",,a,08,","72.2",",,,a"
"ASN00074147","1916-08","-35.2","146.0",,"COLOMBO CREEK, AS","10",",a","8",",a","0",",a","19160816",",,a","10.2",",,a,16,","45.0",",,,a"
"ASN00074147","1916-09","-35.2","146.0",,"COLOMBO CREEK, AS","6",",a","4",",a","1",",a","19160924",",,a","30.5",",,a,24,","78.3",",,,a"
"ASN00074147","1916-10","-35.2","146.0",,"COLOMBO CREEK, AS","8",",a","4",",a","0",",a","19161023",",,a","16.5",",,a,23,","45.7",",,,a"
"ASN00074147","1916-11","-35.2","146.0",,"COLOMBO CREEK, AS","7",",a","7",",a","1",",a","19161125",",,a","25.4",",,a,25,","77.5",",,,a"
"ASN00074147","1916-12","-35.2","146.0",,"COLOMBO CREEK, AS","4",",a","4",",a","1",",a","19161202",",,a","25.4",",,a,02,","94.0",",,,a"
"ASN00074147","1917-01","-35.2","146.0",,"COLOMBO CREEK, AS","2",",a","2",",a","0",",a","19170123",",,a","10.2",",,a,23,","16.0",",,,a"
"ASN00074147","1917-02","-35.2","146.0",,"COLOMBO CREEK, AS","2",",a","2",",a","0",",a","19170223",",,a","12.7",",,a,23,","19.1",",,,a"
"ASN00074147","1917-03","-35.2","146.0",,"COLOMBO CREEK, AS","2",",a","2",",a","0",",a","19170323",",,a","3.3",",,a,23,","6.3",",,,a"
"ASN00074147","1917-04","-35.2","146.0",,"COLOMBO CREEK, AS","1",",a","1",",a","0",",a","19170407",",,a","10.2",",,a,07,","10.2",",,,a"
"ASN00074147","1917-05","-35.2","146.0",,"COLOMBO CREEK, AS","5",",a","3",",a","0",",a","19170524",",,a","6.1",",,a,24,","19.8",",,,a"
"ASN00074147","1917-06","-35.2","146.0",,"COLOMBO CREEK, AS","8",",a","7",",a","1",",a","19170611",",,a","31.8",",,a,11,","66.4",",,,a"
"ASN00074147","1917-07","-35.2","146.0",,"COLOMBO CREEK, AS","7",",a","7",",a","0",",a","19170728",",,a","11.4",",,a,28,","49.2",",,,a"
"ASN00074147","1917-08","-35.2","146.0",,"COLOMBO CREEK, AS","8",",a","5",",a","0",",a","19170819",",,a","18.8",",,a,19,","45.3",",,,a"
"ASN00074147","1917-09","-35.2","146.0",,"COLOMBO CREEK, AS","5",",a","5",",a","0",",a","19170917",",,a","24.4",",,a,17,","48.8",",,,a"
"ASN00074147","1917-10","-35.2","146.0",,"COLOMBO CREEK, AS","6",",a","5",",a","1",",a","19171005",",,a","67.3",",,a,05,","103.0",",,,a"
"ASN00074147","1917-11","-35.2","146.0",,"COLOMBO CREEK, AS","6",",a","6",",a","0",",a","19171115",",,a","22.9",",,a,15,","71.7",",,,a"
"ASN00074147","1917-12","-35.2","146.0",,"COLOMBO CREEK, AS","2",",a","2",",a","0",",a","19171212",",,a","17.0",",,a,12,","25.1",",,,a"
"ASN00074147","1918-01","-35.2","146.0",,"COLOMBO CREEK, AS","4",",a","4",",a","1",",a","19180113",",,a","63.5",",,a,13,","99.8",",,,a"
"ASN00074147","1918-02","-35.2","146.0",,"COLOMBO CREEK, AS","2",",a","2",",a","1",",a","19180220",",,a","34.3",",,a,20,","50.3",",,,a"
"ASN00074147","1918-03","-35.2","146.0",,"COLOMBO CREEK, AS","3",",a","3",",a","0",",a","19180305",",,a","14.0",",,a,05,","22.6",",,,a"
"ASN00074147","1918-04","-35.2","146.0",,"COLOMBO CREEK, AS","4",",a","4",",a","0",",a","19180426","+,,a","10.2",",,a,26,+","25.4",",,,a"
"ASN00074147","1918-05","-35.2","146.0",,"COLOMBO CREEK, AS","6",",a","5",",a","2",",a","19180516",",,a","41.4",",,a,16,","107.4",",,,a"
"ASN00074147","1918-06","-35.2","146.0",,"COLOMBO CREEK, AS","6",",a","4",",a","0",",a","19180619",",,a","12.7",",,a,19,","32.5",",,,a"
"ASN00074147","1918-07","-35.2","146.0",,"COLOMBO CREEK, AS","3",",a","2",",a","0",",a","19180709",",,a","7.6",",,a,09,","14.0",",,,a"
"ASN00074147","1918-08","-35.2","146.0",,"COLOMBO CREEK, AS","9",",a","8",",a","0",",a","19180821",",,a","20.3",",,a,21,","63.4",",,,a"
"ASN00074147","1918-09","-35.2","146.0",,"COLOMBO CREEK, AS","1",",a","1",",a","0",",a","19180903",",,a","8.4",",,a,03,","8.4",",,,a"
"ASN00074147","1918-10","-35.2","146.0",,"COLOMBO CREEK, AS","2",",a","2",",a","0",",a","19181008",",,a","6.4",",,a,08,","11.0",",,,a"
"ASN00074147","1918-11","-35.2","146.0",,"COLOMBO CREEK, AS","0",",a","0",",a","0",",a","19181130","+,,a","0.0",",,a,30,+","0.0",",,,a"
"ASN00074147","1918-12","-35.2","146.0",,"COLOMBO CREEK, AS","1",",a","1",",a","0",",a","19181224",",,a","4.3",",,a,24,","4.3",",,,a"
"ASN00074147","1919-01","-35.2","146.0",,"COLOMBO CREEK, AS","0",",a","0",",a","0",",a","19190131","+,,a","0.0",",,a,31,+","0.0",",,,a"
"ASN00074147","1919-02","-35.2","146.0",,"COLOMBO CREEK, AS","2",",a","2",",a","1",",a","19190218",",,a","25.4",",,a,18,","30.0",",,,a"
"ASN00074147","1919-03","-35.2","146.0",,"COLOMBO CREEK, AS","2",",a","2",",a","0",",a","19190305",",,a","9.4",",,a,05,","12.7",",,,a"
"ASN00074147","1919-04","-35.2","146.0",,"COLOMBO CREEK, AS","4",",a","2",",a","1",",a","19190407",",,a","25.4",",,a,07,","34.6",",,,a"
"ASN00074147","1919-05","-35.2","146.0",,"COLOMBO CREEK, AS","5",",a","5",",a","0",",a","19190523",",,a","15.7",",,a,23,","44.9",",,,a"
"ASN00074147","1919-06","-35.2","146.0",,"COLOMBO CREEK, AS","5",",a","2",",a","0",",a","19190616",",,a","7.6",",,a,16,","17.5",",,,a"
"ASN00074147","1919-07","-35.2","146.0",,"COLOMBO CREEK, AS","1",",a","1",",a","0",",a","19190713",",,a","8.4",",,a,13,","8.4",",,,a"
"ASN00074147","1919-08","-35.2","146.0",,"COLOMBO CREEK, AS","5",",a","4",",a","0",",a","19190825",",,a","7.6",",,a,25,","18.0",",,,a"
"ASN00074147","1919-09","-35.2","146.0",,"COLOMBO CREEK, AS","6",",a","3",",a","0",",a","19190904",",,a","23.1",",,a,04,","34.0",",,,a"
"ASN00074147","1919-10","-35.2","146.0",,"COLOMBO CREEK, AS","3",",a","2",",a","0",",a","19191015",",,a","14.0",",,a,15,","24.4",",,,a"
"ASN00074147","1919-11","-35.2","146.0",,"COLOMBO CREEK, AS","2",",a","2",",a","0",",a","19191113",",,a","5.6",",,a,13,","9.4",",,,a"
"ASN00074147","1919-12","-35.2","146.0",,"COLOMBO CREEK, AS","4",",a","4",",a","1",",a","19191228",",,a","36.3",",,a,28,","55.1",",,,a"
"ASN00074147","1920-02","-35.2","146.0",,"COLOMBO CREEK, AS","0",",a","0",",a","0",",a","19200229","+,,a","0.0",",,a,29,+","0.0",",,,a"
"ASN00074147","1920-03","-35.2","146.0",,"COLOMBO CREEK, AS","0",",a","0",",a","0",",a","19200331","+,,a","0.0",",,a,31,+","0.0",",,,a"
"ASN00074147","1920-04","-35.2","146.0",,"COLOMBO CREEK, AS","3",",a","3",",a","0",",a","19200413",",,a","11.2",",,a,13,","19.8",",,,a"
"ASN00074147","1920-05","-35.2","146.0",,"COLOMBO CREEK, AS","2",",a","1",",a","0",",a","19200510",",,a","3.8",",,a,10,","5.1",",,,a"
"ASN00074147","1920-06","-35.2","146.0",,"COLOMBO CREEK, AS","8",",a","7",",a","0",",a","19200602",",,a","9.1",",,a,02,","36.5",",,,a"
"ASN00074147","1920-07","-35.2","146.0",,"COLOMBO CREEK, AS","8",",a","5",",a","2",",a","19200701",",,a","42.4",",,a,01,","91.6",",,,a"
"ASN00074147","1920-08","-35.2","146.0",,"COLOMBO CREEK, AS","10",",a","8",",a","1",",a","19200824",",,a","30.5",",,a,24,","86.2",",,,a"
"ASN00074147","1920-09","-35.2","146.0",,"COLOMBO CREEK, AS","10",",a","8",",a","0",",a","19200907",",,a","18.3",",,a,07,","64.4",",,,a"
"ASN00074147","1920-10","-35.2","146.0",,"COLOMBO CREEK, AS","5",",a","5",",a","0",",a","19201012",",,a","15.2",",,a,12,","28.6",",,,a"
"ASN00074147","1920-11","-35.2","146.0",,"COLOMBO CREEK, AS","2",",a","2",",a","0",",a","19201117",",,a","22.1",",,a,17,","34.0",",,,a"
"ASN00074147","1920-12","-35.2","146.0",,"COLOMBO CREEK, AS","3",",a","3",",a","0",",a","19201201",",,a","17.8",",,a,01,","27.9",",,,a"
"ASN00074147","1921-01","-35.2","146.0",,"COLOMBO CREEK, AS","2",",a","2",",a","0",",a","19210110",",,a","13.5",",,a,10,","22.4",",,,a"
"ASN00074147","1921-02","-35.2","146.0",,"COLOMBO CREEK, AS","5",",a","4",",a","0",",a","19210222",",,a","24.1",",,a,22,","66.0",",,,a"
"ASN00074147","1921-03","-35.2","146.0",,"COLOMBO CREEK, AS","3",",a","2",",a","0",",a","19210316",",,a","21.6",",,a,16,","24.9",",,,a"
"ASN00074147","1921-04","-35.2","146.0",,"COLOMBO CREEK, AS","4",",a","3",",a","0",",a","19210408",",,a","24.9",",,a,08,","46.0",",,,a"
"ASN00074147","1921-05","-35.2","146.0",,"COLOMBO CREEK, AS","8",",a","7",",a","0",",a","19210530",",,a","17.3",",,a,30,","38.2",",,,a"
"ASN00074147","1921-06","-35.2","146.0",,"COLOMBO CREEK, AS","4",",a","2",",a","2",",a","19210609",",,a","61.0",",,a,09,","91.3",",,,a"
"ASN00074147","1921-07","-35.2","146.0",,"COLOMBO CREEK, AS","5",",a","5",",a","0",",a","19210729",",,a","8.9",",,a,29,","27.7",",,,a"
"ASN00074147","1921-08","-35.2","146.0",,"COLOMBO CREEK, AS","5",",a","5",",a","0",",a","19210823",",,a","11.4",",,a,23,","33.8",",,,a"
"ASN00074147","1921-09","-35.2","146.0",,"COLOMBO CREEK, AS","7",",a","5",",a","1",",a","19210910",",,a","27.9",",,a,10,","62.1",",,,a"
"ASN00074147","1921-10","-35.2","146.0",,"COLOMBO CREEK, AS","4",",a","4",",a","0",",a","19211021",",,a","18.8",",,a,21,","47.7",",,,a"
"ASN00074147","1921-11","-35.2","146.0",,"COLOMBO CREEK, AS","0",",a","0",",a","0",",a","19211130","+,,a","0.0",",,a,30,+","0.0",",,,a"
"ASN00074147","1921-12","-35.2","146.0",,"COLOMBO CREEK, AS","3",",a","3",",a","1",",a","19211223",",,a","31.8",",,a,23,","57.8",",,,a"
"ASN00074147","1922-01","-35.2","146.0",,"COLOMBO CREEK, AS","2",",a","2",",a","0",",a","19220113",",,a","20.8",",,a,13,","24.6",",,,a"
"ASN00074147","1922-02","-35.2","146.0",,"COLOMBO CREEK, AS","2",",a","2",",a","0",",a","19220222",",,a","12.4",",,a,22,","15.7",",,,a"
"ASN00074147","1922-03","-35.2","146.0",,"COLOMBO CREEK, AS","0",",a","0",",a","0",",a","19220331","+,,a","0.0",",,a,31,+","0.0",",,,a"
"ASN00074147","1922-04","-35.2","146.0",,"COLOMBO CREEK, AS","2",",a","2",",a","0",",a","19220426",",,a","20.6",",,a,26,","24.2",",,,a"
"ASN00074147","1922-05","-35.2","146.0",,"COLOMBO CREEK, AS","4",",a","3",",a","0",",a","19220508",",,a","7.1",",,a,08,","14.1",",,,a"
"ASN00074147","1922-06","-35.2","146.0",,"COLOMBO CREEK, AS","4",",a","3",",a","0",",a","19220629","+,,a","2.5",",,a,29,+","8.8",",,,a"
"ASN00074147","1922-07","-35.2","146.0",,"COLOMBO CREEK, AS","7",",a","4",",a","0",",a","19220716",",,a","19.1",",,a,16,","39.5",",,,a"
"ASN00074147","1922-08","-35.2","146.0",,"COLOMBO CREEK, AS","5",",a","4",",a","0",",a","19220818",",,a","17.0",",,a,18,","31.2",",,,a"
"ASN00074147","1922-09","-35.2","146.0",,"COLOMBO CREEK, AS","7",",a","6",",a","0",",a","19220927",",,a","10.2",",,a,27,","41.1",",,,a"
"ASN00074147","1922-10","-35.2","146.0",,"COLOMBO CREEK, AS","3",",a","3",",a","1",",a","19221001",",,a","31.8",",,a,01,","39.4",",,,a"
"ASN00074147","1922-11","-35.2","146.0",,"COLOMBO CREEK, AS","0",",a","0",",a","0",",a","19221130","+,,a","0.0",",,a,30,+","0.0",",,,a"
"ASN00074147","1922-12","-35.2","146.0",,"COLOMBO CREEK, AS","4",",a","4",",a","0",",a","19221231","+,,a","10.2",",,a,31,+","28.0",",,,a"
"ASN00074147","1923-01","-35.2","146.0",,"COLOMBO CREEK, AS","0",",a","0",",a","0",",a","19230131","+,,a","0.0",",,a,31,+","0.0",",,,a"
"ASN00074147","1923-02","-35.2","146.0",,"COLOMBO CREEK, AS","0",",a","0",",a","0",",a","19230228","+,,a","0.0",",,a,28,+","0.0",",,,a"
"ASN00074147","1923-03","-35.2","146.0",,"COLOMBO CREEK, AS","0",",a","0",",a","0",",a","19230331","+,,a","0.0",",,a,31,+","0.0",",,,a"
"ASN00074147","1923-04","-35.2","146.0",,"COLOMBO CREEK, AS","0",",a","0",",a","0",",a","19230430","+,,a","0.0",",,a,30,+","0.0",",,,a"
"ASN00074147","1923-05","-35.2","146.0",,"COLOMBO CREEK, AS","6",",a","4",",a","0",",a","19230508",",,a","16.5",",,a,08,","33.5",",,,a"
"ASN00074147","1923-06","-35.2","146.0",,"COLOMBO CREEK, AS","15",",a","14",",a","1",",a","19230604",",,a","29.2",",,a,04,","109.6",",,,a"
"ASN00074147","1923-07","-35.2","146.0",,"COLOMBO CREEK, AS","14",",a","14",",a","0",",a","19230724",",,a","13.2",",,a,24,","87.3",",,,a"
"ASN00074147","1923-08","-35.2","146.0",,"COLOMBO CREEK, AS","0",",a","0",",a","0",",a","19230831","+,,a","0.0",",,a,31,+","0.0",",,,a"
"ASN00074147","1923-09","-35.2","146.0",,"COLOMBO CREEK, AS","5",",a","4",",a","1",",a","19230904",",,a","26.7",",,a,04,","44.4",",,,a"
"ASN00074147","1923-10","-35.2","146.0",,"COLOMBO CREEK, AS","4",",a","4",",a","0",",a","19231001",",,a","12.7",",,a,01,","36.8",",,,a"
"ASN00074147","1923-11","-35.2","146.0",,"COLOMBO CREEK, AS","1",",a","1",",a","0",",a","19231105",",,a","5.8",",,a,05,","5.8",",,,a"
"ASN00074147","1923-12","-35.2","146.0",,"COLOMBO CREEK, AS","6",",a","6",",a","0",",a","19231204",",,a","12.7",",,a,04,","40.9",",,,a"
"ASN00074147","1924-01","-35.2","146.0",,"COLOMBO CREEK, AS","3",",a","3",",a","0",",a","19240121",",,a","14.0",",,a,21,","32.1",",,,a"
"ASN00074147","1924-02","-35.2","146.0",,"COLOMBO CREEK, AS","3",",a","3",",a","0",",a","19240206",",,a","21.1",",,a,06,","40.9",",,,a"
"ASN00074147","1924-03","-35.2","146.0",,"COLOMBO CREEK, AS","4",",a","4",",a","0",",a","19240327",",,a","20.6",",,a,27,","41.9",",,,a"
"ASN00074147","1924-04","-35.2","146.0",,"COLOMBO CREEK, AS","3",",a","3",",a","1",",a","19240409",",,a","27.9",",,a,09,","42.7",",,,a"
"ASN00074147","1924-05","-35.2","146.0",,"COLOMBO CREEK, AS","3",",a","3",",a","0",",a","19240514",",,a","10.9",",,a,14,","24.1",",,,a"
"ASN00074147","1924-06","-35.2","146.0",,"COLOMBO CREEK, AS","9",",a","8",",a","0",",a","19240615",",,a","9.9",",,a,15,","42.9",",,,a"
"ASN00074147","1924-07","-35.2","146.0",,"COLOMBO CREEK, AS","1",",a","1",",a","0",",a","19240722",",,a","13.2",",,a,22,","13.2",",,,a"
"ASN00074147","1924-08","-35.2","146.0",,"COLOMBO CREEK, AS","7",",a","5",",a","1",",a","19240826",",,a","25.4",",,a,26,","65.6",",,,a"
"ASN00074147","1924-09","-35.2","146.0",,"COLOMBO CREEK, AS","6",",a","6",",a","0",",a","19240920",",,a","13.2",",,a,20,","32.0",",,,a"
"ASN00074147","1924-10","-35.2","146.0",,"COLOMBO CREEK, AS","6",",a","4",",a","0",",a","19241006",",,a","11.4",",,a,06,","35.3",",,,a"
"ASN00074147","1924-11","-35.2","146.0",,"COLOMBO CREEK, AS","6",",a","6",",a","0",",a","19241107",",,a","16.0",",,a,07,","63.3",",,,a"
"ASN00074147","1924-12","-35.2","146.0",,"COLOMBO CREEK, AS","5",",a","5",",a","1",",a","19241216",",,a","36.8",",,a,16,","62.8",",,,a"
"ASN00074147","1925-01","-35.2","146.0",,"COLOMBO CREEK, AS","3",",a","3",",a","2",",a","19250115",",,a","35.6",",,a,15,","81.3",",,,a"
"ASN00074147","1925-02","-35.2","146.0",,"COLOMBO CREEK, AS","2",",a","2",",a","0",",a","19250207",",,a","19.8",",,a,07,","35.0",",,,a"
"ASN00074147","1925-03","-35.2","146.0",,"COLOMBO CREEK, AS","1",",a","1",",a","0",",a","19250322",",,a","20.3",",,a,22,","20.3",",,,a"
"ASN00074147","1925-04","-35.2","146.0",,"COLOMBO CREEK, AS","1",",a","1",",a","0",",a","19250417",",,a","2.5",",,a,17,","2.5",",,,a"
"ASN00074147","1925-05","-35.2","146.0",,"COLOMBO CREEK, AS","8",",a","6",",a","1",",a","19250511",",,a","31.8",",,a,11,","80.5",",,,a"
"ASN00074147","1925-06","-35.2","146.0",,"COLOMBO CREEK, AS","5",",a","5",",a","1",",a","19250620",",,a","25.9",",,a,20,","46.2",",,,a"
"ASN00074147","1925-07","-35.2","146.0",,"COLOMBO CREEK, AS","4",",a","2",",a","0",",a","19250711",",,a","12.7",",,a,11,","18.5",",,,a"
"ASN00074147","1925-08","-35.2","146.0",,"COLOMBO CREEK, AS","4",",a","4",",a","0",",a","19250818",",,a","12.2",",,a,18,","33.8",",,,a"
"ASN00074147","1925-09","-35.2","146.0",,"COLOMBO CREEK, AS","4",",a","3",",a","0",",a","19250911",",,a","7.6",",,a,11,","21.4",",,,a"
"ASN00074147","1925-10","-35.2","146.0",,"COLOMBO CREEK, AS","1",",a","1",",a","0",",a","19251030",",,a","12.7",",,a,30,","12.7",",,,a"
"ASN00074147","1925-11","-35.2","146.0",,"COLOMBO CREEK, AS","3",",a","3",",a","0",",a","19251119",",,a","15.2",",,a,19,","23.6",",,,a"
"ASN00074147","1925-12","-35.2","146.0",,"COLOMBO CREEK, AS","0",",a","0",",a","0",",a","19251231","+,,a","0.0",",,a,31,+","0.0",",,,a"
"ASN00074147","1926-01","-35.2","146.0",,"COLOMBO CREEK, AS","2",",a","2",",a","0",",a","19260108",",,a","6.1",",,a,08,","11.7",",,,a"
"ASN00074147","1926-02","-35.2","146.0",,"COLOMBO CREEK, AS","0",",a","0",",a","0",",a","19260228","+,,a","0.0",",,a,28,+","0.0",",,,a"
"ASN00074147","1926-03","-35.2","146.0",,"COLOMBO CREEK, AS","3",",a","2",",a","1",",a","19260321",",,a","34.5",",,a,21,","39.6",",,,a"
"ASN00074147","1926-04","-35.2","146.0",,"COLOMBO CREEK, AS","7",",a","7",",a","1",",a","19260406",",,a","34.3",",,a,06,","114.8",",,,a"
"ASN00074147","1926-05","-35.2","146.0",,"COLOMBO CREEK, AS","6",",a","6",",a","0",",a","19260511","+,,a","10.2",",,a,11,+","38.6",",,,a"
"ASN00074147","1926-06","-35.2","146.0",,"COLOMBO CREEK, AS","4",",a","2",",a","1",",a","19260623",",,a","33.0",",,a,23,","41.6",",,,a"
"ASN00074147","1926-07","-35.2","146.0",,"COLOMBO CREEK, AS","5",",a","4",",a","0",",a","19260712",",,a","7.6",",,a,12,","22.6",",,,a"
"ASN00074147","1926-08","-35.2","146.0",,"COLOMBO CREEK, AS","6",",a","5",",a","0",",a","19260829",",,a","21.6",",,a,29,","44.5",",,,a"
"ASN00074147","1926-09","-35.2","146.0",,"COLOMBO CREEK, AS","3",",a","3",",a","0",",a","19260930",",,a","14.0",",,a,30,","27.5",",,,a"
"ASN00074147","1926-10","-35.2","146.0",,"COLOMBO CREEK, AS","6",",a","5",",a","0",",a","19261026",",,a","17.3",",,a,26,","43.0",",,,a"
"ASN00074147","1926-11","-35.2","146.0",,"COLOMBO CREEK, AS","1",",a","1",",a","0",",a","19261122",",,a","2.5",",,a,22,","2.5",",,,a"
"ASN00074147","1926-12","-35.2","146.0",,"COLOMBO CREEK, AS","1",",a","1",",a","0",",a","19261218",",,a","10.2",",,a,18,","10.2",",,,a"
"ASN00074147","1927-01","-35.2","146.0",,"COLOMBO CREEK, AS","2",",a","2",",a","0",",a","19270106",",,a","14.2",",,a,06,","19.3",",,,a"
"ASN00074147","1927-02","-35.2","146.0",,"COLOMBO CREEK, AS","2",",a","2",",a","0",",a","19270225","+,,a","5.1",",,a,25,+","10.2",",,,a"
"ASN00074147","1927-03","-35.2","146.0",,"COLOMBO CREEK, AS","0",",a","0",",a","0",",a","19270331","+,,a","0.0",",,a,31,+","0.0",",,,a"
"ASN00074147","1927-04","-35.2","146.0",,"COLOMBO CREEK, AS","0",",a","0",",a","0",",a","19270430","+,,a","0.0",",,a,30,+","0.0",",,,a"
"ASN00074147","1927-05","-35.2","146.0",,"COLOMBO CREEK, AS","3",",a","2",",a","0",",a","19270511",",,a","14.0",",,a,11,","24.2",",,,a"
"ASN00074147","1927-06","-35.2","146.0",,"COLOMBO CREEK, AS","3",",a","1",",a","0",",a","19270619",",,a","3.6",",,a,19,","7.9",",,,a"
"ASN00074147","1927-07","-35.2","146.0",,"COLOMBO CREEK, AS","5",",a","5",",a","0",",a","19270722",",,a","8.1",",,a,22,","27.7",",,,a"
"ASN00074147","1927-08","-35.2","146.0",,"COLOMBO CREEK, AS","6",",a","6",",a","0",",a","19270805",",,a","10.2",",,a,05,","37.2",",,,a"
"ASN00074147","1927-09","-35.2","146.0",,"COLOMBO CREEK, AS","4",",a","2",",a","0",",a","19270930",",,a","16.5",",,a,30,","24.4",",,,a"
"ASN00074147","1927-10","-35.2","146.0",,"COLOMBO CREEK, AS","6",",a","5",",a","0",",a","19271002",",,a","18.5",",,a,02,","63.2",",,,a"
"ASN00074147","1927-11","-35.2","146.0",,"COLOMBO CREEK, AS","1",",a","1",",a","0",",a","19271105",",,a","2.5",",,a,05,","2.5",",,,a"
"ASN00074147","1927-12","-35.2","146.0",,"COLOMBO CREEK, AS","0",",a","0",",a","0",",a","19271231","+,,a","0.0",",,a,31,+","0.0",",,,a"
"ASN00074147","1928-01","-35.2","146.0",,"COLOMBO CREEK, AS","6",",a","6",",a","0",",a","19280119",",,a","24.6",",,a,19,","72.6",",,,a"
"ASN00074147","1928-02","-35.2","146.0",,"COLOMBO CREEK, AS","5",",a","5",",a","0",",a","19280213",",,a","16.5",",,a,13,","45.8",",,,a"
"ASN00074147","1928-03","-35.2","146.0",,"COLOMBO CREEK, AS","7",",a","7",",a","1",",a","19280314",",,a","29.5",",,a,14,","56.4",",,,a"
"ASN00074147","1928-04","-35.2","146.0",,"COLOMBO CREEK, AS","3",",a","3",",a","0",",a","19280404",",,a","16.5",",,a,04,","22.0",",,,a"
"ASN00074147","1928-05","-35.2","146.0",,"COLOMBO CREEK, AS","5",",a","5",",a","0",",a","19280511",",,a","10.9",",,a,11,","29.1",",,,a"
"ASN00074147","1928-06","-35.2","146.0",,"COLOMBO CREEK, AS","3",",a","2",",a","0",",a","19280602",",,a","10.9",",,a,02,","19.3",",,,a"
"ASN00074147","1928-07","-35.2","146.0",,"COLOMBO CREEK, AS","4",",a","4",",a","0",",a","19280706",",,a","7.6",",,a,06,","22.1",",,,a"
"ASN00074147","1928-08","-35.2","146.0",,"COLOMBO CREEK, AS","1",",a","1",",a","0",",a","19280818",",,a","4.6",",,a,18,","4.6",",,,a"
"ASN00074147","1928-09","-35.2","146.0",,"COLOMBO CREEK, AS","3",",a","3",",a","0",",a","19280913",",,a","7.6",",,a,13,","15.5",",,,a"
"ASN00074147","1928-10","-35.2","146.0",,"COLOMBO CREEK, AS","5",",a","4",",a","0",",a","19281003",",,a","10.2",",,a,03,","29.5",",,,a"
"ASN00074147","1928-11","-35.2","146.0",,"COLOMBO CREEK, AS","0",",a","0",",a","0",",a","19281130","+,,a","0.0",",,a,30,+","0.0",",,,a"
"ASN00074147","1928-12","-35.2","146.0",,"COLOMBO CREEK, AS","0",",a","0",",a","0",",a","19281231","+,,a","0.0",",,a,31,+","0.0",",,,a"
"ASN00074147","1929-01","-35.2","146.0",,"COLOMBO CREEK, AS","0",",a","0",",a","0",",a","19290131","+,,a","0.0",",,a,31,+","0.0",",,,a"
"ASN00074147","1929-11","-35.2","146.0",,"COLOMBO CREEK, AS","2",",a","2",",a","0",",a","19291111",",,a","7.6",",,a,11,","12.7",",,,a"
"ASN00074147","1929-12","-35.2","146.0",,"COLOMBO CREEK, AS","4",",a","4",",a","0",",a","19291227",",,a","16.5",",,a,27,","33.2",",,,a"
"ASN00074147","1930-01","-35.2","146.0",,"COLOMBO CREEK, AS","1",",a","1",",a","0",",a","19300122",",,a","5.6",",,a,22,","5.6",",,,a"
"ASN00074147","1930-02","-35.2","146.0",,"COLOMBO CREEK, AS","0",",a","0",",a","0",",a","19300228","+,,a","0.0",",,a,28,+","0.0",",,,a"
"ASN00074147","1930-03","-35.2","146.0",,"COLOMBO CREEK, AS","2",",a","1",",a","0",",a","19300313",",,a","5.1",",,a,13,","6.6",",,,a"
"ASN00074147","1930-04","-35.2","146.0",,"COLOMBO CREEK, AS","4",",a","4",",a","0",",a","19300424",",,a","15.2",",,a,24,","28.1",",,,a"
"ASN00074147","1930-05","-35.2","146.0",,"COLOMBO CREEK, AS","5",",a","5",",a","0",",a","19300512",",,a","12.7",",,a,12,","33.0",",,,a"
"ASN00074147","1930-06","-35.2","146.0",,"COLOMBO CREEK, AS","5",",a","5",",a","0",",a","19300601",",,a","9.4",",,a,01,","24.8",",,,a"
"ASN00074147","1930-07","-35.2","146.0",,"COLOMBO CREEK, AS","6",",a","4",",a","0",",a","19300703",",,a","11.7",",,a,03,","31.3",",,,a"
"ASN00074147","1930-08","-35.2","146.0",,"COLOMBO CREEK, AS","11",",a","8",",a","0",",a","19300814",",,a","10.7",",,a,14,","49.5",",,,a"
"ASN00074147","1930-09","-35.2","146.0",,"COLOMBO CREEK, AS","2",",a","2",",a","0",",a","19300915","+,,a","3.8",",,a,15,+","7.6",",,,a"
"ASN00074147","1930-10","-35.2","146.0",,"COLOMBO CREEK, AS","9",",a","8",",a","0",",a","19301007",",,a","21.6",",,a,07,","88.6",",,,a"
"ASN00074147","1930-11","-35.2","146.0",,"COLOMBO CREEK, AS","3",",a","3",",a","0",",a","19301117",",,a","18.8",",,a,17,","25.4",",,,a"
"ASN00074147","1930-12","-35.2","146.0",,"COLOMBO CREEK, AS","10",",a","9",",a","1",",a","19301207",",,a","54.6",",,a,07,","147.0",",,,a"
"ASN00074147","1931-01","-35.2","146.0",,"COLOMBO CREEK, AS","2",",a","2",",a","0",",a","19310102",",,a","8.4",",,a,02,","10.9",",,,a"
"ASN00074147","1931-02","-35.2","146.0",,"COLOMBO CREEK, AS","2",",a","1",",a","0",",a","19310214",",,a","5.8",",,a,14,","7.6",",,,a"
"ASN00074147","1931-03","-35.2","146.0",,"COLOMBO CREEK, AS","4",",a","4",",a","2",",a","19310321","+,,a","28.4",",,a,21,+","89.0",",,,a"
"ASN00074147","1931-04","-35.2","146.0",,"COLOMBO CREEK, AS","5",",a","5",",a","0",",a","19310401",",,a","18.3",",,a,01,","58.7",",,,a"
"ASN00074147","1931-05","-35.2","146.0",,"COLOMBO CREEK, AS","8",",a","8",",a","0",",a","19310528","+,,a","18.5",",,a,28,+","85.7",",,,a"
"ASN00074147","1931-06","-35.2","146.0",,"COLOMBO CREEK, AS","10",",a","10",",a","0",",a","19310610",",,a","24.9",",,a,10,","138.5",",,,a"
"ASN00074147","1931-07","-35.2","146.0",,"COLOMBO CREEK, AS","6",",a","5",",a","0",",a","19310712",",,a","13.0",",,a,12,","32.6",",,,a"
"ASN00074147","1931-08","-35.2","146.0",,"COLOMBO CREEK, AS","3",",a","3",",a","0",",a","19310822",",,a","4.6",",,a,22,","10.9",",,,a"
"ASN00074147","1931-09","-35.2","146.0",,"COLOMBO CREEK, AS","5",",a","5",",a","0",",a","19310904",",,a","15.2",",,a,04,","36.4",",,,a"
"ASN00074147","1931-10","-35.2","146.0",,"COLOMBO CREEK, AS","2",",a","2",",a","0",",a","19311018",",,a","17.3",",,a,18,","24.4",",,,a"
"ASN00074147","1931-11","-35.2","146.0",,"COLOMBO CREEK, AS","2",",a","2",",a","1",",a","19311117",",,a","25.4",",,a,17,","29.0",",,,a"
"ASN00074147","1931-12","-35.2","146.0",,"COLOMBO CREEK, AS","2",",a","2",",a","0",",a","19311204",",,a","8.4",",,a,04,","11.7",",,,a"
"ASN00074147","1932-01","-35.2","146.0",,"COLOMBO CREEK, AS","0",",a","0",",a","0",",a","19320131","+,,a","0.0",",,a,31,+","0.0",",,,a"
"ASN00074147","1932-02","-35.2","146.0",,"COLOMBO CREEK, AS","4",",a","4",",a","0",",a","19320208",",,a","10.2",",,a,08,","22.9",",,,a"
"ASN00074147","1932-03","-35.2","146.0",,"COLOMBO CREEK, AS","6",",a","4",",a","1",",a","19320316",",,a","38.9",",,a,16,","77.6",",,,a"
"ASN00074147","1932-04","-35.2","146.0",,"COLOMBO CREEK, AS","7",",a","6",",a","1",",a","19320417",",,a","26.2",",,a,17,","68.1",",,,a"
"ASN00074147","1932-05","-35.2","146.0",,"COLOMBO CREEK, AS","2",",a","2",",a","0",",a","19320520",",,a","7.6",",,a,20,","10.6",",,,a"
"ASN00074147","1932-06","-35.2","146.0",,"COLOMBO CREEK, AS","8",",a","7",",a","0",",a","19320612",",,a","16.0",",,a,12,","57.9",",,,a"
"ASN00074147","1932-07","-35.2","146.0",,"COLOMBO CREEK, AS","7",",a","5",",a","0",",a","19320704",",,a","16.5",",,a,04,","41.6",",,,a"
"ASN00074147","1932-08","-35.2","146.0",,"COLOMBO CREEK, AS","8",",a","5",",a","0",",a","19320829",",,a","20.8",",,a,29,","62.4",",,,a"
"ASN00074147","1932-09","-35.2","146.0",,"COLOMBO CREEK, AS","4",",a","4",",a","0",",a","19320923",",,a","17.8",",,a,23,","45.0",",,,a"
"ASN00074147","1932-10","-35.2","146.0",,"COLOMBO CREEK, AS","3",",a","2",",a","0",",a","19321013",",,a","13.2",",,a,13,","16.7",",,,a"
"ASN00074147","1932-11","-35.2","146.0",,"COLOMBO CREEK, AS","1",",a","1",",a","0",",a","19321114",",,a","24.1",",,a,14,","24.1",",,,a"
"ASN00074147","1932-12","-35.2","146.0",,"COLOMBO CREEK, AS","1",",a","1",",a","0",",a","19321216",",,a","7.1",",,a,16,","7.1",",,,a"
"ASN00074147","1933-01","-35.2","146.0",,"COLOMBO CREEK, AS","5",",a","5",",a","0",",a","19330122",",,a","13.7",",,a,22,","52.5",",,,a"
"ASN00074147","1933-02","-35.2","146.0",,"COLOMBO CREEK, AS","1",",a","1",",a","0",",a","19330205",",,a","10.2",",,a,05,","10.2",",,,a"
"ASN00074147","1933-03","-35.2","146.0",,"COLOMBO CREEK, AS","0",",a","0",",a","0",",a","19330331","+,,a","0.0",",,a,31,+","0.0",",,,a"
"ASN00074147","1933-04","-35.2","146.0",,"COLOMBO CREEK, AS","3",",a","2",",a","0",",a","19330405",",,a","13.2",",,a,05,","21.3",",,,a"
"ASN00074147","1933-05","-35.2","146.0",,"COLOMBO CREEK, AS","7",",a","4",",a","0",",a","19330525",",,a","5.8",",,a,25,","20.3",",,,a"
"ASN00074147","1933-06","-35.2","146.0",,"COLOMBO CREEK, AS","4",",a","3",",a","0",",a","19330623",",,a","15.2",",,a,23,","28.9",",,,a"
"ASN00074147","1933-07","-35.2","146.0",,"COLOMBO CREEK, AS","5",",a","5",",a","0",",a","19330713",",,a","19.3",",,a,13,","39.4",",,,a"
"ASN00074147","1933-08","-35.2","146.0",,"COLOMBO CREEK, AS","5",",a","4",",a","0",",a","19330830",",,a","19.8",",,a,30,","33.2",",,,a"
"ASN00074147","1933-09","-35.2","146.0",,"COLOMBO CREEK, AS","8",",a","7",",a","0",",a","19330901",",,a","17.3",",,a,01,","53.8",",,,a"
"ASN00074147","1933-10","-35.2","146.0",,"COLOMBO CREEK, AS","6",",a","5",",a","0",",a","19331002",",,a","17.0",",,a,02,","36.6",",,,a"
"ASN00074147","1933-11","-35.2","146.0",,"COLOMBO CREEK, AS","5",",a","5",",a","1",",a","19331120",",,a","39.4",",,a,20,","79.8",",,,a"
"ASN00074147","1933-12","-35.2","146.0",,"COLOMBO CREEK, AS","9",",a","8",",a","1",",a","19331205",",,a","25.4",",,a,05,","92.6",",,,a"
"ASN00074147","1934-01","-35.2","146.0",,"COLOMBO CREEK, AS","6",",a","6",",a","0",",a","19340109",",,a","24.9",",,a,09,","52.1",",,,a"
"ASN00074147","1934-02","-35.2","146.0",,"COLOMBO CREEK, AS","3",",a","3",",a","1",",a","19340221",",,a","39.4",",,a,21,","64.8",",,,a"
"ASN00074147","1934-03","-35.2","146.0",,"COLOMBO CREEK, AS","3",",a","3",",a","0",",a","19340316",",,a","15.2",",,a,16,","23.6",",,,a"
"ASN00074147","1934-04","-35.2","146.0",,"COLOMBO CREEK, AS","7",",a","7",",a","0",",a","19340416",",,a","14.2",",,a,16,","49.8",",,,a"
"ASN00074147","1934-05","-35.2","146.0",,"COLOMBO CREEK, AS","0",",a","0",",a","0",",a","19340531","+,,a","0.0",",,a,31,+","0.0",",,,a"
"ASN00074147","1934-06","-35.2","146.0",,"COLOMBO CREEK, AS","4",",a","3",",a","0",",a","19340625",",,a","15.7",",,a,25,","28.4",",,,a"
"ASN00074147","1934-07","-35.2","146.0",,"COLOMBO CREEK, AS","9",",a","5",",a","0",",a","19340724",",,a","21.6",",,a,24,","74.2",",,,a"
"ASN00074147","1934-08","-35.2","146.0",,"COLOMBO CREEK, AS","8",",a","5",",a","0",",a","19340829",",,a","14.0",",,a,29,","47.0",",,,a"
"ASN00074147","1934-10","-35.2","146.0",,"COLOMBO CREEK, AS","10",",a","10",",a","1",",a","19341025",",,a","26.7",",,a,25,","113.0",",,,a"
"ASN00074147","1934-11","-35.2","146.0",,"COLOMBO CREEK, AS","7",",a","5",",a","0",",a","19341130",",,a","14.5",",,a,30,","45.3",",,,a"
"ASN00074147","1934-12","-35.2","146.0",,"COLOMBO CREEK, AS","1",",a","1",",a","0",",a","19341201",",,a","14.0",",,a,01,","14.0",",,,a"
"ASN00074147","1935-01","-35.2","146.0",,"COLOMBO CREEK, AS","4",",a","3",",a","0",",a","19350105",",,a","17.0",",,a,05,","33.5",",,,a"
"ASN00074147","1935-02","-35.2","146.0",,"COLOMBO CREEK, AS","4",",a","2",",a","0",",a","19350209",",,a","24.1",",,a,09,","32.0",",,,a"
"ASN00074147","1935-03","-35.2","146.0",,"COLOMBO CREEK, AS","3",",a","3",",a","0",",a","19350313",",,a","4.8",",,a,13,","11.1",",,,a"
"ASN00074147","1935-04","-35.2","146.0",,"COLOMBO CREEK, AS","10",",a","10",",a","0",",a","19350413",",,a","24.1",",,a,13,","100.3",",,,a"
"ASN00074147","1935-05","-35.2","146.0",,"COLOMBO CREEK, AS","3",",a","2",",a","0",",a","19350519","+,,a","2.5",",,a,19,+","6.8",",,,a"
"ASN00074147","1935-06","-35.2","146.0",,"COLOMBO CREEK, AS","5",",a","3",",a","0",",a","19350607",",,a","7.6",",,a,07,","17.8",",,,a"
"ASN00074147","1935-07","-35.2","146.0",,"COLOMBO CREEK, AS","8",",a","7",",a","0",",a","19350713",",,a","22.4",",,a,13,","75.5",",,,a"
"ASN00074147","1935-08","-35.2","146.0",,"COLOMBO CREEK, AS","5",",a","3",",a","0",",a","19350831",",,a","7.9",",,a,31,","22.2",",,,a"
"ASN00074147","1935-10","-35.2","146.0",,"COLOMBO CREEK, AS","6",",a","4",",a","1",",a","19351021",",,a","67.6",",,a,21,","81.0",",,,a"
"ASN00074147","1935-11","-35.2","146.0",,"COLOMBO CREEK, AS","2",",a","1",",a","0",",a","19351115",",,a","3.8",",,a,15,","5.1",",,,a"
"ASN00074147","1935-12","-35.2","146.0",,"COLOMBO CREEK, AS","2",",a","2",",a","0",",a","19351225",",,a","10.4",",,a,25,","14.2",",,,a"
"ASN00074147","1936-01","-35.2","146.0",,"COLOMBO CREEK, AS","8",",a","6",",a","0",",a","19360107",",,a","17.3",",,a,07,","49.7",",,,a"
"ASN00074147","1936-02","-35.2","146.0",,"COLOMBO CREEK, AS","5",",a","5",",a","1",",a","19360220",",,a","35.6",",,a,20,","54.7",",,,a"
"ASN00074147","1936-03","-35.2","146.0",,"COLOMBO CREEK, AS","2",",a","2",",a","1",",a","19360316",",,a","33.0",",,a,16,","36.6",",,,a"
"ASN00074147","1936-04","-35.2","146.0",,"COLOMBO CREEK, AS","3",",a","3",",a","0",",a","19360407",",,a","10.7",",,a,07,","22.9",",,,a"
"ASN00074147","1936-05","-35.2","146.0",,"COLOMBO CREEK, AS","3",",a","3",",a","0",",a","19360531",",,a","6.4",",,a,31,","15.8",",,,a"
"ASN00074147","1936-06","-35.2","146.0",,"COLOMBO CREEK, AS","6",",a","6",",a","1",",a","19360624",",,a","43.2",",,a,24,","95.3",",,,a"
"ASN00074147","1936-07","-35.2","146.0",,"COLOMBO CREEK, AS","11",",a","10",",a","1",",a","19360726",",,a","27.4",",,a,26,","81.5",",,,a"
"ASN00074147","1936-08","-35.2","146.0",,"COLOMBO CREEK, AS","8",",a","7",",a","0",",a","19360830",",,a","21.6",",,a,30,","46.2",",,,a"
"ASN00074147","1936-09","-35.2","146.0",,"COLOMBO CREEK, AS","1",",a","1",",a","0",",a","19360908",",,a","8.4",",,a,08,","8.4",",,,a"
"ASN00074147","1936-10","-35.2","146.0",,"COLOMBO CREEK, AS","4",",a","4",",a","0",",a","19361029",",,a","14.0",",,a,29,","31.0",",,,a"
"ASN00074147","1936-11","-35.2","146.0",,"COLOMBO CREEK, AS","2",",a","2",",a","0",",a","19361115",",,a","3.8",",,a,15,","6.3",",,,a"
"ASN00074147","1936-12","-35.2","146.0",,"COLOMBO CREEK, AS","7",",a","5",",a","2",",a","19361218",",,a","45.2",",,a,18,","89.9",",,,a"
"ASN00074147","1937-01","-35.2","146.0",,"COLOMBO CREEK, AS","5",",a","5",",a","0",",a","19370120",",,a","16.8",",,a,20,","50.1",",,,a"
"ASN00074147","1937-02","-35.2","146.0",,"COLOMBO CREEK, AS","0",",a","0",",a","0",",a","19370228","+,,a","0.0",",,a,28,+","0.0",",,,a"
"ASN00074147","1937-03","-35.2","146.0",,"COLOMBO CREEK, AS","1",",a","1",",a","0",",a","19370326",",,a","7.6",",,a,26,","7.6",",,,a"
"ASN00074147","1937-04","-35.2","146.0",,"COLOMBO CREEK, AS","1",",a","1",",a","0",",a","19370417",",,a","4.3",",,a,17,","4.3",",,,a"
"ASN00074147","1937-05","-35.2","146.0",,"COLOMBO CREEK, AS","7",",a","2",",a","0",",a","19370520",",,a","10.2",",,a,20,","21.9",",,,a"
"ASN00074147","1937-06","-35.2","146.0",,"COLOMBO CREEK, AS","7",",a","4",",a","0",",a","19370601",",,a","17.8",",,a,01,","34.8",",,,a"
"ASN00074147","1937-07","-35.2","146.0",,"COLOMBO CREEK, AS","4",",a","2",",a","0",",a","19370710",",,a","3.8",",,a,10,","9.6",",,,a"
"ASN00074147","1937-08","-35.2","146.0",,"COLOMBO CREEK, AS","7",",a","5",",a","0",",a","19370821",",,a","18.8",",,a,21,","48.7",",,,a"
"ASN00074147","1937-10","-35.2","146.0",,"COLOMBO CREEK, AS","5",",a","4",",a","0",",a","19371018",",,a","19.1",",,a,18,","44.0",",,,a"
"ASN00074147","1937-11","-35.2","146.0",,"COLOMBO CREEK, AS","1",",a","1",",a","0",",a","19371118",",,a","4.3",",,a,18,","4.3",",,,a"
"ASN00074147","1937-12","-35.2","146.0",,"COLOMBO CREEK, AS","5",",a","4",",a","0",",a","19371203",",,a","7.4",",,a,03,","22.1",",,,a"
"ASN00074147","1938-01","-35.2","146.0",,"COLOMBO CREEK, AS","1",",a","1",",a","0",",a","19380124",",,a","4.3",",,a,24,","4.3",",,,a"
"ASN00074147","1938-02","-35.2","146.0",,"COLOMBO CREEK, AS","3",",a","3",",a","0",",a","19380204",",,a","8.1",",,a,04,","15.4",",,,a"
"ASN00074147","1938-03","-35.2","146.0",,"COLOMBO CREEK, AS","0",",a","0",",a","0",",a","19380331","+,,a","0.0",",,a,31,+","0.0",",,,a"
"ASN00074147","1938-04","-35.2","146.0",,"COLOMBO CREEK, AS","3",",a","2",",a","0",",a","19380426",",,a","6.6",",,a,26,","11.9",",,,a"
"ASN00074147","1938-05","-35.2","146.0",,"COLOMBO CREEK, AS","3",",a","3",",a","1",",a","19380521",",,a","26.2",",,a,21,","34.3",",,,a"
"ASN00074147","1938-06","-35.2","146.0",,"COLOMBO CREEK, AS","5",",a","4",",a","0",",a","19380624",",,a","20.3",",,a,24,","41.4",",,,a"
"ASN00074147","1938-07","-35.2","146.0",,"COLOMBO CREEK, AS","7",",a","7",",a","0",",a","19380722",",,a","14.2",",,a,22,","51.0",",,,a"
"ASN00074147","1938-08","-35.2","146.0",,"COLOMBO CREEK, AS","4",",a","4",",a","0",",a","19380807",",,a","14.7",",,a,07,","27.6",",,,a"
"ASN00074147","1938-09","-35.2","146.0",,"COLOMBO CREEK, AS","1",",a","1",",a","0",",a","19380910",",,a","3.8",",,a,10,","3.8",",,,a"
"ASN00074147","1938-10","-35.2","146.0",,"COLOMBO CREEK, AS","4",",a","4",",a","0",",a","19381023","+,,a","11.4",",,a,23,+","30.2",",,,a"
"ASN00074147","1938-11","-35.2","146.0",,"COLOMBO CREEK, AS","0",",a","0",",a","0",",a","19381130","+,,a","0.0",",,a,30,+","0.0",",,,a"
"ASN00074147","1938-12","-35.2","146.0",,"COLOMBO CREEK, AS","1",",a","1",",a","0",",a","19381228",",,a","2.5",",,a,28,","2.5",",,,a"
"ASN00074147","1939-01","-35.2","146.0",,"COLOMBO CREEK, AS","0",",a","0",",a","0",",a","19390131","+,,a","0.0",",,a,31,+","0.0",",,,a"
"ASN00074147","1939-02","-35.2","146.0",,"COLOMBO CREEK, AS","3",",a","3",",a","0",",a","19390227",",,a","24.1",",,a,27,","47.0",",,,a"
"ASN00074147","1939-03","-35.2","146.0",,"COLOMBO CREEK, AS","8",",a","8",",a","3",",a","19390322",",,a","51.1",",,a,22,","183.3",",,,a"
"ASN00074147","1939-04","-35.2","146.0",,"COLOMBO CREEK, AS","7",",a","6",",a","0",",a","19390418",",,a","17.8",",,a,18,","62.3",",,,a"
"ASN00074147","1939-05","-35.2","146.0",,"COLOMBO CREEK, AS","0",",a","0",",a","0",",a","19390531","+,,a","0.0",",,a,31,+","0.0",",,,a"
"ASN00074147","1939-06","-35.2","146.0",,"COLOMBO CREEK, AS","8",",a","6",",a","1",",a","19390602",",,a","25.4",",,a,02,","94.9",",,,a"
"ASN00074147","1939-07","-35.2","146.0",,"COLOMBO CREEK, AS","4",",a","4",",a","0",",a","19390724","+,,a","3.8",",,a,24,+","14.0",",,,a"
"ASN00074147","1939-08","-35.2","146.0",,"COLOMBO CREEK, AS","13",",a","9",",a","0",",a","19390802",",,a","20.6",",,a,02,","97.1",",,,a"
"ASN00074147","1939-09","-35.2","146.0",,"COLOMBO CREEK, AS","0",",a","0",",a","0",",a","19390930","+,,a","0.0",",,a,30,+","0.0",",,,a"
"ASN00074147","1939-10","-35.2","146.0",,"COLOMBO CREEK, AS","5",",a","4",",a","0",",a","19391022",",,a","16.5",",,a,22,","42.2",",,,a"
"ASN00074147","1939-11","-35.2","146.0",,"COLOMBO CREEK, AS","4",",a","4",",a","1",",a","19391121",",,a","30.7",",,a,21,","62.8",",,,a"
"ASN00074147","1939-12","-35.2","146.0",,"COLOMBO CREEK, AS","0",",a","0",",a","0",",a","19391231","+,,a","0.0",",,a,31,+","0.0",",,,a"
"ASN00074147","1940-01","-35.2","146.0",,"COLOMBO CREEK, AS","0",",a","0",",a","0",",a","19400131","+,,a","0.0",",,a,31,+","0.0",",,,a"
"ASN00074147","1940-02","-35.2","146.0",,"COLOMBO CREEK, AS","1",",a","1",",a","0",",a","19400217",",,a","15.2",",,a,17,","15.2",",,,a"
"ASN00074147","1940-03","-35.2","146.0",,"COLOMBO CREEK, AS","0",",a","0",",a","0",",a","19400331","+,,a","0.0",",,a,31,+","0.0",",,,a"
"ASN00074147","1940-04","-35.2","146.0",,"COLOMBO CREEK, AS","7",",a","6",",a","1",",a","19400425",",,a","27.9",",,a,25,","66.2",",,,a"
"ASN00074147","1940-05","-35.2","146.0",,"COLOMBO CREEK, AS","3",",a","3",",a","0",",a","19400530","+,,a","4.3",",,a,30,+","11.1",",,,a"
"ASN00074147","1940-06","-35.2","146.0",,"COLOMBO CREEK, AS","1",",a","1",",a","0",",a","19400606",",,a","2.5",",,a,06,","2.5",",,,a"
"ASN00074147","1940-07","-35.2","146.0",,"COLOMBO CREEK, AS","5",",a","3",",a","0",",a","19400710",",,a","6.6",",,a,10,","15.7",",,,a"
"ASN00074147","1940-08","-35.2","146.0",,"COLOMBO CREEK, AS","2",",a","2",",a","0",",a","19400812",",,a","4.8",",,a,12,","7.6",",,,a"
"ASN00074147","1940-09","-35.2","146.0",,"COLOMBO CREEK, AS","5",",a","5",",a","0",",a","19400921",",,a","16.3",",,a,21,","39.2",",,,a"
"ASN00074147","1940-10","-35.2","146.0",,"COLOMBO CREEK, AS","1",",a","1",",a","0",",a","19401012",",,a","2.5",",,a,12,","2.5",",,,a"
"ASN00074147","1940-11","-35.2","146.0",,"COLOMBO CREEK, AS","3",",a","3",",a","0",",a","19401124",",,a","13.5",",,a,24,","21.1",",,,a"
"ASN00074147","1940-12","-35.2","146.0",,"COLOMBO CREEK, AS","3",",a","2",",a","0",",a","19401228",",,a","20.6",",,a,28,","25.7",",,,a"
"ASN00074147","1941-01","-35.2","146.0",,"COLOMBO CREEK, AS","7",",a","6",",a","0",",a","19410104",",,a","23.4",",,a,04,","65.8",",,,a"
"ASN00074147","1941-02","-35.2","146.0",,"COLOMBO CREEK, AS","4",",a","3",",a","0",",a","19410223",",,a","8.4",",,a,23,","18.1",",,,a"
"ASN00074147","1941-03","-35.2","146.0",,"COLOMBO CREEK, AS","5",",a","5",",a","0",",a","19410302",",,a","15.2",",,a,02,","53.3",",,,a"
