"STATION","DATE","LATITUDE","LONGITUDE","ELEVATION","NAME","CDSD","CDSD_ATTRIBUTES","CLDD","CLDD_ATTRIBUTES","DP01","DP01_ATTRIBUTES","DP10","DP10_ATTRIBUTES","DP1X","DP1X_ATTRIBUTES","DSND","DSND_ATTRIBUTES","DT00","DT00_ATTRIBUTES","DT32","DT32_ATTRIBUTES","DX32","DX32_ATTRIBUTES","DX70","DX70_ATTRIBUTES","DX90","DX90_ATTRIBUTES","DYNT","DYNT_ATTRIBUTES","DYSD","DYSD_ATTRIBUTES","DYXP","DYXP_ATTRIBUTES","DYXT","DYXT_ATTRIBUTES","EMNT","EMNT_ATTRIBUTES","EMSD","EMSD_ATTRIBUTES","EMXP","EMXP_ATTRIBUTES","EMXT","EMXT_ATTRIBUTES","HDSD","HDSD_ATTRIBUTES","HTDD","HTDD_ATTRIBUTES","PRCP","PRCP_ATTRIBUTES","TAVG","TAVG_ATTRIBUTES","TMAX","TMAX_ATTRIBUTES","TMIN","TMIN_ATTRIBUTES"
"RSM00024343","1936-02","66.7667","123.4","88.0","ZHIGANSK, RS","","","0.0",",r","3",",r","0",",r","0",",r","","","29",",r","29",",r","29",",r","0",",r","0",",r","19360201",",,r","","","19360207",",,r","19360215",",,r","-51.8",",r,01,","","","0.4",",,r,07,","-21.4",",r,15,","","","1535.6",",r","2.3",",,,r","-34.62",",r","-29.86",",,,r","-39.38",",,,r"
"RSM00024343","1936-03","66.7667","123.4","88.0","ZHIGANSK, RS","","","0.0",",r","8",",r","0",",r","0",",r","","","28",",r","31",",r","31",",r","0",",r","0",",r","19360322",",,r","","","19360308",",,r","19360330",",,r","-46.6",",r,22,","","","1.6",",,r,08,","-3.8",",r,30,","","","1330.4",",r","8.3",",,,r","-24.58",",r","-18.85",",,,r","-30.31",",,,r"
"RSM00024343","1936-04","66.7667","123.4","88.0","ZHIGANSK, RS","","","0.0",",r","3",",r","1",",r","0",",r","","","8",",r","30",",r","19",",r","0",",r","0",",r","19360401",",,r","","","19360414",",,r","19360410",",,r","-26.6",",r,01,","","","2.9",",,r,14,","5.2",",r,10,","","","821.4",",r","4.9",",,,r","-9.05",",r","-2.84",",,,r","-15.26",",,,r"
"RSM00024343","1936-05","66.7667","123.4","88.0","ZHIGANSK, RS","","","0.0",",r","4",",r","1",",r","0",",r","","","0",",r","16",",r","3",",r","2",",r","0",",r","19360506",",,r","","","19360517",",,r","19360520",",,r","-13.0",",r,06,","","","2.5",",,r,17,","23.0",",r,20,","","","436.4",",r","4.2",",,,r","4.25",",r","10.47",",,,r","-1.96",",,,r"
"RSM00024343","1936-06","66.7667","123.4","88.0","ZHIGANSK, RS","","","0.0",",r","13",",r","7",",r","0",",r","","","0",",r","2",",r","0",",r","4",",r","0",",r","19360605",",,r","","","19360610",",,r","19360601",",,r","-0.2",",r,05,","","","6.6",",,r,10,","23.9",",r,01,","","","237.6",",r","43.2",",,,r","10.41",",r","15.30",",,,r","5.53",",,,r"
"RSM00024343","1936-07","66.7667","123.4","88.0","ZHIGANSK, RS","","","38.8",",r","5",",r","4",",r","0",",r","","","0",",r","1",",r","0",",r","26",",r","0",",r","19360727",",,r","","","19360724",",,r","19360706",",,r","-0.4",",r,27,","","","18.2",",,r,24,","30.1",",r,06,","43.7","r","43.7",",r","36.5",",,,r","18.17",",r","24.26",",,,r","12.09",",,,r"
"RSM00024343","1936-08","66.7667","123.4","88.0","ZHIGANSK, RS","","","0.0",",r","7",",r","4",",r","0",",r","","","0",",r","1",",r","0",",r","10",",r","0",",r","19360814",",,r","","","19360816",",,r","19360801",",,r","-0.4",",r,14,","","","12.5",",,r,16,","24.7",",r,01,","240.3","r","196.6",",r","30.6",",,,r","11.99",",r","17.30",",,,r","6.68",",,,r"
"RSM00024343","1936-09","66.7667","123.4","88.0","ZHIGANSK, RS","","","0.0",",r","7",",r","3",",r","0",",r","","","0",",r","17",",r","0",",r","0",",r","0",",r","19360913",",,r","","","19360903",",,r","19360902",",,r","-4.6",",r,13,","","","8.0",",,r,03,","16.8",",r,02,","598.4","r","358.1",",r","21.6",",,,r","6.40",",r","11.91",",,,r","0.88",",,,r"
"RSM00024343","1936-10","66.7667","123.4","88.0","ZHIGANSK, RS","","","0.0",",r","13",",r","2",",r","0",",r","","","9",",r","31",",r","30",",r","0",",r","0",",r","19361030",",,r","","","19361001",",,r","19361001",",,r","-30.4",",r,30,","","","3.8",",,r,01,","0.5",",r,01,","1494.0","r","895.6",",r","15.4",",,,r","-10.56",",r","-7.61",",,,r","-13.51",",,,r"
"RSM00024343","1936-11","66.7667","123.4","88.0","ZHIGANSK, RS","","","0.0",",r","6",",r","0",",r","0",",r","","","30",",r","30",",r","30",",r","0",",r","0",",r","19361118","+,,r","","","19361129",",,r","19361101",",,r","-44.0",",r,18,+","","","0.7",",,r,29,","-17.0",",r,01,","2957.3","r","1463.3",",r","3.0",",,,r","-30.45",",r","-26.66",",,,r","-34.23",",,,r"
"RSM00024343","1936-12","66.7667","123.4","88.0","ZHIGANSK, RS","","","0.0",",r","7",",r","0",",r","0",",r","","","31",",r","31",",r","31",",r","0",",r","0",",r","19361223",",,r","","","19361228","+,,r","19361228","+,,r","-48.2",",r,23,","","","0.9",",,r,28,+","-25.3",",r,28,+","4605.2","r","1647.9",",r","4.6",",,,r","-34.83",",r","-31.44",",,,r","-38.21",",,,r"
"RSM00024343","1937-01","66.7667","123.4","88.0","ZHIGANSK, RS","0.0","r","0.0","2,r","5",",r","0",",r","0",",r","","","30","1,r","30","1,r","30","1,r","0","1,r","0","1,r","19370109",",1,r","","","19370121",",,r","19370125",",1,r","-52.9","1,r,09,","","","0.7",",,r,21,","-17.7","1,r,25,","6142.8","r","1537.6","1,r","3.4",",,,r","-34.97","2,r","-31.42","1,,,r","-38.52","1,,,r"
"RSM00024343","1937-02","66.7667","123.4","88.0","ZHIGANSK, RS","0.0","r","0.0",",r","7",",r","0",",r","0",",r","","","28",",r","28",",r","28",",r","0",",r","0",",r","19370208",",,r","","","19370210",",,r","19370216",",,r","-49.2",",r,08,","","","0.8",",,r,10,","-18.4",",r,16,","7551.7","r","1408.9",",r","4.8",",,,r","-31.98",",r","-28.17",",,,r","-35.80",",,,r"
"RSM00024343","1937-03","66.7667","123.4","88.0","ZHIGANSK, RS","0.0","r","0.0",",r","2",",r","0",",r","0",",r","","","31",",r","31",",r","31",",r","0",",r","0",",r","19370302",",,r","","","19370309",",,r","19370328",",,r","-49.7",",r,02,","","","0.5",",,r,09,","-6.6",",r,28,","8984.0","r","1432.3",",r","1.4",",,,r","-27.87",",r","-21.92",",,,r","-33.82",",,,r"
"RSM00024343","1937-04","66.7667","123.4","88.0","ZHIGANSK, RS","0.0","r","0.0",",r","7",",r","0",",r","0",",r","","","11",",r","30",",r","25",",r","0",",r","0",",r","19370422",",,r","","","19370403",",,r","19370424",",,r","-30.5",",r,22,","","","1.4",",,r,03,","4.7",",r,24,","9858.1","r","874.1",",r","6.0",",,,r","-10.80",",r","-5.17",",,,r","-16.43",",,,r"
"RSM00024343","1937-05","66.7667","123.4","88.0","ZHIGANSK, RS","0.0","r","0.0",",r","6",",r","2",",r","0",",r","","","0",",r","21",",r","2",",r","0",",r","0",",r","19370502",",,r","","","19370507",",,r","19370522",",,r","-12.4",",r,02,","","","6.8",",,r,07,","17.7",",r,22,","10332.3","r","474.2",",r","16.6",",,,r","3.04",",r","8.20",",,,r","-2.13",",,,r"
"RSM00024343","1937-06","66.7667","123.4","88.0","ZHIGANSK, RS","1.5","r","1.5",",r","12",",r","4",",r","0",",r","","","0",",r","1",",r","0",",r","12",",r","0",",r","19370611",",,r","","","19370616",",,r","19370609","+,,r","-0.2",",r,11,","","","5.3",",,r,16,","29.5",",r,09,+","10505.5","r","173.2",",r","23.6",",,,r","12.61",",r","18.67",",,,r","6.55",",,,r"
"RSM00024343","1937-07","66.7667","123.4","88.0","ZHIGANSK, RS","53.9","r","52.4",",r","7",",r","6",",r","0",",r","","","0",",r","1",",r","0",",r","19",",r","3",",r","19370714",",,r","","","19370712",",,r","19370729",",,r","-0.5",",r,14,","","","14.9",",,r,12,","34.6",",r,29,","111.0","r","111.0",",r","43.0",",,,r","16.44",",r","22.55",",,,r","10.33",",,,r"
"RSM00024343","1937-08","66.7667","123.4","88.0","ZHIGANSK, RS","55.8","r","1.9",",r","14",",r","8",",r","0",",r","","","0",",r","2",",r","0",",r","7",",r","0",",r","19370817",",,r","","","19370829",",,r","19370804","+,,r","-1.6",",r,17,","","","10.2",",,r,29,","24.9",",r,04,+","321.3","r","210.3",",r","46.0",",,,r","11.61",",r","16.85",",,,r","6.37",",,,r"
"RSM00024343","1937-09","66.7667","123.4","88.0","ZHIGANSK, RS","55.8","r","0.0",",r","7",",r","5",",r","0",",r","","","0",",r","12",",r","0",",r","0",",r","0",",r","19370909",",,r","","","19370913",",,r","19370905",",,r","-7.3",",r,09,","","","10.2",",,r,13,","17.9",",r,05,","706.3","r","385.0",",r","32.4",",,,r","5.50",",r","9.52",",,,r","1.48",",,,r"
"RSM00024343","1937-10","66.7667","123.4","88.0","ZHIGANSK, RS","55.8","r","0.0",",r","12",",r","0",",r","0",",r","","","11",",r","31",",r","26",",r","0",",r","0",",r","19371030",",,r","","","19371017",",,r","19371001",",,r","-35.0",",r,30,","","","2.2",",,r,17,","1.9",",r,01,","1620.2","r","913.9",",r","14.1",",,,r","-11.15",",r","-7.65",",,,r","-14.65",",,,r"
"RSM00024343","1937-11","66.7667","123.4","88.0","ZHIGANSK, RS","55.8","r","0.0",",r","4",",r","0",",r","0",",r","","","30",",r","30",",r","30",",r","0",",r","0",",r","19371125",",,r","","","19371122","+,,r","19371107",",,r","-49.5",",r,25,","","","0.4",",,r,22,+","-14.6",",r,07,","3094.1","r","1473.9",",r","2.4",",,,r","-30.80",",r","-26.51",",,,r","-35.09",",,,r"
"RSM00024343","1937-12","66.7667","123.4","88.0","ZHIGANSK, RS","55.8","r","0.0",",r","5",",r","0",",r","0",",r","","","31",",r","31",",r","31",",r","0",",r","0",",r","19371227",",,r","","","19371210",",,r","19371204",",,r","-50.3",",r,27,","","","0.7",",,r,10,","-14.0",",r,04,","4723.3","r","1629.2",",r","2.8",",,,r","-34.22",",r","-29.45",",,,r","-39.00",",,,r"
"RSM00024343","1938-01","66.7667","123.4","88.0","ZHIGANSK, RS","0.0","r","0.0",",r","6",",r","0",",r","0",",r","","","31",",r","31",",r","31",",r","0",",r","0",",r","19380128",",,r","","","19380130","+,,r","19380129",",,r","-51.8",",r,28,","","","1.0",",,r,30,+","-19.2",",r,29,","6414.0","r","1690.7",",r","5.3",",,,r","-36.21",",r","-31.62",",,,r","-40.79",",,,r"
"RSM00024343","1938-02","66.7667","123.4","88.0","ZHIGANSK, RS","0.0","r","0.0",",r","5",",r","0",",r","0",",r","","","28",",r","28",",r","28",",r","0",",r","0",",r","19380204",",,r","","","19380221",",,r","19380221",",,r","-51.4",",r,04,","","","1.9",",,r,21,","-16.8",",r,21,","7930.9","r","1516.9",",r","4.7",",,,r","-35.84",",r","-31.03",",,,r","-40.66",",,,r"
"RSM00024343","1938-03","66.7667","123.4","88.0","ZHIGANSK, RS","0.0","r","0.0",",r","6",",r","0",",r","0",",r","","","26",",r","31",",r","31",",r","0",",r","0",",r","19380301",",,r","","","19380318",",,r","19380328",",,r","-50.1",",r,01,","","","0.8",",,r,18,","-2.6",",r,28,","9179.2","r","1248.3",",r","4.3",",,,r","-21.93",",r","-16.54",",,,r","-27.33",",,,r"
"RSM00024343","1938-04","66.7667","123.4","88.0","ZHIGANSK, RS","0.0","r","0.0",",r","10",",r","1",",r","0",",r","","","11",",r","30",",r","19",",r","0",",r","0",",r","19380403",",,r","","","19380410",",,r","19380429",",,r","-40.9",",r,03,","","","3.6",",,r,10,","6.7",",r,29,","10002.2","r","823.0",",r","13.4",",,,r","-9.10",",r","-3.17",",,,r","-15.03",",,,r"
"RSM00024343","1938-05","66.7667","123.4","88.0","ZHIGANSK, RS","0.0","r","0.0",",r","5",",r","1",",r","0",",r","","","0",",r","22",",r","1",",r","0",",r","0",",r","19380508",",,r","","","19380512",",,r","19380519",",,r","-11.9",",r,08,","","","8.6",",,r,12,","17.2",",r,19,","10517.1","r","514.9",",r","11.4",",,,r","1.72",",r","6.76",",,,r","-3.31",",,,r"
"RSM00024343","1938-06","66.7667","123.4","88.0","ZHIGANSK, RS","3.3","r","3.3",",r","9",",r","3",",r","0",",r","","","0",",r","1",",r","0",",r","6",",r","0",",r","19380602",",,r","","","19380618","+,,r","19380624",",,r","-0.3",",r,02,","","","7.3",",,r,18,+","25.4",",r,24,","10694.2","r","177.1",",r","26.9",",,,r","12.54",",r","17.30",",,,r","7.78",",,,r"
"RSM00024343","1938-07","66.7667","123.4","88.0","ZHIGANSK, RS","19.0","r","15.7",",r","12",",r","3",",r","2",",r","","","0",",r","0",",r","0",",r","16",",r","0",",r","19380718",",,r","","","19380714",",,r","19380713",",,r","0.9",",r,18,","","","29.3",",,r,14,","28.2",",r,13,","94.8","r","94.8",",r","83.9",",,,r","15.78",",r","21.21",",,,r","10.35",",,,r"
"RSM00024343","1938-08","66.7667","123.4","88.0","ZHIGANSK, RS","19.0","r","0.0",",r","10",",r","6",",r","0",",r","","","0",",r","0",",r","0",",r","4",",r","0",",r","19380824",",,r","","","19380830",",,r","19380806",",,r","0.7",",r,24,","","","6.6",",,r,30,","25.7",",r,06,","261.8","r","167.0",",r","32.5",",,,r","12.95",",r","18.23",",,,r","7.66",",,,r"
"RSM00024343","1938-09","66.7667","123.4","88.0","ZHIGANSK, RS","19.0","r","0.0",",r","9",",r","5",",r","0",",r","","","0",",r","11",",r","0",",r","0",",r","0",",r","19380927",",,r","","","19380918",",,r","19380905",",,r","-5.4",",r,27,","","","13.1",",,r,18,","19.2",",r,05,","630.2","r","368.4",",r","35.6",",,,r","6.05",",r","10.63",",,,r","1.47",",,,r"
"RSM00024343","1938-10","66.7667","123.4","88.0","ZHIGANSK, RS","19.0","r","0.0",",r","14",",r","5",",r","0",",r","","","10",",r","30",",r","24",",r","0",",r","0",",r","19381029","+,,r","","","19381011",",,r","19381002",",,r","-29.8",",r,29,+","","","4.1",",,r,11,","5.9",",r,02,","1549.1","r","918.9",",r","25.3",",,,r","-11.31",",r","-7.66",",,,r","-14.95",",,,r"
"RSM00024343","1938-11","66.7667","123.4","88.0","ZHIGANSK, RS","19.0","r","0.0",",r","7",",r","0",",r","0",",r","","","28",",r","30",",r","30",",r","0",",r","0",",r","19381104",",,r","","","19381116",",,r","19381121",",,r","-37.9",",r,04,","","","1.5",",,r,16,","-6.6",",r,21,","2812.3","r","1263.2",",r","6.4",",,,r","-23.78",",r","-20.16",",,,r","-27.39",",,,r"
"RSM00024343","1938-12","66.7667","123.4","88.0","ZHIGANSK, RS","19.0","r","0.0",",r","8",",r","0",",r","0",",r","","","31",",r","31",",r","31",",r","0",",r","0",",r","19381225",",,r","","","19381231",",,r","19381210",",,r","-54.6",",r,25,","","","2.1",",,r,31,","-21.2",",r,10,","4588.3","r","1776.0",",r","6.3",",,,r","-38.96",",r","-34.84",",,,r","-43.07",",,,r"
"RSM00024343","1939-01","66.7667","123.4","88.0","ZHIGANSK, RS","0.0","r","0.0",",r","3",",r","0",",r","0",",r","","","31",",r","31",",r","31",",r","0",",r","0",",r","19390112",",,r","","","19390122","+,,r","19390126",",,r","-54.8",",r,12,","","","0.5",",,r,22,+","-21.8",",r,26,","6471.3","r","1883.0",",r","2.0",",,,r","-42.41",",r","-38.89",",,,r","-45.93",",,,r"
"RSM00024343","1939-02","66.7667","123.4","88.0","ZHIGANSK, RS","0.0","r","0.0",",r","6",",r","0",",r","0",",r","","","28",",r","28",",r","28",",r","0",",r","0",",r","19390201",",,r","","","19390220",",,r","19390220",",,r","-53.4",",r,01,","","","1.1",",,r,20,","-16.4",",r,20,","7884.8","r","1413.5",",r","4.7",",,,r","-32.15",",r","-28.39",",,,r","-35.90",",,,r"
"RSM00024343","1939-03","66.7667","123.4","88.0","ZHIGANSK, RS","0.0","r","0.0",",r","3",",r","0",",r","0",",r","","","30",",r","31",",r","31",",r","0",",r","0",",r","19390313",",,r","","","19390310",",,r","19390326",",,r","-48.4",",r,13,","","","0.8",",,r,10,","-5.9",",r,26,","9142.2","r","1257.4",",r","2.5",",,,r","-22.23",",r","-16.03",",,,r","-28.43",",,,r"
"RSM00024343","1939-04","66.7667","123.4","88.0","ZHIGANSK, RS","0.0","r","0.0",",r","12",",r","3",",r","0",",r","","","18",",r","30",",r","28",",r","0",",r","0",",r","19390422",",,r","","","19390405",",,r","19390415",",,r","-37.1",",r,22,","","","4.7",",,r,05,","2.6",",r,15,","10089.3","r","947.1",",r","23.9",",,,r","-13.24",",r","-7.23",",,,r","-19.24",",,,r"
"RSM00024343","1939-05","66.7667","123.4","88.0","ZHIGANSK, RS","0.0","r","0.0",",r","11",",r","3",",r","0",",r","","","1",",r","24",",r","8",",r","0",",r","0",",r","19390509",",,r","","","19390528",",,r","19390527",",,r","-20.8",",r,09,","","","6.4",",,r,28,","13.5",",r,27,","10703.4","r","614.1",",r","25.8",",,,r","-1.48",",r","4.51",",,,r","-7.46",",,,r"
"RSM00024343","1939-06","66.7667","123.4","88.0","ZHIGANSK, RS","6.2","r","6.2",",r","9",",r","4",",r","0",",r","","","0",",r","0",",r","0",",r","7",",r","0",",r","19390619",",,r","","","19390601",",,r","19390626",",,r","0.9",",r,19,","","","9.2",",,r,01,","26.2",",r,26,","10876.7","r","173.3",",r","31.5",",,,r","12.76",",r","17.52",",,,r","8.00",",,,r"
"RSM00024343","1939-07","66.7667","123.4","88.0","ZHIGANSK, RS","12.3","r","6.1",",r","10",",r","6",",r","0",",r","","","0",",r","1",",r","0",",r","9",",r","0",",r","19390724",",,r","","","19390713",",,r","19390707",",,r","-2.1",",r,24,","","","15.9",",,r,13,","27.3",",r,07,","148.0","r","148.0",",r","50.8",",,,r","13.76",",r","18.97",",,,r","8.55",",,,r"
"RSM00024343","1939-08","66.7667","123.4","88.0","ZHIGANSK, RS","13.3","r","1.0",",r","10",",r","8",",r","0",",r","","","0",",r","0",",r","0",",r","12",",r","0",",r","19390825",",,r","","","19390802",",,r","19390806",",,r","0.2",",r,25,","","","8.2",",,r,02,","28.1",",r,06,","292.9","r","144.9",",r","42.9",",,,r","13.69",",r","20.21",",,,r","7.17",",,,r"
"RSM00024343","1939-09","66.7667","123.4","88.0","ZHIGANSK, RS","13.3","r","0.0",",r","13",",r","5",",r","0",",r","","","0",",r","15",",r","1",",r","0",",r","0",",r","19390923",",,r","","","19390924",",,r","19390917",",,r","-8.9",",r,23,","","","7.4",",,r,24,","18.4",",r,17,","694.1","r","401.2",",r","38.6",",,,r","4.96",",r","9.51",",,,r","0.41",",,,r"
"RSM00024343","1939-10","66.7667","123.4","88.0","ZHIGANSK, RS","13.3","r","0.0",",r","16",",r","2",",r","0",",r","","","4",",r","30",",r","28",",r","0",",r","0",",r","19391031",",,r","","","19391009",",,r","19391001",",,r","-29.4",",r,31,","","","3.0",",,r,09,","5.0",",r,01,","1517.9","r","823.8",",r","20.3",",,,r","-8.24",",r","-5.72",",,,r","-10.76",",,,r"
"RSM00024343","1939-11","66.7667","123.4","88.0","ZHIGANSK, RS","13.3","r","0.0",",r","8",",r","0",",r","0",",r","","","29",",r","30",",r","30",",r","0",",r","0",",r","19391112",",,r","","","19391104",",,r","19391103",",,r","-51.9",",r,12,","","","2.4",",,r,04,","-11.9",",r,03,","2966.0","r","1448.1",",r","9.8",",,,r","-29.94",",r","-25.79",",,,r","-34.09",",,,r"
"RSM00024343","1939-12","66.7667","123.4","88.0","ZHIGANSK, RS","13.3","r","0.0",",r","11",",r","0",",r","0",",r","","","31",",r","31",",r","31",",r","0",",r","0",",r","19391214",",,r","","","19391227",",,r","19391222",",,r","-53.5",",r,14,","","","2.3",",,r,27,","-11.4",",r,22,","4576.4","r","1610.4",",r","10.5",",,,r","-33.62",",r","-29.06",",,,r","-38.17",",,,r"
"RSM00024343","1940-01","66.7667","123.4","88.0","ZHIGANSK, RS","0.0","r","0.0",",r","7",",r","0",",r","0",",r","","","31",",r","31",",r","31",",r","0",",r","0",",r","19400125",",,r","","","19400116",",,r","19400127",",,r","-56.7",",r,25,","","","2.0",",,r,16,","-21.2",",r,27,","6359.8","r","1783.4",",r","5.0",",,,r","-39.20",",r","-34.30",",,,r","-44.09",",,,r"
"RSM00024343","1940-02","66.7667","123.4","88.0","ZHIGANSK, RS","0.0","r","0.0",",r","6",",r","0",",r","0",",r","","","28",",r","29",",r","29",",r","0",",r","0",",r","19400211",",,r","","","19400229",",,r","19400229",",,r","-54.6",",r,11,","","","2.2",",,r,29,","-10.1",",r,29,","7856.6","r","1496.8",",r","4.9",",,,r","-33.28",",r","-28.81",",,,r","-37.74",",,,r"
"RSM00024343","1940-03","66.7667","123.4","88.0","ZHIGANSK, RS","0.0","r","0.0",",r","9",",r","2",",r","0",",r","","","29",",r","31",",r","31",",r","0",",r","0",",r","19400306",",,r","","","19400318",",,r","19400302",",,r","-51.9",",r,06,","","","3.0",",,r,18,","-5.8",",r,02,","9222.3","r","1365.7",",r","13.7",",,,r","-25.72",",r","-18.89",",,,r","-32.55",",,,r"
"RSM00024343","1940-04","66.7667","123.4","88.0","ZHIGANSK, RS","0.0","r","0.0",",r","11",",r","1",",r","0",",r","","","11",",r","30",",r","27",",r","0",",r","0",",r","19400418",",,r","","","19400414",",,r","19400430",",,r","-31.2",",r,18,","","","2.6",",,r,14,","2.7",",r,30,","10083.7","r","861.4",",r","13.3",",,,r","-10.38",",r","-4.58",",,,r","-16.18",",,,r"
"RSM00024343","1940-05","66.7667","123.4","88.0","ZHIGANSK, RS","0.0","r","0.0",",r","4",",r","0",",r","0",",r","","","2",",r","27",",r","9",",r","0",",r","0",",r","19400507",",,r","","","19400513",",,r","19400526",",,r","-22.6",",r,07,","","","1.6",",,r,13,","13.0",",r,26,","10700.2","r","616.5",",r","3.2",",,,r","-1.55",",r","3.46",",,,r","-6.57",",,,r"
"RSM00024343","1940-06","66.7667","123.4","88.0","ZHIGANSK, RS","4.3","r","4.3",",r","12",",r","6",",r","0",",r","","","0",",r","1",",r","0",",r","6",",r","0",",r","19400601",",,r","","","19400603",",,r","19400630",",,r","-0.2",",r,01,","","","17.4",",,r,03,","27.9",",r,30,","10890.6","r","190.4",",r","64.2",",,,r","12.13",",r","17.63",",,,r","6.63",",,,r"
"RSM00024343","1940-07","66.7667","123.4","88.0","ZHIGANSK, RS","24.9","r","20.6",",r","11",",r","7",",r","0",",r","","","0",",r","0",",r","0",",r","19",",r","0",",r","19400730",",,r","","","19400712",",,r","19400706",",,r","2.0",",r,30,","","","9.7",",,r,12,","28.6",",r,06,","75.1","r","75.1",",r","47.3",",,,r","16.57",",r","21.75",",,,r","11.40",",,,r"
"RSM00024343","1940-08","66.7667","123.4","88.0","ZHIGANSK, RS","24.9","r","0.0",",r","14",",r","7",",r","1",",r","","","0",",r","3",",r","0",",r","2",",r","0",",r","19400802",",,r","","","19400806",",,r","19400804",",,r","-2.3",",r,02,","","","36.6",",,r,06,","23.6",",r,04,","329.4","r","254.3",",r","74.9",",,,r","10.13",",r","14.77",",,,r","5.49",",,,r"
"RSM00024343","1940-09","66.7667","123.4","88.0","ZHIGANSK, RS","24.9","r","0.0",",r","8",",r","2",",r","0",",r","","","0",",r","22",",r","7",",r","0",",r","0",",r","19400929","+,,r","","","19400915",",,r","19400901",",,r","-7.1",",r,29,+","","","6.9",",,r,15,","18.9",",r,01,","833.9","r","504.5",",r","15.4",",,,r","1.52",",r","5.46",",,,r","-2.43",",,,r"
"RSM00024343","1940-10","66.7667","123.4","88.0","ZHIGANSK, RS","24.9","r","0.0",",r","10",",r","1",",r","0",",r","","","10",",r","31",",r","31",",r","0",",r","0",",r","19401030",",,r","","","19401009",",,r","19401009",",,r","-39.0",",r,30,","","","2.5",",,r,09,","-0.9",",r,09,","1810.6","r","976.7",",r","12.4",",,,r","-13.17",",r","-9.92",",,,r","-16.43",",,,r"
"RSM00024343","1940-11","66.7667","123.4","88.0","ZHIGANSK, RS","24.9","r","0.0",",r","9",",r","0",",r","0",",r","","","30",",r","30",",r","30",",r","0",",r","0",",r","19401130",",,r","","","19401114",",,r","19401115",",,r","-45.1",",r,30,","","","0.7",",,r,14,","-18.4",",r,15,","3285.3","r","1474.7",",r","5.4",",,,r","-30.82",",r","-27.24",",,,r","-34.40",",,,r"
"RSM00024343","1940-12","66.7667","123.4","88.0","ZHIGANSK, RS","24.9","r","0.0",",r","5",",r","0",",r","0",",r","","","31",",r","31",",r","31",",r","0",",r","0",",r","19401212",",,r","","","19401206",",,r","19401220","+,,r","-52.5",",r,12,","","","1.0",",,r,06,","-25.3",",r,20,+","5072.8","r","1787.5",",r","3.6",",,,r","-39.33",",r","-34.92",",,,r","-43.73",",,,r"
"RSM00024343","1941-01","66.7667","123.4","88.0","ZHIGANSK, RS","0.0","r","0.0",",r","5",",r","0",",r","0",",r","","","31",",r","31",",r","31",",r","0",",r","0",",r","19410109",",,r","","","19410129","+,,r","19410106",",,r","-55.8",",r,09,","","","0.5",",,r,29,+","-27.5",",r,06,","6969.4","r","1896.6",",r","2.4",",,,r","-42.85",",r","-38.92",",,,r","-46.78",",,,r"
"RSM00024343","1941-02","66.7667","123.4","88.0","ZHIGANSK, RS","0.0","r","0.0",",r","2",",r","0",",r","0",",r","","","28",",r","28",",r","28",",r","0",",r","0",",r","19410210",",,r","","","19410201",",,r","19410201",",,r","-57.8",",r,10,","","","0.6",",,r,01,","-26.5",",r,01,","8600.8","r","1631.4",",r","1.0",",,,r","-39.93",",r","-35.75",",,,r","-44.12",",,,r"
"RSM00024343","1941-03","66.7667","123.4","88.0","ZHIGANSK, RS","0.0","r","0.0",",r","2",",r","0",",r","0",",r","","","31",",r","31",",r","31",",r","0",",r","0",",r","19410311",",,r","","","19410309",",,r","19410331",",,r","-48.1",",r,11,","","","0.7",",,r,09,","-14.3",",r,31,","10090.3","r","1489.5",",r","1.4",",,,r","-29.71",",r","-22.87",",,,r","-36.56",",,,r"
"RSM00024343","1941-04","66.7667","123.4","88.0","ZHIGANSK, RS","0.0","r","0.0",",r","5",",r","0",",r","0",",r","","","15",",r","29",",r","22",",r","0",",r","0",",r","19410410",",,r","","","19410421",",,r","19410429",",,r","-38.9",",r,10,","","","1.7",",,r,21,","9.2",",r,29,","10967.4","r","877.1",",r","4.4",",,,r","-10.91",",r","-3.79",",,,r","-18.02",",,,r"
"RSM00024343","1941-05","66.7667","123.4","88.0","ZHIGANSK, RS","0.0","r","0.0",",r","3",",r","1",",r","0",",r","","","0",",r","18",",r","5",",r","0",",r","0",",r","19410511",",,r","","","19410525",",,r","19410526",",,r","-13.8",",r,11,","","","3.2",",,r,25,","17.0",",r,26,","11436.0","r","468.6",",r","5.7",",,,r","3.22",",r","8.43",",,,r","-2.00",",,,r"
"RSM00024343","1941-06","66.7667","123.4","88.0","ZHIGANSK, RS","0.0","r","0.0",",r","14",",r","6",",r","0",",r","","","0",",r","1",",r","0",",r","8",",r","0",",r","19410601",",,r","","","19410618",",,r","19410609",",,r","-3.5",",r,01,","","","16.4",",,r,18,","25.1",",r,09,","11597.3","r","161.3",",r","63.7",",,,r","12.96",",r","17.94",",,,r","7.97",",,,r"
"RSM00024343","1941-07","66.7667","123.4","88.0","ZHIGANSK, RS","60.5","r","60.5",",r","5",",r","2",",r","0",",r","","","0",",r","0",",r","0",",r","30",",r","0",",r","19410728",",,r","","","19410726",",,r","19410721",",,r","4.4",",r,28,","","","4.7",",,r,26,","30.4",",r,21,","20.4","r","20.4",",r","11.1",",,,r","19.63",",r","25.47",",,,r","13.79",",,,r"
"RSM00024343","1941-08","66.7667","123.4","88.0","ZHIGANSK, RS","60.9","r","0.4",",r","12",",r","8",",r","1",",r","","","0",",r","1",",r","0",",r","4",",r","0",",r","19410817",",,r","","","19410808",",,r","19410827","+,,r","-0.5",",r,17,","","","26.7",",,r,08,","24.0",",r,27,+","189.9","r","169.5",",r","96.4",",,,r","12.88",",r","16.90",",,,r","8.86",",,,r"
"RSM00024343","1941-09","66.7667","123.4","88.0","ZHIGANSK, RS","60.9","r","0.0",",r","14",",r","4",",r","0",",r","","","0",",r","13",",r","0",",r","0",",r","0",",r","19410916",",,r","","","19410904",",,r","19410901",",,r","-10.5",",r,16,","","","15.7",",,r,04,","15.0",",r,01,","626.7","r","436.8",",r","37.1",",,,r","3.77",",r","7.32",",,,r","0.22",",,,r"
"RSM00024343","1941-10","66.7667","123.4","88.0","ZHIGANSK, RS","60.9","r","0.0",",r","12",",r","0",",r","0",",r","","","10",",r","30",",r","27",",r","0",",r","0",",r","19411023",",,r","","","19411011","+,,r","19411002","+,,r","-32.6",",r,23,","","","1.1",",,r,11,+","5.0",",r,02,+","1497.3","r","870.6",",r","8.8",",,,r","-9.75",",r","-6.61",",,,r","-12.89",",,,r"
"RSM00024343","1941-11","66.7667","123.4","88.0","ZHIGANSK, RS","60.9","r","0.0",",r","6",",r","0",",r","0",",r","","","30",",r","30",",r","30",",r","0",",r","0",",r","19411130",",,r","","","19411108",",,r","19411108",",,r","-46.7",",r,30,","","","1.0",",,r,08,","-10.3",",r,08,","2893.5","r","1396.2",",r","5.0",",,,r","-28.21",",r","-24.40",",,,r","-32.01",",,,r"
"RSM00024343","1941-12","66.7667","123.4","88.0","ZHIGANSK, RS","60.9","r","0.0",",r","1",",r","0",",r","0",",r","","","31",",r","31",",r","31",",r","0",",r","0",",r","19411218",",,r","","","19411227",",,r","19411208",",,r","-53.4",",r,18,","","","0.4",",,r,27,","-31.9",",r,08,","4769.8","r","1876.3",",r","0.7",",,,r","-42.19",",r","-39.03",",,,r","-45.36",",,,r"
"RSM00024343","1942-01","66.7667","123.4","88.0","ZHIGANSK, RS","0.0","r","0.0","2,r","7",",r","0",",r","0",",r","","","30","1,r","30","1,r","30","1,r","0","1,r","0","1,r","19420128",",1,r","","","19420119",",,r","19420109",",1,r","-54.2","1,r,28,","","","1.0",",,r,19,","-16.9","1,r,09,","6395.1","r","1625.3","1,r","4.0",",,,r","-37.45","2,r","-33.29","1,,,r","-41.61","1,,,r"
"RSM00024343","1942-02","66.7667","123.4","88.0","ZHIGANSK, RS","0.0","r","0.0",",r","1",",r","0",",r","0",",r","","","28",",r","28",",r","28",",r","0",",r","0",",r","19420204",",,r","","","19420202",",,r","19420227",",,r","-51.9",",r,04,","","","0.6",",,r,02,","-22.5",",r,27,","7909.1","r","1514.0",",r","1.1",",,,r","-35.74",",r","-31.54",",,,r","-39.93",",,,r"
"RSM00024343","1942-03","66.7667","123.4","88.0","ZHIGANSK, RS","0.0","r","0.0",",r","4",",r","0",",r","0",",r","","","31",",r","31",",r","31",",r","0",",r","0",",r","19420306",",,r","","","19420331",",,r","19420331",",,r","-50.5",",r,06,","","","0.9",",,r,31,","-12.2",",r,31,","9428.6","r","1519.5",",r","2.5",",,,r","-30.68",",r","-24.14",",,,r","-37.23",",,,r"
"RSM00024343","1942-04","66.7667","123.4","88.0","ZHIGANSK, RS","0.0","r","0.0",",r","5",",r","0",",r","0",",r","","","18",",r","30",",r","23",",r","0",",r","0",",r","19420407",",,r","","","19420428",",,r","19420423",",,r","-35.6",",r,07,","","","1.6",",,r,28,","6.8",",r,23,","10339.2","r","910.6",",r","3.8",",,,r","-12.02",",r","-5.63",",,,r","-18.41",",,,r"
"RSM00024343","1942-05","66.7667","123.4","88.0","ZHIGANSK, RS","0.0","r","0.0",",r","4",",r","1",",r","0",",r","","","0",",r","23",",r","3",",r","1",",r","0",",r","19420503",",,r","","","19420505",",,r","19420522",",,r","-17.0",",r,03,","","","3.8",",,r,05,","21.4",",r,22,","10840.8","r","501.6",",r","8.0",",,,r","2.15",",r","7.77",",,,r","-3.46",",,,r"
"RSM00024343","1942-06","66.7667","123.4","88.0","ZHIGANSK, RS","0.8","r","0.8",",r","8",",r","3",",r","0",",r","","","0",",r","1",",r","0",",r","7",",r","0",",r","19420605",",,r","","","19420613",",,r","19420630",",,r","-0.1",",r,05,","","","9.8",",,r,13,","24.5",",r,30,","11023.8","r","183.0",",r","26.6",",,,r","12.26",",r","17.72",",,,r","6.80",",,,r"
"RSM00024343","1942-07","66.7667","123.4","88.0","ZHIGANSK, RS","18.4","r","17.6",",r","12",",r","9",",r","2",",r","","","0",",r","1",",r","0",",r","16",",r","0",",r","19420722",",,r","","","19420706",",,r","19420712",",,r","-0.3",",r,22,","","","38.4",",,r,06,","28.9",",r,12,","111.5","r","111.5",",r","110.0",",,,r","15.30",",r","20.26",",,,r","10.35",",,,r"
"RSM00024343","1942-08","66.7667","123.4","88.0","ZHIGANSK, RS","18.4","r","0.0",",r","16",",r","11",",r","0",",r","","","0",",r","1",",r","0",",r","4",",r","0",",r","19420824",",,r","","","19420803",",,r","19420812",",,r","-1.3",",r,24,","","","21.6",",,r,03,","23.9",",r,12,","338.3","r","226.8",",r","88.5",",,,r","11.02",",r","15.58",",,,r","6.45",",,,r"
"RSM00024343","1942-09","66.7667","123.4","88.0","ZHIGANSK, RS","18.4","r","0.0",",r","12",",r","6",",r","0",",r","","","0",",r","16",",r","0",",r","0",",r","0",",r","19420929",",,r","","","19420907",",,r","19420903",",,r","-10.1",",r,29,","","","24.5",",,r,07,","19.5",",r,03,","769.3","r","431.0",",r","55.9",",,,r","3.97",",r","8.49",",,,r","-0.56",",,,r"
"RSM00024343","1942-10","66.7667","123.4","88.0","ZHIGANSK, RS","18.4","r","0.0",",r","9",",r","1",",r","0",",r","","","10",",r","30",",r","22",",r","0",",r","0",",r","19421029",",,r","","","19421010",",,r","19421006",",,r","-36.3",",r,29,","","","3.2",",,r,10,","2.7",",r,06,","1689.1","r","919.8",",r","11.3",",,,r","-11.34",",r","-8.09",",,,r","-14.58",",,,r"
"RSM00024343","1942-11","66.7667","123.4","88.0","ZHIGANSK, RS","18.4","r","0.0",",r","12",",r","0",",r","0",",r","","","30",",r","30",",r","30",",r","0",",r","0",",r","19421119",",,r","","","19421110",",,r","19421111","+,,r","-49.2",",r,19,","","","1.6",",,r,10,","-16.3",",r,11,+","3097.8","r","1408.7",",r","8.4",",,,r","-28.62",",r","-24.88",",,,r","-32.36",",,,r"
"RSM00024343","1942-12","66.7667","123.4","88.0","ZHIGANSK, RS","18.4","r","0.0",",r","7",",r","0",",r","0",",r","","","31",",r","31",",r","31",",r","0",",r","0",",r","19421224",",,r","","","19421203",",,r","19421204",",,r","-52.5",",r,24,","","","1.8",",,r,03,","-10.4",",r,04,","4671.7","r","1573.9",",r","7.1",",,,r","-32.44",",r","-28.60",",,,r","-36.28",",,,r"
"RSM00024343","1943-01","66.7667","123.4","88.0","ZHIGANSK, RS","0.0","r","0.0",",r","8",",r","0",",r","0",",r","","","31",",r","31",",r","31",",r","0",",r","0",",r","19430122",",,r","","","19430124",",,r","19430106","+,,r","-55.0",",r,22,","","","1.7",",,r,24,","-26.3",",r,06,+","6450.2","r","1778.5",",r","6.5",",,,r","-39.04",",r","-35.40",",,,r","-42.67",",,,r"
"RSM00024343","1943-02","66.7667","123.4","88.0","ZHIGANSK, RS","0.0","r","0.0","2,r","5",",r","0",",r","0",",r","","","27","1,r","27","1,r","27","1,r","0","1,r","0","1,r","19430203",",1,r","","","19430220",",,r","19430217",",1,r","-48.3","1,r,03,","","","0.7",",,r,20,","-23.9","1,r,17,","7797.4","r","1347.2","1,r","3.4",",,,r","-33.40","2,r","-29.27","1,,,r","-37.53","1,,,r"
"RSM00024343","1943-03","66.7667","123.4","88.0","ZHIGANSK, RS","0.0","r","0.0",",r","8",",r","1",",r","0",",r","","","22",",r","31",",r","31",",r","0",",r","0",",r","19430301",",,r","","","19430313",",,r","19430322",",,r","-38.0",",r,01,","","","4.2",",,r,13,","-3.6",",r,22,","8873.7","r","1076.3",",r","10.6",",,,r","-16.39",",r","-10.78",",,,r","-21.99",",,,r"
"RSM00024343","1943-04","66.7667","123.4","88.0","ZHIGANSK, RS","0.0","r","0.0",",r","3",",r","1",",r","0",",r","","","6",",r","28",",r","17",",r","0",",r","0",",r","19430405",",,r","","","19430425",",,r","19430423",",,r","-24.5",",r,05,","","","10.9",",,r,25,","8.8",",r,23,","9597.8","r","724.1",",r","14.4",",,,r","-5.80",",r","0.00",",,,r","-11.61",",,,r"
"RSM00024343","1943-05","66.7667","123.4","88.0","ZHIGANSK, RS","0.0","r","0.0",",r","10",",r","4",",r","0",",r","","","0",",r","14",",r","2",",r","0",",r","0",",r","19430505",",,r","","","19430523",",,r","19430517",",,r","-8.2",",r,05,","","","10.2",",,r,23,","19.7",",r,17,","10037.3","r","439.5",",r","32.5",",,,r","4.15",",r","9.10",",,,r","-0.79",",,,r"
"RSM00024343","1943-06","66.7667","123.4","88.0","ZHIGANSK, RS","0.0","r","0.0",",r","12",",r","5",",r","1",",r","","","0",",r","3",",r","0",",r","2",",r","0",",r","19430601",",,r","","","19430627",",,r","19430629",",,r","-3.0",",r,01,","","","25.8",",,r,27,","21.6",",r,29,","10267.8","r","230.5",",r","49.7",",,,r","10.65",",r","15.32",",,,r","5.98",",,,r"
"RSM00024343","1943-07","66.7667","123.4","88.0","ZHIGANSK, RS","4.6","r","4.6",",r","8",",r","4",",r","1",",r","","","0",",r","0",",r","0",",r","7",",r","0",",r","19430728",",,r","","","19430726",",,r","19430706",",,r","2.4",",r,28,","","","31.5",",,r,26,","28.8",",r,06,","144.8","r","144.8",",r","49.2",",,,r","13.81",",r","19.15",",,,r","8.47",",,,r"
"RSM00024343","1943-08","66.7667","123.4","88.0","ZHIGANSK, RS","7.6","r","3.0",",r","9",",r","4",",r","0",",r","","","0",",r","3",",r","0",",r","9",",r","0",",r","19430831",",,r","","","19430803",",,r","19430811","+,,r","-5.0",",r,31,","","","9.1",",,r,03,","24.0",",r,11,+","349.5","r","204.7",",r","29.7",",,,r","11.83",",r","17.23",",,,r","6.42",",,,r"
"RSM00024343","1943-09","66.7667","123.4","88.0","ZHIGANSK, RS","7.6","r","0.0",",r","10",",r","5",",r","0",",r","","","0",",r","12",",r","0",",r","0",",r","0",",r","19430915",",,r","","","19430928",",,r","19430902",",,r","-8.4",",r,15,","","","6.2",",,r,28,","18.4",",r,02,","739.1","r","389.6",",r","23.7",",,,r","5.35",",r","9.91",",,,r","0.79",",,,r"
"RSM00024343","1943-10","66.7667","123.4","88.0","ZHIGANSK, RS","7.6","r","0.0",",r","19",",r","2",",r","0",",r","","","3",",r","24",",r","19",",r","0",",r","0",",r","19431031",",,r","","","19431009",",,r","19431007",",,r","-29.9",",r,31,","","","6.3",",,r,09,","7.1",",r,07,","1458.3","r","719.2",",r","30.8",",,,r","-4.87",",r","-2.46",",,,r","-7.27",",,,r"
"RSM00024343","1943-11","66.7667","123.4","88.0","ZHIGANSK, RS","7.6","r","0.0","1,r","10",",r","0",",r","0",",r","","","27","1,r","29","1,r","30",",r","0",",r","0",",r","19431128",",1,r","","","19431118",",,r","19431116",",,r","-50.4","1,r,28,","","","1.9",",,r,18,","-7.9",",r,16,","2832.9","r","1374.6",",r","10.0",",,,r","-29.24","1,r","-25.00",",,,r","-33.49","1,,,r"
"RSM00024343","1943-12","66.7667","123.4","88.0","ZHIGANSK, RS","7.6","r","0.0","1,r","7",",r","0",",r","0",",r","","","31",",r","31",",r","30","1,r","0","1,r","0","1,r","19431217",",,r","","","19431225",",,r","19431227",",1,r","-51.6",",r,17,","","","0.6",",,r,25,","-22.7","1,r,27,","4602.9","r","1770.0","1,r","3.5",",,,r","-40.72","1,r","-36.89","1,,,r","-44.55",",,,r"
"RSM00024343","1944-01","66.7667","123.4","88.0","ZHIGANSK, RS","0.0","r","0.0",",r","4",",r","0",",r","0",",r","","","31",",r","31",",r","31",",r","0",",r","0",",r","19440130",",,r","","","19440126",",,r","19440120",",,r","-56.7",",r,30,","","","0.7",",,r,26,","-26.5",",r,20,","6457.0","r","1854.1",",r","2.2",",,,r","-41.48",",r","-38.59",",,,r","-44.36",",,,r"
"RSM00024343","1944-02","66.7667","123.4","88.0","ZHIGANSK, RS","0.0","r","0.0",",r","11",",r","0",",r","0",",r","","","29",",r","29",",r","29",",r","0",",r","0",",r","19440203",",,r","","","19440229",",,r","19440226",",,r","-58.1",",r,03,","","","1.7",",,r,29,","-11.2",",r,26,","7998.2","r","1541.2",",r","10.6",",,,r","-34.81",",r","-30.72",",,,r","-38.90",",,,r"
"RSM00024343","1944-03","66.7667","123.4","88.0","ZHIGANSK, RS","0.0","r","0.0",",r","5",",r","0",",r","0",",r","","","27",",r","31",",r","31",",r","0",",r","0",",r","19440305",",,r","","","19440311",",,r","19440321",",,r","-41.5",",r,05,","","","1.4",",,r,11,","-5.5",",r,21,","9250.2","r","1252.0",",r","4.7",",,,r","-22.05",",r","-15.75",",,,r","-28.36",",,,r"
"RSM00024343","1944-04","66.7667","123.4","88.0","ZHIGANSK, RS","0.0","r","0.0",",r","5",",r","2",",r","0",",r","","","18",",r","30",",r","27",",r","0",",r","0",",r","19440403",",,r","","","19440422",",,r","19440422",",,r","-30.6",",r,03,","","","5.7",",,r,22,","4.5",",r,22,","10173.0","r","922.8",",r","13.0",",,,r","-12.43",",r","-5.98",",,,r","-18.88",",,,r"
"RSM00024343","1944-05","66.7667","123.4","88.0","ZHIGANSK, RS","0.0","r","0.0",",r","6",",r","3",",r","0",",r","","","1",",r","24",",r","5",",r","0",",r","0",",r","19440504",",,r","","","19440521",",,r","19440518",",,r","-20.0",",r,04,","","","7.7",",,r,21,","15.3",",r,18,","10744.8","r","571.8",",r","19.5",",,,r","-0.11",",r","4.70",",,,r","-4.93",",,,r"
"RSM00024343","1944-06","66.7667","123.4","88.0","ZHIGANSK, RS","0.0","r","0.0",",r","15",",r","7",",r","0",",r","","","0",",r","1",",r","0",",r","4",",r","0",",r","19440602",",,r","","","19440626",",,r","19440610","+,,r","-0.4",",r,02,","","","9.7",",,r,26,","24.0",",r,10,+","10981.5","r","236.7",",r","42.6",",,,r","10.44",",r","15.80",",,,r","5.09",",,,r"
"RSM00024343","1944-07","66.7667","123.4","88.0","ZHIGANSK, RS","14.7","r","14.7",",r","8",",r","4",",r","1",",r","","","0",",r","0",",r","0",",r","16",",r","0",",r","19440702",",,r","","","19440721",",,r","19440718",",,r","3.2",",r,02,","","","40.4",",,r,21,","29.6",",r,18,","100.7","r","100.7",",r","76.3",",,,r","15.56",",r","20.58",",,,r","10.54",",,,r"
"RSM00024343","1944-08","66.7667","123.4","88.0","ZHIGANSK, RS","22.5","r","7.8",",r","11",",r","5",",r","0",",r","","","0",",r","3",",r","0",",r","11",",r","0",",r","19440823",",,r","","","19440827",",,r","19440803",",,r","-4.0",",r,23,","","","8.3",",,r,27,","26.0",",r,03,","296.3","r","195.6",",r","28.8",",,,r","12.28",",r","18.02",",,,r","6.54",",,,r"
"RSM00024343","1944-09","66.7667","123.4","88.0","ZHIGANSK, RS","22.5","r","0.0",",r","15",",r","5",",r","0",",r","","","0",",r","13",",r","3",",r","0",",r","0",",r","19440930",",,r","","","19440913",",,r","19440908",",,r","-8.2",",r,30,","","","9.6",",,r,13,","20.9",",r,08,","669.3","r","373.0",",r","44.1",",,,r","5.90",",r","9.92",",,,r","1.88",",,,r"
"RSM00024343","1944-10","66.7667","123.4","88.0","ZHIGANSK, RS","22.5","r","0.0",",r","13",",r","2",",r","0",",r","","","13",",r","31",",r","28",",r","0",",r","0",",r","19441031",",,r","","","19441008",",,r","19441015",",,r","-34.9",",r,31,","","","3.3",",,r,08,","2.0",",r,15,","1623.9","r","954.6",",r","19.7",",,,r","-12.46",",r","-8.67",",,,r","-16.25",",,,r"
"RSM00024343","1944-11","66.7667","123.4","88.0","ZHIGANSK, RS","22.5","r","0.0",",r","7",",r","0",",r","0",",r","","","28",",r","30",",r","30",",r","0",",r","0",",r","19441121",",,r","","","19441114",",,r","19441105",",,r","-45.3",",r,21,","","","1.2",",,r,14,","-13.1",",r,05,","2995.1","r","1371.2",",r","5.5",",,,r","-27.38",",r","-24.12",",,,r","-30.63",",,,r"
"RSM00024343","1944-12","66.7667","123.4","88.0","ZHIGANSK, RS","22.5","r","0.0",",r","7",",r","0",",r","0",",r","","","31",",r","31",",r","31",",r","0",",r","0",",r","19441223",",,r","","","19441226",",,r","19441205",",,r","-52.8",",r,23,","","","1.0",",,r,26,","-17.0",",r,05,","4646.7","r","1651.6",",r","5.4",",,,r","-34.95",",r","-31.15",",,,r","-38.75",",,,r"
"RSM00024343","1945-01","66.7667","123.4","88.0","ZHIGANSK, RS","0.0","r","0.0",",r","9",",r","0",",r","0",",r","","","31",",r","31",",r","31",",r","0",",r","0",",r","19450128",",,r","","","19450113",",,r","19450114",",,r","-53.0",",r,28,","","","0.7",",,r,13,","-32.6",",r,14,","6534.7","r","1888.0",",r","4.7",",,,r","-42.57",",r","-39.09",",,,r","-46.05",",,,r"
"RSM00024343","1945-02","66.7667","123.4","88.0","ZHIGANSK, RS","0.0","r","0.0",",r","3",",r","0",",r","0",",r","","","28",",r","28",",r","28",",r","0",",r","0",",r","19450203",",,r","","","19450226",",,r","19450228",",,r","-51.4",",r,03,","","","0.8",",,r,26,","-20.4",",r,28,","8015.8","r","1481.1",",r","2.8",",,,r","-34.56",",r","-31.41",",,,r","-37.72",",,,r"
"RSM00024343","1945-03","66.7667","123.4","88.0","ZHIGANSK, RS","0.0","r","0.0",",r","8",",r","1",",r","0",",r","","","28",",r","31",",r","31",",r","0",",r","0",",r","19450311",",,r","","","19450325",",,r","19450328",",,r","-49.8",",r,11,","","","2.7",",,r,25,","-1.4",",r,28,","9345.0","r","1329.2",",r","10.9",",,,r","-24.55",",r","-17.87",",,,r","-31.22",",,,r"
"RSM00024343","1945-04","66.7667","123.4","88.0","ZHIGANSK, RS","0.0","r","0.0",",r","5",",r","2",",r","0",",r","","","10",",r","30",",r","20",",r","0",",r","0",",r","19450419",",,r","","","19450406",",,r","19450430",",,r","-28.4",",r,19,","","","6.4",",,r,06,","6.7",",r,30,","10180.5","r","835.5",",r","11.7",",,,r","-9.52",",r","-3.31",",,,r","-15.73",",,,r"
"RSM00024343","1945-05","66.7667","123.4","88.0","ZHIGANSK, RS","0.0","r","0.0",",r","8",",r","2",",r","0",",r","","","0",",r","19",",r","3",",r","0",",r","0",",r","19450504",",,r","","","19450521",",,r","19450531",",,r","-16.4",",r,04,","","","4.8",",,r,21,","18.7",",r,31,","10682.0","r","501.5",",r","13.9",",,,r","2.15",",r","6.88",",,,r","-2.57",",,,r"
"RSM00024343","1945-06","66.7667","123.4","88.0","ZHIGANSK, RS","0.0","r","0.0",",r","9",",r","6",",r","0",",r","","","0",",r","1",",r","0",",r","8",",r","0",",r","19450625",",,r","","","19450605",",,r","19450611",",,r","-1.0",",r,25,","","","7.0",",,r,05,","24.4",",r,11,","10815.3","r","133.3",",r","31.8",",,,r","13.89",",r","19.14",",,,r","8.64",",,,r"
"RSM00024343","1945-07","66.7667","123.4","88.0","ZHIGANSK, RS","21.8","r","21.8",",r","12",",r","7",",r","0",",r","","","0",",r","0",",r","0",",r","18",",r","0",",r","19450730",",,r","","","19450722",",,r","19450703",",,r","1.8",",r,30,","","","21.4",",,r,22,","29.6",",r,03,","73.7","r","73.7",",r","71.0",",,,r","16.66",",r","21.95",",,,r","11.37",",,,r"
"RSM00024343","1945-08","66.7667","123.4","88.0","ZHIGANSK, RS","27.1","r","5.3",",r","10",",r","5",",r","1",",r","","","0",",r","1",",r","0",",r","10",",r","0",",r","19450825",",,r","","","19450813",",,r","19450809",",,r","-1.4",",r,25,","","","26.8",",,r,13,","26.3",",r,09,","263.5","r","189.8",",r","63.9",",,,r","12.38",",r","18.61",",,,r","6.16",",,,r"
"RSM00024343","1945-09","66.7667","123.4","88.0","ZHIGANSK, RS","27.1","r","0.0",",r","11",",r","2",",r","0",",r","","","0",",r","14",",r","0",",r","0",",r","0",",r","19450929",",,r","","","19450923",",,r","19450904",",,r","-7.9",",r,29,","","","3.5",",,r,23,","18.3",",r,04,","675.1","r","411.6",",r","15.6",",,,r","4.61",",r","9.00",",,,r","0.22",",,,r"
"RSM00024343","1945-10","66.7667","123.4","88.0","ZHIGANSK, RS","27.1","r","0.0",",r","15",",r","4",",r","0",",r","","","2",",r","29",",r","24",",r","0",",r","0",",r","19451025",",,r","","","19451002",",,r","19451002","+,,r","-21.3",",r,25,","","","7.7",",,r,02,","3.0",",r,02,+","1439.3","r","764.2",",r","34.5",",,,r","-6.32",",r","-3.74",",,,r","-8.90",",,,r"
"RSM00024343","1945-11","66.7667","123.4","88.0","ZHIGANSK, RS","27.1","r","0.0",",r","18",",r","1",",r","0",",r","","","26",",r","30",",r","30",",r","0",",r","0",",r","19451128",",,r","","","19451116",",,r","19451104",",,r","-51.6",",r,28,","","","2.5",",,r,16,","-8.5",",r,04,","2724.8","r","1285.5",",r","16.8",",,,r","-24.52",",r","-20.79",",,,r","-28.25",",,,r"
"RSM00024343","1945-12","66.7667","123.4","88.0","ZHIGANSK, RS","27.1","r","0.0",",r","3",",r","0",",r","0",",r","","","31",",r","31",",r","31",",r","0",",r","0",",r","19451216",",,r","","","19451206",",,r","19451223",",,r","-54.7",",r,16,","","","0.5",",,r,06,","-28.5",",r,23,","4656.0","r","1931.2",",r","1.6",",,,r","-43.96",",r","-40.32",",,,r","-47.61",",,,r"
"RSM00024343","1946-01","66.7667","123.4","88.0","ZHIGANSK, RS","0.0","r","0.0",",r","7",",r","0",",r","0",",r","","","31",",r","31",",r","31",",r","0",",r","0",",r","19460131",",,r","","","19460117",",,r","19460118",",,r","-54.7",",r,31,","","","1.4",",,r,17,","-28.5",",r,18,","6566.8","r","1910.8",",r","6.2",",,,r","-43.31",",r","-40.00",",,,r","-46.62",",,,r"
"RSM00024343","1946-02","66.7667","123.4","88.0","ZHIGANSK, RS","0.0","r","0.0",",r","2",",r","1",",r","0",",r","","","28",",r","28",",r","28",",r","0",",r","0",",r","19460207",",,r","","","19460213",",,r","19460213",",,r","-54.2",",r,07,","","","3.4",",,r,13,","-28.0",",r,13,","8227.0","r","1660.2",",r","5.5",",,,r","-40.96",",r","-36.78",",,,r","-45.14",",,,r"
"RSM00024343","1946-03","66.7667","123.4","88.0","ZHIGANSK, RS","0.0","r","0.0",",r","3",",r","0",",r","0",",r","","","29",",r","31",",r","31",",r","0",",r","0",",r","19460311",",,r","","","19460330",",,r","19460331",",,r","-42.4",",r,11,","","","1.3",",,r,30,","-8.0",",r,31,","9574.4","r","1347.4",",r","2.6",",,,r","-25.13",",r","-18.79",",,,r","-31.47",",,,r"
"RSM00024343","1946-04","66.7667","123.4","88.0","ZHIGANSK, RS","0.0","r","0.0",",r","5",",r","0",",r","0",",r","","","15",",r","30",",r","24",",r","0",",r","0",",r","19460403",",,r","","","19460408",",,r","19460420",",,r","-28.9",",r,03,","","","1.4",",,r,08,","4.8",",r,20,","10400.0","r","825.6",",r","4.0",",,,r","-9.19",",r","-2.37",",,,r","-16.00",",,,r"
"RSM00024343","1946-05","66.7667","123.4","88.0","ZHIGANSK, RS","0.0","r","0.0",",r","12",",r","5",",r","0",",r","","","0",",r","24",",r","7",",r","0",",r","0",",r","19460506",",,r","","","19460524",",,r","19460529",",,r","-15.1",",r,06,","","","8.5",",,r,24,","9.9",",r,29,","10994.9","r","594.9",",r","32.7",",,,r","-0.86",",r","3.44",",,,r","-5.15",",,,r"
"RSM00024343","1946-06","66.7667","123.4","88.0","ZHIGANSK, RS","1.7","r","1.7",",r","10",",r","3",",r","0",",r","","","0",",r","0",",r","0",",r","7",",r","0",",r","19460604","+,,r","","","19460611",",,r","19460629",",,r","0.6",",r,04,+","","","7.8",",,r,11,","25.5",",r,29,","11187.7","r","192.8",",r","20.8",",,,r","11.96",",r","16.92",",,,r","7.01",",,,r"
"RSM00024343","1946-07","66.7667","123.4","88.0","ZHIGANSK, RS","30.5","r","28.8",",r","7",",r","4",",r","0",",r","","","0",",r","0",",r","0",",r","20",",r","0",",r","19460714",",,r","","","19460729",",,r","19460704",",,r","0.8",",r,14,","","","13.8",",,r,29,","29.5",",r,04,","73.1","r","73.1",",r","38.8",",,,r","16.90",",r","22.77",",,,r","11.03",",,,r"
"RSM00024343","1946-08","66.7667","123.4","88.0","ZHIGANSK, RS","30.5","r","0.0",",r","12",",r","4",",r","0",",r","","","0",",r","6",",r","0",",r","3",",r","0",",r","19460814",",,r","","","19460817",",,r","19460806",",,r","-5.2",",r,14,","","","13.8",",,r,17,","24.5",",r,06,","341.6","r","268.5",",r","43.6",",,,r","9.67",",r","14.95",",,,r","4.40",",,,r"
"RSM00024343","1946-09","66.7667","123.4","88.0","ZHIGANSK, RS","30.5","r","0.0",",r","8",",r","1",",r","0",",r","","","1",",r","25",",r","4",",r","0",",r","0",",r","19460926",",,r","","","19460910",",,r","19460907",",,r","-18.1",",r,26,","","","4.9",",,r,10,","17.9",",r,07,","864.5","r","522.9",",r","11.2",",,,r","0.90",",r","5.33",",,,r","-3.52",",,,r"
"RSM00024343","1946-10","66.7667","123.4","88.0","ZHIGANSK, RS","30.5","r","0.0",",r","17",",r","1",",r","0",",r","","","10",",r","31",",r","28",",r","0",",r","0",",r","19461024",",,r","","","19461022",",,r","19461001",",,r","-31.2",",r,24,","","","3.4",",,r,22,","1.0",",r,01,","1765.6","r","901.1",",r","17.4",",,,r","-10.74",",r","-6.79",",,,r","-14.68",",,,r"
"RSM00024343","1946-11","66.7667","123.4","88.0","ZHIGANSK, RS","30.5","r","0.0",",r","10",",r","0",",r","0",",r","","","29",",r","30",",r","30",",r","0",",r","0",",r","19461118",",,r","","","19461109",",,r","19461108",",,r","-47.9",",r,18,","","","1.9",",,r,09,","-8.6",",r,08,","3265.5","r","1499.9",",r","9.1",",,,r","-31.66",",r","-27.15",",,,r","-36.18",",,,r"
"RSM00024343","1946-12","66.7667","123.4","88.0","ZHIGANSK, RS","30.5","r","0.0",",r","2",",r","0",",r","0",",r","","","31",",r","31",",r","31",",r","0",",r","0",",r","19461231",",,r","","","19461226","+,,r","19461213",",,r","-56.3",",r,31,","","","0.3",",,r,26,+","-15.0",",r,13,","5059.0","r","1793.5",",r","1.3",",,,r","-39.52",",r","-35.30",",,,r","-43.75",",,,r"
"RSM00024343","1947-01","66.7667","123.4","88.0","ZHIGANSK, RS","0.0","r","0.0",",r","3",",r","0",",r","0",",r","","","31",",r","31",",r","31",",r","0",",r","0",",r","19470122",",,r","","","19470127",",,r","19470108",",,r","-59.3",",r,22,","","","0.4",",,r,27,","-28.5",",r,08,","6972.0","r","1913.0",",r","1.5",",,,r","-43.38",",r","-39.97",",,,r","-46.78",",,,r"
"RSM00024343","1947-02","66.7667","123.4","88.0","ZHIGANSK, RS","0.0","r","0.0",",r","1",",r","0",",r","0",",r","","","28",",r","28",",r","28",",r","0",",r","0",",r","19470225",",,r","","","19470228",",,r","19470212","+,,r","-53.9",",r,25,","","","0.3",",,r,28,","-19.3",",r,12,+","8431.4","r","1459.4",",r","0.8",",,,r","-33.79",",r","-29.03",",,,r","-38.55",",,,r"
"RSM00024343","1947-03","66.7667","123.4","88.0","ZHIGANSK, RS","0.0","r","0.0",",r","5",",r","0",",r","0",",r","","","26",",r","31",",r","31",",r","0",",r","0",",r","19470328",",,r","","","19470325",",,r","19470325",",,r","-39.6",",r,28,","","","0.6",",,r,25,","-4.5",",r,25,","9640.0","r","1208.6",",r","2.5",",,,r","-20.65",",r","-15.08",",,,r","-26.23",",,,r"
"RSM00024343","1947-04","66.7667","123.4","88.0","ZHIGANSK, RS","0.0","r","0.0",",r","6",",r","1",",r","0",",r","","","12",",r","30",",r","19",",r","0",",r","0",",r","19470408",",,r","","","19470414",",,r","19470426",",,r","-35.0",",r,08,","","","3.3",",,r,14,","7.3",",r,26,","10484.4","r","844.4",",r","10.0",",,,r","-9.82",",r","-3.45",",,,r","-16.18",",,,r"
"RSM00024343","1947-05","66.7667","123.4","88.0","ZHIGANSK, RS","0.0","r","0.0",",r","7",",r","2",",r","0",",r","","","0",",r","18",",r","5",",r","0",",r","0",",r","19470505",",,r","","","19470527",",,r","19470530",",,r","-15.5",",r,05,","","","6.6",",,r,27,","16.1",",r,30,","10971.5","r","487.1",",r","18.2",",,,r","2.62",",r","7.36",",,,r","-2.12",",,,r"
"RSM00024343","1947-06","66.7667","123.4","88.0","ZHIGANSK, RS","1.6","r","1.6",",r","8",",r","4",",r","0",",r","","","0",",r","0",",r","0",",r","9",",r","0",",r","19470622",",,r","","","19470620",",,r","19470617",",,r","1.5",",r,22,","","","8.4",",,r,20,","26.2",",r,17,","11118.5","r","147.0",",r","26.0",",,,r","13.49",",r","19.19",",,,r","7.78",",,,r"
"RSM00024343","1947-07","66.7667","123.4","88.0","ZHIGANSK, RS","43.8","r","42.2",",r","3",",r","2",",r","0",",r","","","0",",r","0",",r","0",",r","22",",r","0",",r","19470712",",,r","","","19470705",",,r","19470708",",,r","2.1",",r,12,","","","13.1",",,r,05,","31.5",",r,08,","78.3","r","78.3",",r","17.6",",,,r","17.17",",r","23.71",",,,r","10.63",",,,r"
"RSM00024343","1947-08","66.7667","123.4","88.0","ZHIGANSK, RS","43.8","r","0.0",",r","7",",r","5",",r","0",",r","","","0",",r","1",",r","0",",r","4",",r","0",",r","19470818",",,r","","","19470813",",,r","19470805",",,r","-2.6",",r,18,","","","15.2",",,r,13,","24.6",",r,05,","281.0","r","202.7",",r","48.5",",,,r","11.79",",r","16.99",",,,r","6.60",",,,r"
"RSM00024343","1947-09","66.7667","123.4","88.0","ZHIGANSK, RS","43.8","r","0.0",",r","12",",r","3",",r","0",",r","","","0",",r","17",",r","4",",r","0",",r","0",",r","19470927",",,r","","","19470911",",,r","19470901",",,r","-6.4",",r,27,","","","5.6",",,r,11,","19.3",",r,01,","715.6","r","434.6",",r","19.9",",,,r","3.85",",r","7.68",",,,r","0.01",",,,r"
"RSM00024343","1947-10","66.7667","123.4","88.0","ZHIGANSK, RS","43.8","r","0.0",",r","10",",r","1",",r","0",",r","","","1",",r","27",",r","12",",r","0",",r","0",",r","19471031",",,r","","","19471030",",,r","19471003",",,r","-19.2",",r,31,","","","2.8",",,r,30,","10.4",",r,03,","1377.4","r","661.8",",r","14.4",",,,r","-3.02",",r","0.22",",,,r","-6.25",",,,r"
"RSM00024343","1947-11","66.7667","123.4","88.0","ZHIGANSK, RS","43.8","r","0.0",",r","10",",r","0",",r","0",",r","","","23",",r","30",",r","30",",r","0",",r","0",",r","19471112",",,r","","","19471105","+,,r","19471102",",,r","-43.0",",r,12,","","","1.5",",,r,05,+","-6.0",",r,02,","2724.1","r","1346.7",",r","8.9",",,,r","-26.56",",r","-22.51",",,,r","-30.60",",,,r"
"RSM00024343","1947-12","66.7667","123.4","88.0","ZHIGANSK, RS","43.8","r","0.0",",r","4",",r","0",",r","0",",r","","","31",",r","31",",r","31",",r","0",",r","0",",r","19471226",",,r","","","19471216",",,r","19471202",",,r","-52.0",",r,26,","","","0.7",",,r,16,","-20.3",",r,02,","4439.4","r","1715.3",",r","3.0",",,,r","-37.00",",r","-33.23",",,,r","-40.77",",,,r"
"RSM00024343","1948-01","66.7667","123.4","88.0","ZHIGANSK, RS","0.0","r","0.0","1,r","10",",r","0",",r","0",",r","","","30","1,r","30","1,r","31",",r","0",",r","0",",r","19480119",",1,r","","","19480116",",,r","19480103",",,r","-55.6","1,r,19,","","","2.0",",,r,16,","-17.3",",r,03,","6116.4","r","1677.0",",r","7.4",",,,r","-37.47","1,r","-33.62",",,,r","-41.32","1,,,r"
"RSM00024343","1948-02","66.7667","123.4","88.0","ZHIGANSK, RS","0.0","r","0.0","1,r","3",",r","0",",r","0",",r","","","29",",r","29",",r","28","1,r","0","1,r","0","1,r","19480201",",,r","","","19480225",",,r","19480224",",1,r","-53.5",",r,01,","","","1.2",",,r,25,","-13.9","1,r,24,","7595.5","r","1479.1","1,r","2.7",",,,r","-34.75","1,r","-30.56","1,,,r","-38.94",",,,r"
"RSM00024343","1948-03","66.7667","123.4","88.0","ZHIGANSK, RS","0.0","r","0.0",",r","8",",r","0",",r","0",",r","","","24",",r","31",",r","30",",r","0",",r","0",",r","19480316",",,r","","","19480318",",,r","19480327",",,r","-41.3",",r,16,","","","2.0",",,r,18,","1.7",",r,27,","8774.8","r","1179.3",",r","6.1",",,,r","-19.71",",r","-14.06",",,,r","-25.35",",,,r"
"RSM00024343","1948-04","66.7667","123.4","88.0","ZHIGANSK, RS","0.0","r","0.0",",r","12",",r","3",",r","0",",r","","","14",",r","30",",r","19",",r","0",",r","0",",r","19480407",",,r","","","19480410",",,r","19480429",",,r","-31.6",",r,07,","","","4.1",",,r,10,","8.6",",r,29,","9628.4","r","853.6",",r","18.2",",,,r","-10.12",",r","-3.50",",,,r","-16.75",",,,r"
"RSM00024343","1948-05","66.7667","123.4","88.0","ZHIGANSK, RS","0.0","r","0.0",",r","7",",r","2",",r","0",",r","","","0",",r","23",",r","2",",r","0",",r","0",",r","19480510",",,r","","","19480514",",,r","19480527",",,r","-12.0",",r,10,","","","2.7",",,r,14,","20.7",",r,27,","10136.7","r","508.3",",r","9.1",",,,r","1.94",",r","7.17",",,,r","-3.30",",,,r"
"RSM00024343","1948-06","66.7667","123.4","88.0","ZHIGANSK, RS","11.5","r","11.5",",r","10",",r","5",",r","0",",r","","","0",",r","0",",r","0",",r","13",",r","0",",r","19480608",",,r","","","19480619",",,r","19480630",",,r","0.5",",r,08,","","","7.5",",,r,19,","28.9",",r,30,","10286.7","r","150.0",",r","31.1",",,,r","13.72",",r","18.94",",,,r","8.49",",,,r"
"RSM00024343","1948-07","66.7667","123.4","88.0","ZHIGANSK, RS","28.7","r","17.2",",r","9",",r","4",",r","0",",r","","","0",",r","0",",r","0",",r","20",",r","0",",r","19480723",",,r","","","19480729",",,r","19480726",",,r","2.1",",r,23,","","","3.7",",,r,29,","30.0",",r,26,","85.0","r","85.0",",r","18.1",",,,r","16.15",",r","22.08",",,,r","10.22",",,,r"
"RSM00024343","1948-08","66.7667","123.4","88.0","ZHIGANSK, RS","31.0","r","2.3",",r","10",",r","5",",r","0",",r","","","0",",r","0",",r","0",",r","14",",r","0",",r","19480807",",,r","","","19480820",",,r","19480802",",,r","0.6",",r,07,","","","22.0",",,r,20,","27.2",",r,02,","219.2","r","134.2",",r","53.0",",,,r","14.08",",r","20.28",",,,r","7.87",",,,r"
"RSM00024343","1948-09","66.7667","123.4","88.0","ZHIGANSK, RS","31.0","r","0.0",",r","6",",r","0",",r","0",",r","","","0",",r","13",",r","0",",r","0",",r","0",",r","19480930",",,r","","","19480924",",,r","19480909","+,,r","-12.0",",r,30,","","","2.2",",,r,24,","17.7",",r,09,+","621.8","r","402.6",",r","6.8",",,,r","4.91",",r","9.86",",,,r","-0.03",",,,r"
"RSM00024343","1948-10","66.7667","123.4","88.0","ZHIGANSK, RS","31.0","r","0.0",",r","18",",r","9",",r","0",",r","","","3",",r","24",",r","19",",r","0",",r","0",",r","19481024",",,r","","","19481004",",,r","19481006",",,r","-27.4",",r,24,","","","13.2",",,r,04,","7.5",",r,06,","1357.1","r","735.3",",r","71.3",",,,r","-5.39",",r","-2.51",",,,r","-8.26",",,,r"
"RSM00024343","1948-11","66.7667","123.4","88.0","ZHIGANSK, RS","31.0","r","0.0",",r","21",",r","2",",r","0",",r","","","28",",r","30",",r","30",",r","0",",r","0",",r","19481119",",,r","","","19481109",",,r","19481109",",,r","-44.6",",r,19,","","","8.9",",,r,09,","-1.6",",r,09,","2682.0","r","1324.9",",r","38.1",",,,r","-25.83",",r","-21.64",",,,r","-30.02",",,,r"
"RSM00024343","1948-12","66.7667","123.4","88.0","ZHIGANSK, RS","31.0","r","0.0",",r","15","1,r","0","1,r","0","1,r","","","31",",r","31",",r","31",",r","0",",r","0",",r","19481221",",,r","","","19481215","+,1,r","19481202",",,r","-60.0",",r,21,","","","2.4","1,,r,15,+","-14.1",",r,02,","4465.0","r","1783.0",",r","17.9","1,,,r","-39.18",",r","-34.81",",,,r","-43.56",",,,r"
"RSM00024343","1949-01","66.7667","123.4","88.0","ZHIGANSK, RS","0.0","r","0.0",",r","16",",r","0",",r","0",",r","","","31",",r","31",",r","31",",r","0",",r","0",",r","19490111",",,r","","","19490125",",,r","19490118",",,r","-51.9",",r,11,","","","1.8",",,r,25,","-23.0",",r,18,","6178.4","r","1713.4",",r","15.9",",,,r","-36.94",",r","-32.71",",,,r","-41.16",",,,r"
"RSM00024343","1949-02","66.7667","123.4","88.0","ZHIGANSK, RS","0.0","r","0.0",",r","6",",r","0",",r","0",",r","","","28",",r","28",",r","28",",r","0",",r","0",",r","19490204",",,r","","","19490215",",,r","19490210",",,r","-50.4",",r,04,","","","1.5",",,r,15,","-23.2",",r,10,","7726.9","r","1548.5",",r","6.2",",,,r","-36.97",",r","-32.61",",,,r","-41.34",",,,r"
"RSM00024343","1949-03","66.7667","123.4","88.0","ZHIGANSK, RS","0.0","r","0.0",",r","8",",r","0",",r","0",",r","","","28",",r","31",",r","31",",r","0",",r","0",",r","19490307",",,r","","","19490314",",,r","19490331",",,r","-46.8",",r,07,","","","1.3",",,r,14,","-4.8",",r,31,","9017.9","r","1291.0",",r","8.0",",,,r","-23.31",",r","-18.35",",,,r","-28.27",",,,r"
"RSM00024343","1949-04","66.7667","123.4","88.0","ZHIGANSK, RS","0.0","r","0.0",",r","11",",r","1",",r","0",",r","","","11",",r","30",",r","23",",r","0",",r","0",",r","19490413",",,r","","","19490426",",,r","19490422",",,r","-32.3",",r,13,","","","2.7",",,r,26,","5.1",",r,22,","9858.5","r","840.6",",r","13.6",",,,r","-9.69",",r","-3.49",",,,r","-15.88",",,,r"
"RSM00024343","1949-05","66.7667","123.4","88.0","ZHIGANSK, RS","0.0","r","0.0",",r","12",",r","4",",r","0",",r","","","0",",r","21",",r","1",",r","0",",r","0",",r","19490509",",,r","","","19490528",",,r","19490530",",,r","-11.4",",r,09,","","","11.8",",,r,28,","13.7",",r,30,","10363.7","r","505.2",",r","34.2",",,,r","2.04",",r","6.08",",,,r","-2.00",",,,r"
"RSM00024343","1949-06","66.7667","123.4","88.0","ZHIGANSK, RS","0.0","r","0.0",",r","12",",r","4",",r","1",",r","","","0",",r","1",",r","0",",r","5",",r","0",",r","19490608",",,r","","","19490627",",,r","19490606",",,r","-1.4",",r,08,","","","27.9",",,r,27,","25.9",",r,06,","10553.9","r","190.2",",r","59.2",",,,r","11.99",",r","16.95",",,,r","7.04",",,,r"
"RSM00024343","1949-07","66.7667","123.4","88.0","ZHIGANSK, RS","3.1","r","3.1",",r","10",",r","7",",r","0",",r","","","0",",r","0",",r","0",",r","12",",r","0",",r","19490704",",,r","","","19490728",",,r","19490712",",,r","2.1",",r,04,","","","10.2",",,r,28,","25.0",",r,12,","156.9","r","156.9",",r","54.9",",,,r","13.37",",r","18.43",",,,r","8.31",",,,r"
"RSM00024343","1949-08","66.7667","123.4","88.0","ZHIGANSK, RS","7.8","r","4.7",",r","13",",r","9",",r","0",",r","","","0",",r","1",",r","0",",r","9",",r","0",",r","19490820",",,r","","","19490825",",,r","19490810",",,r","-0.4",",r,20,","","","21.4",",,r,25,","30.4",",r,10,","376.2","r","219.3",",r","97.4",",,,r","11.41",",r","16.38",",,,r","6.44",",,,r"
"RSM00024343","1949-09","66.7667","123.4","88.0","ZHIGANSK, RS","7.8","r","0.0",",r","9",",r","2",",r","0",",r","","","0",",r","7",",r","0",",r","0",",r","0",",r","19490913",",,r","","","19490921",",,r","19490911",",,r","-3.5",",r,13,","","","8.0",",,r,21,","19.6",",r,11,","717.8","r","341.6",",r","21.9",",,,r","6.95",",r","12.10",",,,r","1.79",",,,r"
"RSM00024343","1949-10","66.7667","123.4","88.0","ZHIGANSK, RS","7.8","r","0.0",",r","18",",r","2",",r","0",",r","","","6",",r","26",",r","17",",r","0",",r","0",",r","19491028",",,r","","","19491002",",,r","19491008",",,r","-28.9",",r,28,","","","9.0",",,r,02,","9.7",",r,08,","1471.9","r","754.1",",r","31.8",",,,r","-5.99",",r","-2.57",",,,r","-9.42",",,,r"
"RSM00024343","1949-11","66.7667","123.4","88.0","ZHIGANSK, RS","7.8","r","0.0","2,r","11",",r","0",",r","0",",r","","","25","1,r","29","1,r","29","1,r","0","1,r","0","1,r","19491129",",1,r","","","19491102",",,r","19491102",",1,r","-52.0","1,r,29,","","","1.4",",,r,02,","-5.5","1,r,02,","2903.9","r","1432.0","1,r","8.3",",,,r","-33.13","2,r","-29.27","1,,,r","-36.99","1,,,r"
"RSM00024343","1949-12","66.7667","123.4","88.0","ZHIGANSK, RS","","","","","9",",r","0",",r","0",",r","","","31",",","31",",r","","","","","","","19491212",",,r","","","19491229",",,r","","","-52.9",",r,12,","","","2.2",",,r,29,","","","","","","","8.5",",,,r","","","","","-43.67",",,,r"
"RSM00024343","1950-01","66.7667","123.4","88.0","ZHIGANSK, RS","0.0","r","0.0",",r","11",",r","0",",r","0",",r","","","31",",r","31",",r","31",",r","0",",r","0",",r","19500120",",,r","","","19500116",",,r","19500101",",,r","-54.4",",r,20,","","","0.8",",,r,16,","-27.1",",r,01,","","","1808.2",",r","5.6",",,,r","-40.00",",r","-36.56",",,,r","-43.43",",,,r"
"RSM00024343","1950-02","66.7667","123.4","88.0","ZHIGANSK, RS","0.0","r","0.0","2,r","10",",r","0",",r","0",",r","","","27","1,r","27","1,r","27","1,r","0","1,r","0","1,r","19500212",",1,r","","","19500208",",,r","19500228",",1,r","-53.7","1,r,12,","","","1.0",",,r,08,","-21.7","1,r,28,","","","1425.8","1,r","6.2",",,,r","-36.23","2,r","-31.70","1,,,r","-40.76","1,,,r"
"RSM00024343","1950-03","66.7667","123.4","88.0","ZHIGANSK, RS","0.0","r","0.0",",r","5",",r","0",",r","0",",r","","","28",",r","31",",r","31",",r","0",",r","0",",r","19500306",",,r","","","19500331",",,r","19500324",",,r","-44.8",",r,06,","","","2.0",",,r,31,","-7.7",",r,24,","","","1343.5",",r","6.5",",,,r","-25.01",",r","-19.49",",,,r","-30.52",",,,r"
"RSM00024343","1950-04","66.7667","123.4","88.0","ZHIGANSK, RS","0.0","r","0.0",",r","9",",r","2",",r","0",",r","","","21",",r","30",",r","24",",r","0",",r","0",",r","19500415",",,r","","","19500406",",,r","19500430","+,,r","-35.7",",r,15,","","","2.9",",,r,06,","4.5",",r,30,+","","","964.8",",r","10.3",",,,r","-13.83",",r","-6.67",",,,r","-20.99",",,,r"
"RSM00024343","1950-05","66.7667","123.4","88.0","ZHIGANSK, RS","0.0","r","0.0",",r","6",",r","3",",r","0",",r","","","0",",r","25",",r","3",",r","0",",r","0",",r","19500510",",,r","","","19500507",",,r","19500530","+,,r","-12.5",",r,10,","","","4.4",",,r,07,","12.6",",r,30,+","","","560.3",",r","14.6",",,,r","0.26",",r","5.44",",,,r","-4.92",",,,r"
"RSM00024343","1950-06","66.7667","123.4","88.0","ZHIGANSK, RS","0.0","r","0.0",",r","12",",r","7",",r","0",",r","","","0",",r","6",",r","0",",r","3",",r","0",",r","19500602",",,r","","","19500610",",,r","19500621",",,r","-1.7",",r,02,","","","13.0",",,r,10,","25.7",",r,21,","","","233.6",",r","53.8",",,,r","10.55",",r","15.77",",,,r","5.32",",,,r"
"RSM00024343","1950-07","66.7667","123.4","88.0","ZHIGANSK, RS","1.5","r","1.5",",r","9",",r","4",",r","0",",r","","","0",",r","0",",r","0",",r","8",",r","0",",r","19500710",",,r","","","19500708",",,r","19500704",",,r","1.2",",r,10,","","","17.0",",,r,08,","26.8",",r,04,","160.4","r","160.4",",r","40.6",",,,r","13.21",",r","18.64",",,,r","7.78",",,,r"
"RSM00024343","1950-08","66.7667","123.4","88.0","ZHIGANSK, RS","1.5","r","0.0",",r","12",",r","6",",r","0",",r","","","0",",r","1",",r","0",",r","1",",r","0",",r","19500808",",,r","","","19500811",",,r","19500824",",,r","-1.3",",r,08,","","","14.2",",,r,11,","21.3",",r,24,","440.7","r","280.3",",r","41.6",",,,r","9.29",",r","14.16",",,,r","4.43",",,,r"
"RSM00024343","1950-09","66.7667","123.4","88.0","ZHIGANSK, RS","1.5","r","0.0",",r","10",",r","2",",r","0",",r","","","0",",r","19",",r","2",",r","0",",r","0",",r","19500917",",,r","","","19500927",",,r","19500919",",,r","-9.6",",r,17,","","","6.0",",,r,27,","13.7",",r,19,","928.1","r","487.4",",r","15.5",",,,r","2.09",",r","6.32",",,,r","-2.14",",,,r"
"RSM00024343","1950-10","66.7667","123.4","88.0","ZHIGANSK, RS","1.5","r","0.0",",r","20",",r","8",",r","0",",r","","","15",",r","28",",r","26",",r","0",",r","0",",r","19501031",",,r","","","19501003",",,r","19501003",",,r","-42.6",",r,31,","","","11.5",",,r,03,","6.2",",r,03,","1868.6","r","940.5",",r","50.7",",,,r","-12.01",",r","-8.11",",,,r","-15.91",",,,r"
"RSM00024343","1950-11","66.7667","123.4","88.0","ZHIGANSK, RS","1.5","r","0.0",",r","14",",r","0",",r","0",",r","","","30",",r","30",",r","30",",r","0",",r","0",",r","19501126",",,r","","","19501102",",,r","19501105",",,r","-47.5",",r,26,","","","2.2",",,r,02,","-15.5",",r,05,","3370.4","r","1501.8",",r","14.0",",,,r","-31.73",",r","-27.74",",,,r","-35.72",",,,r"
"RSM00024343","1950-12","66.7667","123.4","88.0","ZHIGANSK, RS","1.5","r","0.0",",r","7",",r","0",",r","0",",r","","","31",",r","31",",r","31",",r","0",",r","0",",r","19501229",",,r","","","19501206","+,,r","19501201",",,r","-53.1",",r,29,","","","0.8",",,r,06,+","-27.5",",r,01,","5232.0","r","1861.6",",r","4.0",",,,r","-41.72",",r","-38.17",",,,r","-45.27",",,,r"
"RSM00024343","1951-01","66.7667","123.4","88.0","ZHIGANSK, RS","","","","","9",",r","0",",r","0",",r","","","31",",","31",",r","","","","","","","19510102",",,r","","","19510117",",,r","","","-56.4",",r,02,","","","1.5",",,r,17,","","","","","","","7.6",",,,r","","","","","-45.55",",,,r"
"RSM00024343","1951-02","66.7667","123.4","88.0","ZHIGANSK, RS","","","","","6",",r","0",",r","0",",r","","","27","1,","27","1,r","","","","","","","19510202",",1,r","","","19510226","+,,r","","","-53.5","1,r,02,","","","0.7",",,r,26,+","","","","","","","3.8",",,,r","","","","","-44.66","1,,,r"
"RSM00024343","1951-03","66.7667","123.4","88.0","ZHIGANSK, RS","","","0.0",",r","9",",r","0",",r","0",",r","","","29",",r","31",",r","31",",r","0",",r","0",",r","19510304",",,r","","","19510325",",,r","19510325",",,r","-45.9",",r,04,","","","1.5",",,r,25,","-4.2",",r,25,","","","1352.9",",r","7.6",",,,r","-25.31",",r","-18.83",",,,r","-31.79",",,,r"
"RSM00024343","1951-04","66.7667","123.4","88.0","ZHIGANSK, RS","","","0.0",",r","7",",r","0",",r","0",",r","","","18",",r","30",",r","22",",r","0",",r","0",",r","19510405",",,r","","","19510415","+,,r","19510430",",,r","-44.4",",r,05,","","","2.2",",,r,15,+","4.0",",r,30,","","","1013.8",",r","7.7",",,,r","-15.46",",r","-8.80",",,,r","-22.12",",,,r"
"RSM00024343","1951-05","66.7667","123.4","88.0","ZHIGANSK, RS","","","0.0",",r","9",",r","3",",r","0",",r","","","0",",r","27",",r","4",",r","0",",r","0",",r","19510505",",,r","","","19510526",",,r","19510525",",,r","-16.6",",r,05,","","","16.5",",,r,26,","10.9",",r,25,","","","557.3",",r","44.7",",,,r","0.36",",r","4.79",",,,r","-4.08",",,,r"
"RSM00024343","1951-06","66.7667","123.4","88.0","ZHIGANSK, RS","","","0.0",",r","11",",r","4",",r","0",",r","","","0",",r","4",",r","0",",r","4",",r","0",",r","19510601",",,r","","","19510622",",,r","19510630",",,r","-2.2",",r,01,","","","14.3",",,r,22,","21.8",",r,30,","","","261.9",",r","44.1",",,,r","9.60",",r","14.16",",,,r","5.05",",,,r"
"RSM00024343","1951-07","66.7667","123.4","88.0","ZHIGANSK, RS","","","5.7",",r","15",",r","6",",r","1",",r","","","0",",r","0",",r","0",",r","14",",r","0",",r","19510730",",,r","","","19510723",",,r","19510712",",,r","4.1",",r,30,","","","30.5",",,r,23,","25.6",",r,12,","112.7","r","112.7",",r","75.7",",,,r","14.88",",r","19.30",",,,r","10.46",",,,r"
"RSM00024343","1951-08","66.7667","123.4","88.0","ZHIGANSK, RS","","","0.0",",r","8",",r","4",",r","0",",r","","","0",",r","3",",r","0",",r","9",",r","0",",r","19510825",",,r","","","19510824",",,r","19510816",",,r","-1.8",",r,25,","","","10.4",",,r,24,","24.3",",r,16,","304.7","r","192.0",",r","30.7",",,,r","12.14",",r","17.90",",,,r","6.37",",,,r"
"RSM00024343","1951-09","66.7667","123.4","88.0","ZHIGANSK, RS","","","0.0",",r","6",",r","1",",r","0",",r","","","0",",r","13",",r","0",",r","0",",r","0",",r","19510927",",,r","","","19510921",",,r","19510906",",,r","-6.3",",r,27,","","","3.0",",,r,21,","20.7",",r,06,","655.6","r","350.9",",r","10.4",",,,r","6.64",",r","11.73",",,,r","1.55",",,,r"
"RSM00024343","1951-10","66.7667","123.4","88.0","ZHIGANSK, RS","","","0.0",",r","19",",r","3",",r","0",",r","","","1",",r","31",",r","24",",r","0",",r","0",",r","19511024",",,r","","","19511021",",,r","19511001",",,r","-19.6",",r,24,","","","6.3",",,r,21,","12.7",",r,01,","1411.6","r","756.0",",r","30.3",",,,r","-6.05",",r","-2.51",",,,r","-9.60",",,,r"
"RSM00024343","1951-11","66.7667","123.4","88.0","ZHIGANSK, RS","","","0.0",",r","23",",r","4",",r","0",",r","","","28",",r","30",",r","30",",r","0",",r","0",",r","19511127",",,r","","","19511106",",,r","19511101",",,r","-52.7",",r,27,","","","6.3",",,r,06,","-5.9",",r,01,","2792.2","r","1380.6",",r","38.0",",,,r","-27.69",",r","-22.54",",,,r","-32.84",",,,r"
"RSM00024343","1951-12","66.7667","123.4","88.0","ZHIGANSK, RS","","","0.0",",r","18",",r","3",",r","0",",r","","","29",",r","31",",r","31",",r","0",",r","0",",r","19511214",",,r","","","19511202",",,r","19511206",",,r","-54.8",",r,14,","","","6.8",",,r,02,","-11.4",",r,06,","4398.0","r","1605.8",",r","29.5",",,,r","-33.47",",r","-29.10",",,,r","-37.83",",,,r"
"RSM00024343","1952-01","66.7667","123.4","88.0","ZHIGANSK, RS","","","","","10",",r","0",",r","0",",r","","","31",",","31",",r","","","","","","","19520126",",,r","","","19520104",",,r","","","-57.0",",r,26,","","","1.0",",,r,04,","","","","","","","6.3",",,,r","","","","","-50.54",",,,r"
"RSM00024343","1952-02","66.7667","123.4","88.0","ZHIGANSK, RS","","","0.0",",r","10",",r","0",",r","0",",r","","","29",",r","29",",r","29",",r","0",",r","0",",r","19520211",",,r","","","19520215",",,r","19520214","+,,r","-56.4",",r,11,","","","1.2",",,r,15,","-26.4",",r,14,+","","","1645.6",",r","6.6",",,,r","-38.41",",r","-34.29",",,,r","-42.53",",,,r"
"RSM00024343","1952-03","66.7667","123.4","88.0","ZHIGANSK, RS","","","0.0",",r","7",",r","0",",r","0",",r","","","30",",r","31",",r","31",",r","0",",r","0",",r","19520318",",,r","","","19520312",",,r","19520328",",,r","-41.0",",r,18,","","","1.6",",,r,12,","-7.7",",r,28,","","","1276.4",",r","6.1",",,,r","-22.84",",r","-17.06",",,,r","-28.62",",,,r"
"RSM00024343","1952-04","66.7667","123.4","88.0","ZHIGANSK, RS","","","0.0",",r","5",",r","0",",r","0",",r","","","16",",r","30",",r","24",",r","0",",r","0",",r","19520405",",,r","","","19520404",",,r","19520422",",,r","-31.6",",r,05,","","","1.6",",,r,04,","9.7",",r,22,","","","904.3",",r","3.7",",,,r","-11.81",",r","-5.51",",,,r","-18.11",",,,r"
"RSM00024343","1952-05","66.7667","123.4","88.0","ZHIGANSK, RS","","","0.0",",r","8",",r","2",",r","0",",r","","","1",",r","25",",r","5",",r","0",",r","0",",r","19520505",",,r","","","19520524",",,r","19520530",",,r","-19.0",",r,05,","","","5.5",",,r,24,","12.4",",r,30,","","","584.1",",r","17.7",",,,r","-0.51",",r","4.26",",,,r","-5.28",",,,r"
"RSM00024343","1952-06","66.7667","123.4","88.0","ZHIGANSK, RS","","","0.0",",r","4",",r","2",",r","0",",r","","","0",",r","1",",r","0",",r","3",",r","0",",r","19520611",",,r","","","19520603",",,r","19520626",",,r","-1.0",",r,11,","","","3.3",",,r,03,","23.1",",r,26,","","","219.5",",r","8.0",",,,r","11.02",",r","15.94",",,,r","6.09",",,,r"
"RSM00024343","1952-07","66.7667","123.4","88.0","ZHIGANSK, RS","","","13.4",",r","16",",r","7",",r","0",",r","","","0",",r","0",",r","0",",r","18",",r","0",",r","19520723",",,r","","","19520715",",,r","19520708","+,,r","3.8",",r,23,","","","23.9",",,r,15,","26.5",",r,08,+","64.5","r","64.5",",r","90.6",",,,r","16.68",",r","21.88",",,,r","11.49",",,,r"
"RSM00024343","1952-08","66.7667","123.4","88.0","ZHIGANSK, RS","","","10.3",",r","12",",r","8",",r","1",",r","","","0",",r","0",",r","0",",r","6",",r","0",",r","19520817",",,r","","","19520807",",,r","19520803",",,r","1.1",",r,17,","","","34.5",",,r,07,","29.8",",r,03,","242.9","r","178.4",",r","80.4",",,,r","12.91",",r","18.17",",,,r","7.65",",,,r"
"RSM00024343","1952-09","66.7667","123.4","88.0","ZHIGANSK, RS","","","0.0",",r","5",",r","2",",r","0",",r","","","0",",r","11",",r","0",",r","0",",r","0",",r","19520925",",,r","","","19520902",",,r","19520913",",,r","-10.0",",r,25,","","","3.8",",,r,02,","17.5",",r,13,","622.6","r","379.7",",r","8.3",",,,r","5.68",",r","10.51",",,,r","0.84",",,,r"
"RSM00024343","1952-10","66.7667","123.4","88.0","ZHIGANSK, RS","","","0.0",",r","18",",r","4",",r","0",",r","","","13",",r","31",",r","29",",r","0",",r","0",",r","19521031",",,r","","","19521001",",,r","19521002",",,r","-39.5",",r,31,","","","11.9",",,r,01,","2.8",",r,02,","1614.7","r","992.1",",r","38.4",",,,r","-13.67",",r","-9.96",",,,r","-17.38",",,,r"
"RSM00024343","1952-11","66.7667","123.4","88.0","ZHIGANSK, RS","","","0.0",",r","8",",r","0",",r","0",",r","","","30",",r","30",",r","30",",r","0",",r","0",",r","19521120",",,r","","","19521101",",,r","19521101",",,r","-50.8",",r,20,","","","0.8",",,r,01,","-18.3",",r,01,","3278.7","r","1664.0",",r","4.3",",,,r","-37.14",",r","-32.45",",,,r","-41.82",",,,r"
"RSM00024343","1952-12","66.7667","123.4","88.0","ZHIGANSK, RS","","","0.0",",r","9",",r","0",",r","0",",r","","","31",",r","31",",r","31",",r","0",",r","0",",r","19521216",",,r","","","19521209",",,r","19521213",",,r","-57.4",",r,16,","","","1.4",",,r,09,","-19.9",",r,13,","5150.2","r","1871.5",",r","6.8",",,,r","-42.04",",r","-38.19",",,,r","-45.88",",,,r"
"RSM00024343","1953-01","66.7667","123.4","88.0","ZHIGANSK, RS","0.0","r","0.0",",r","9",",r","0",",r","0",",r","","","31",",r","31",",r","31",",r","0",",r","0",",r","19530107",",,r","","","19530118",",,r","19530131",",,r","-52.6",",r,07,","","","0.8",",,r,18,","-20.0",",r,31,","6929.4","r","1779.2",",r","3.9",",,,r","-39.06",",r","-35.59",",,,r","-42.53",",,,r"
"RSM00024343","1953-02","66.7667","123.4","88.0","ZHIGANSK, RS","0.0","r","0.0",",r","6",",r","0",",r","0",",r","","","28",",r","28",",r","28",",r","0",",r","0",",r","19530211",",,r","","","19530227",",,r","19530201",",,r","-47.4",",r,11,","","","2.1",",,r,27,","-17.9",",r,01,","8357.6","r","1428.2",",r","7.6",",,,r","-32.67",",r","-28.19",",,,r","-37.15",",,,r"
"RSM00024343","1953-03","66.7667","123.4","88.0","ZHIGANSK, RS","0.0","r","0.0",",r","13",",r","2",",r","0",",r","","","26",",r","31",",r","31",",r","0",",r","0",",r","19530321",",,r","","","19530306",",,r","19530331","+,,r","-42.6",",r,21,","","","2.8",",,r,06,","-2.1",",r,31,+","9553.3","r","1195.7",",r","18.0",",,,r","-20.24",",r","-14.19",",,,r","-26.28",",,,r"
"RSM00024343","1953-04","66.7667","123.4","88.0","ZHIGANSK, RS","","","","","8",",r","3",",r","0",",r","","","9",",r","30",",r","","","","","","","19530410",",,r","","","19530430",",,r","","","-32.6",",r,10,","","","7.5",",,r,30,","","","","","","","20.8",",,,r","","","","","-14.07",",,,r"
"RSM00024343","1953-05","66.7667","123.4","88.0","ZHIGANSK, RS","","","0.0",",r","4",",r","0",",r","0",",r","","","0",",r","13",",r","3",",r","2",",r","0",",r","19530505",",,r","","","19530504","+,,r","19530529",",,r","-15.5",",r,05,","","","1.0",",,r,04,+","21.8",",r,29,","","","429.7",",r","3.3",",,,r","4.47",",r","9.93",",,,r","-0.98",",,,r"
"RSM00024343","1953-06","66.7667","123.4","88.0","ZHIGANSK, RS","","","0.0",",r","9",",r","3",",r","0",",r","","","0",",r","1",",r","0",",r","6",",r","0",",r","19530614",",,r","","","19530610",",,r","19530621",",,r","-0.9",",r,14,","","","18.1",",,r,10,","23.6",",r,21,","","","205.1",",r","45.0",",,,r","11.50",",r","16.59",",,,r","6.41",",,,r"
"RSM00024343","1953-07","66.7667","123.4","88.0","ZHIGANSK, RS","","","11.7",",r","2",",r","1",",r","0",",r","","","0",",r","0",",r","0",",r","22",",r","0",",r","19530725",",,r","","","19530717",",,r","19530729",",,r","4.3",",r,25,","","","2.9",",,r,17,","29.9",",r,29,","74.3","r","74.3",",r","3.2",",,,r","16.32",",r","23.06",",,,r","9.57",",,,r"
"RSM00024343","1953-08","66.7667","123.4","88.0","ZHIGANSK, RS","","","5.4",",r","11",",r","8",",r","0",",r","","","0",",r","2",",r","0",",r","5",",r","0",",r","19530815",",,r","","","19530827",",,r","19530803",",,r","-1.4",",r,15,","","","18.0",",,r,27,","29.1",",r,03,","320.3","r","246.0",",r","81.7",",,,r","10.57",",r","15.05",",,,r","6.09",",,,r"
"RSM00024343","1953-09","66.7667","123.4","88.0","ZHIGANSK, RS","","","0.0","2,r","9",",r","4",",r","0",",r","","","0",",r","15",",r","1","2,r","0","2,r","0","2,r","19530919",",,r","","","19530929",",,r","19530908",",2,r","-8.4",",r,19,","","","6.3",",,r,29,","15.4","2,r,08,","709.4","r","389.1","2,r","28.5",",,,r","4.24","2,r","8.34","2,,,r","0.15",",,,r"
"RSM00024343","1953-10","66.7667","123.4","88.0","ZHIGANSK, RS","","","0.0",",r","20","1,r","6","1,r","0","1,r","","","7",",r","31",",r","30",",r","0",",r","0",",r","19531029",",,r","","","19531016",",1,r","19531007",",,r","-40.0",",r,29,","","","4.3","1,,r,16,","1.8",",r,07,","1581.7","r","872.3",",r","34.4","1,,,r","-9.80",",r","-6.47",",,,r","-13.14",",,,r"
"RSM00024343","1953-11","66.7667","123.4","88.0","ZHIGANSK, RS","","","0.0",",r","8",",r","0",",r","0",",r","","","29",",r","30",",r","30",",r","0",",r","0",",r","19531122",",,r","","","19531120","+,,r","19531105",",,r","-44.1",",r,22,","","","1.0",",,r,20,+","-12.2",",r,05,","3033.2","r","1451.5",",r","6.3",",,,r","-30.05",",r","-26.09",",,,r","-34.01",",,,r"
"RSM00024343","1953-12","66.7667","123.4","88.0","ZHIGANSK, RS","","","0.0",",r","18",",r","0",",r","0",",r","","","31",",r","31",",r","31",",r","0",",r","0",",r","19531225",",,r","","","19531210",",,r","19531210",",,r","-54.2",",r,25,","","","1.7",",,r,10,","-19.0",",r,10,","4687.6","r","1654.4",",r","18.0",",,,r","-35.04",",r","-31.89",",,,r","-38.18",",,,r"
"RSM00024343","1954-01","66.7667","123.4","88.0","ZHIGANSK, RS","0.0","r","0.0",",r","7",",r","0",",r","0",",r","","","31",",r","31",",r","31",",r","0",",r","0",",r","19540110",",,r","","","19540106",",,r","19540131",",,r","-56.4",",r,10,","","","1.0",",,r,06,","-25.2",",r,31,","6498.0","r","1810.4",",r","5.6",",,,r","-40.07",",r","-35.83",",,,r","-44.30",",,,r"
"RSM00024343","1954-03","66.7667","123.4","88.0","ZHIGANSK, RS","","","0.0","1,r","17",",r","0",",r","0",",r","","","28",",r","31",",r","30","1,r","0","1,r","0","1,r","19540305",",,r","","","19540328",",,r","19540328",",1,r","-48.8",",r,05,","","","2.3",",,r,28,","-7.3","1,r,28,","","","1309.9","1,r","15.0",",,,r","-25.47","1,r","-20.17","1,,,r","-30.78",",,,r"
"RSM00024343","1954-04","66.7667","123.4","88.0","ZHIGANSK, RS","","","0.0",",r","7",",r","0",",r","0",",r","","","12",",r","30",",r","19",",r","0",",r","0",",r","19540403",",,r","","","19540412",",,r","19540428","+,,r","-33.8",",r,03,","","","1.9",",,r,12,","8.6",",r,28,+","","","833.3",",r","5.5",",,,r","-9.45",",r","-2.66",",,,r","-16.23",",,,r"
"RSM00024343","1954-05","66.7667","123.4","88.0","ZHIGANSK, RS","","","0.0",",r","4",",r","0",",r","0",",r","","","0",",r","26",",r","11",",r","1",",r","0",",r","19540503",",,r","","","19540528",",,r","19540531",",,r","-14.5",",r,03,","","","1.8",",,r,28,","22.6",",r,31,","","","593.2",",r","3.8",",,,r","-0.80",",r","3.79",",,,r","-5.39",",,,r"
"RSM00024343","1954-06","66.7667","123.4","88.0","ZHIGANSK, RS","","","9.1",",r","8",",r","5",",r","0",",r","","","0",",r","0",",r","0",",r","9",",r","0",",r","19540604",",,r","","","19540620",",,r","19540616",",,r","2.7",",r,04,","","","5.8",",,r,20,","29.2",",r,16,","","","145.1",",r","26.4",",,,r","13.80",",r","19.63",",,,r","7.97",",,,r"
"RSM00024343","1954-07","66.7667","123.4","88.0","ZHIGANSK, RS","","","17.9",",r","9",",r","4",",r","0",",r","","","0",",r","0",",r","0",",r","16",",r","1",",r","19540722",",,r","","","19540713",",,r","19540729",",,r","0.6",",r,22,","","","10.2",",,r,13,","33.9",",r,29,","78.1","r","78.1",",r","32.4",",,,r","16.39",",r","22.03",",,,r","10.75",",,,r"
"RSM00024343","1954-08","66.7667","123.4","88.0","ZHIGANSK, RS","","","0.6",",r","9",",r","4",",r","0",",r","","","0",",r","0",",r","0",",r","14",",r","0",",r","19540819",",,r","","","19540808",",,r","19540814",",,r","0.2",",r,19,","","","10.0",",,r,08,","25.6",",r,14,","231.6","r","153.5",",r","32.1",",,,r","13.40",",r","19.35",",,,r","7.45",",,,r"
"RSM00024343","1954-09","66.7667","123.4","88.0","ZHIGANSK, RS","","","","","14",",r","8",",r","0",",r","","","","","","","4",",r","0",",r","0",",r","","","","","19540911",",,r","19540906",",,r","","","","","23.7",",,r,11,","12.6",",r,06,","","","","","81.4",",,,r","","","5.77",",,,r","",""
"RSM00024343","1954-10","66.7667","123.4","88.0","ZHIGANSK, RS","","","","","16",",r","0",",r","0",",r","","","","","","","31",",r","0",",r","0",",r","","","","","19541002",",,r","19541006",",,r","","","","","2.3",",,r,02,","-1.6",",r,06,","","","","","24.9",",,,r","","","-4.88",",,,r","",""
"RSM00024343","1954-11","66.7667","123.4","88.0","ZHIGANSK, RS","","","","","12",",r","0",",r","0",",r","","","","","","","30",",r","0",",r","0",",r","","","","","19541130",",,r","19541101",",,r","","","","","2.3",",,r,30,","-10.3",",r,01,","","","","","14.4",",,,r","","","-27.60",",,,r","",""
"RSM00024343","1954-12","66.7667","123.4","88.0","ZHIGANSK, RS","","","0.0",",r","7",",r","1",",r","0",",r","","","31",",r","31",",r","31",",r","0",",r","0",",r","19541217",",,r","","","19541201",",,r","19541206",",,r","-52.9",",r,17,","","","4.1",",,r,01,","-21.8",",r,06,","","","1745.4",",r","9.1",",,,r","-37.97",",r","-33.93",",,,r","-42.01",",,,r"
"RSM00024343","1955-01","66.7667","123.4","88.0","ZHIGANSK, RS","0.0","r","0.0",",r","18",",r","3",",r","0",",r","","","31",",r","31",",r","31",",r","0",",r","0",",r","19550112",",,r","","","19550122",",,r","19550102",",,r","-47.1",",r,12,","","","3.4",",,r,22,","-22.3",",r,02,","","","1647.8",",r","21.0",",,,r","-34.82",",r","-31.27",",,,r","-38.38",",,,r"
"RSM00024343","1955-02","66.7667","123.4","88.0","ZHIGANSK, RS","0.0","r","0.0",",r","8",",r","1",",r","0",",r","","","28",",r","28",",r","28",",r","0",",r","0",",r","19550208",",,r","","","19550220",",,r","19550220",",,r","-53.0",",r,08,","","","3.1",",,r,20,","-24.0",",r,20,","","","1596.9",",r","8.6",",,,r","-38.70",",r","-34.34",",,,r","-43.06",",,,r"
"RSM00024343","1955-03","66.7667","123.4","88.0","ZHIGANSK, RS","0.0","r","0.0",",r","8",",r","0",",r","0",",r","","","31",",r","31",",r","31",",r","0",",r","0",",r","19550316",",,r","","","19550322",",,r","19550329",",,r","-50.5",",r,16,","","","1.0",",,r,22,","-14.1",",r,29,","","","1530.7",",r","3.6",",,,r","-31.05",",r","-24.62",",,,r","-37.47",",,,r"
"RSM00024343","1955-04","66.7667","123.4","88.0","ZHIGANSK, RS","0.0","r","0.0",",r","5",",r","0",",r","0",",r","","","20",",r","30",",r","27",",r","0",",r","0",",r","19550402",",,r","","","19550423",",,r","19550417",",,r","-35.6",",r,02,","","","1.5",",,r,23,","1.6",",r,17,","","","975.4",",r","4.4",",,,r","-14.18",",r","-6.97",",,,r","-21.39",",,,r"
"RSM00024343","1955-05","66.7667","123.4","88.0","ZHIGANSK, RS","0.0","r","0.0",",r","8",",r","3",",r","0",",r","","","0",",r","21",",r","9",",r","0",",r","0",",r","19550502",",,r","","","19550505",",,r","19550526",",,r","-14.8",",r,02,","","","8.3",",,r,05,","20.4",",r,26,","","","516.7",",r","21.5",",,,r","1.67",",r","6.28",",,,r","-2.95",",,,r"
"RSM00024343","1955-06","66.7667","123.4","88.0","ZHIGANSK, RS","5.0","r","5.0",",r","6",",r","2",",r","0",",r","","","0",",r","2",",r","0",",r","11",",r","0",",r","19550603",",,r","","","19550611",",,r","19550627",",,r","-1.3",",r,03,","","","21.9",",,r,11,","27.7",",r,27,","","","183.7",",r","34.2",",,,r","12.38",",r","17.10",",,,r","7.65",",,,r"
"RSM00024343","1955-07","66.7667","123.4","88.0","ZHIGANSK, RS","11.1","r","6.1",",r","6",",r","2",",r","0",",r","","","0",",r","1",",r","0",",r","16",",r","0",",r","19550719",",,r","","","19550712",",,r","19550705",",,r","0.0",",r,19,","","","2.8",",,r,12,","27.1",",r,05,","122.0","r","122.0",",r","9.8",",,,r","14.60",",r","20.55",",,,r","8.65",",,,r"
"RSM00024343","1955-08","66.7667","123.4","88.0","ZHIGANSK, RS","13.6","r","2.5",",r","14",",r","6",",r","0",",r","","","0",",r","2",",r","0",",r","6",",r","0",",r","19550817",",,r","","","19550805",",,r","19550815",",,r","-0.5",",r,17,","","","16.3",",,r,05,","24.9",",r,15,","306.4","r","184.4",",r","59.3",",,,r","12.46",",r","17.37",",,,r","7.55",",,,r"
"RSM00024343","1955-09","66.7667","123.4","88.0","ZHIGANSK, RS","13.6","r","0.0",",r","12",",r","5",",r","0",",r","","","1",",r","14",",r","4",",r","1",",r","0",",r","19550930",",,r","","","19550909",",,r","19550904",",,r","-21.7",",r,30,","","","6.1",",,r,09,","21.4",",r,04,","750.5","r","444.1",",r","25.8",",,,r","3.53",",r","7.20",",,,r","-0.14",",,,r"
"RSM00024343","1955-10","66.7667","123.4","88.0","ZHIGANSK, RS","13.6","r","0.0",",r","19",",r","11",",r","0",",r","","","12",",r","30",",r","22",",r","0",",r","0",",r","19551030",",,r","","","19551013",",,r","19551014",",,r","-37.8",",r,30,","","","7.5",",,r,13,","2.9",",r,14,","1625.1","r","874.6",",r","59.9",",,,r","-9.88",",r","-5.52",",,,r","-14.25",",,,r"
"RSM00024343","1955-11","66.7667","123.4","88.0","ZHIGANSK, RS","13.6","r","0.0",",r","12",",r","3",",r","0",",r","","","30",",r","30",",r","30",",r","0",",r","0",",r","19551129",",,r","","","19551120",",,r","19551106",",,r","-50.3",",r,29,","","","5.5",",,r,20,","-14.4",",r,06,","3093.5","r","1468.4",",r","22.9",",,,r","-30.62",",r","-25.94",",,,r","-35.29",",,,r"
"RSM00024343","1955-12","66.7667","123.4","88.0","ZHIGANSK, RS","13.6","r","0.0",",r","6",",r","0",",r","0",",r","","","31",",r","31",",r","31",",r","0",",r","0",",r","19551224",",,r","","","19551203",",,r","19551203",",,r","-58.4",",r,24,","","","1.9",",,r,03,","-27.1",",r,03,","5040.5","r","1947.0",",r","6.6",",,,r","-44.47",",r","-40.86",",,,r","-48.09",",,,r"
"RSM00024343","1956-01","66.7667","123.4","88.0","ZHIGANSK, RS","0.0","r","0.0",",r","7",",r","1",",r","0",",r","","","31",",r","31",",r","31",",r","0",",r","0",",r","19560121",",,r","","","19560118",",,r","19560106",",,r","-55.1",",r,21,","","","3.4",",,r,18,","-17.6",",r,06,","6864.9","r","1824.4",",r","7.2",",,,r","-40.52",",r","-36.80",",,,r","-44.24",",,,r"
"RSM00024343","1956-02","66.7667","123.4","88.0","ZHIGANSK, RS","0.0","r","0.0",",r","4",",r","0",",r","0",",r","","","29",",r","29",",r","29",",r","0",",r","0",",r","19560201",",,r","","","19560222",",,r","19560209",",,r","-56.7",",r,01,","","","1.3",",,r,22,","-12.8",",r,09,","8307.3","r","1442.4",",r","4.1",",,,r","-31.40",",r","-27.36",",,,r","-35.44",",,,r"
"RSM00024343","1956-03","66.7667","123.4","88.0","ZHIGANSK, RS","0.0","r","0.0",",r","6",",r","0",",r","0",",r","","","29",",r","31",",r","31",",r","0",",r","0",",r","19560331",",,r","","","19560319",",,r","19560321",",,r","-41.4",",r,31,","","","1.6",",,r,19,","-6.2",",r,21,","9660.9","r","1353.6",",r","5.0",",,,r","-25.33",",r","-18.90",",,,r","-31.76",",,,r"
"RSM00024343","1956-04","66.7667","123.4","88.0","ZHIGANSK, RS","0.0","r","0.0",",r","1",",r","0",",r","0",",r","","","21",",r","30",",r","28",",r","0",",r","0",",r","19560408",",,r","","","19560403",",,r","19560430",",,r","-32.5",",r,08,","","","1.0",",,r,03,","3.2",",r,30,","10656.2","r","995.3",",r","1.2",",,,r","-14.84",",r","-8.92",",,,r","-20.76",",,,r"
"RSM00024343","1956-05","66.7667","123.4","88.0","ZHIGANSK, RS","0.0","r","0.0",",r","6",",r","2",",r","0",",r","","","0",",r","24",",r","11",",r","0",",r","0",",r","19560502",",,r","","","19560514",",,r","19560530",",,r","-17.7",",r,02,","","","5.5",",,r,14,","11.1",",r,30,","11278.8","r","622.6",",r","14.1",",,,r","-1.75",",r","2.41",",,,r","-5.91",",,,r"
"RSM00024343","1956-06","66.7667","123.4","88.0","ZHIGANSK, RS","2.9","r","2.9",",r","5",",r","1",",r","0",",r","","","0",",r","0",",r","0",",r","13",",r","0",",r","19560603",",,r","","","19560625",",,r","19560619",",,r","1.4",",r,03,","","","8.2",",,r,25,","26.3",",r,19,","11414.5","r","135.7",",r","13.3",",,,r","13.91",",r","19.44",",,,r","8.37",",,,r"
"RSM00024343","1956-07","66.7667","123.4","88.0","ZHIGANSK, RS","19.1","r","16.2",",r","2",",r","1",",r","0",",r","","","0",",r","0",",r","0",",r","21",",r","0",",r","19560724",",,r","","","19560706",",,r","19560703",",,r","2.1",",r,24,","","","4.1",",,r,06,","29.4",",r,03,","79.9","r","79.9",",r","5.6",",,,r","16.28",",r","22.69",",,,r","9.86",",,,r"
"RSM00024343","1956-08","66.7667","123.4","88.0","ZHIGANSK, RS","19.1","r","0.0",",r","7",",r","5",",r","0",",r","","","0",",r","1",",r","0",",r","2",",r","0",",r","19560828",",,r","","","19560817",",,r","19560802",",,r","-0.3",",r,28,","","","12.3",",,r,17,","24.7",",r,02,","313.0","r","233.1",",r","32.0",",,,r","10.81",",r","16.74",",,,r","4.89",",,,r"
"RSM00024343","1956-09","66.7667","123.4","88.0","ZHIGANSK, RS","19.1","r","0.0",",r","6",",r","2",",r","0",",r","","","0",",r","21",",r","0",",r","0",",r","0",",r","19560929",",,r","","","19560918",",,r","19560901",",,r","-8.7",",r,29,","","","14.3",",,r,18,","17.8",",r,01,","722.8","r","409.8",",r","29.9",",,,r","4.67",",r","10.56",",,,r","-1.21",",,,r"
"RSM00024343","1956-10","66.7667","123.4","88.0","ZHIGANSK, RS","19.1","r","0.0",",r","15",",r","8",",r","0",",r","","","17",",r","31",",r","26",",r","0",",r","0",",r","19561030",",,r","","","19561007",",,r","19561001",",,r","-41.2",",r,30,","","","10.8",",,r,07,","4.3",",r,01,","1728.8","r","1006.0",",r","47.2",",,,r","-14.12",",r","-10.30",",,,r","-17.94",",,,r"
"RSM00024343","1956-11","66.7667","123.4","88.0","ZHIGANSK, RS","19.1","r","0.0",",r","10",",r","1",",r","0",",r","","","29",",r","30",",r","30",",r","0",",r","0",",r","19561117",",,r","","","19561111",",,r","19561128",",,r","-41.2",",r,17,","","","4.5",",,r,11,","-8.5",",r,28,","3008.1","r","1279.3",",r","17.2",",,,r","-24.31",",r","-20.09",",,,r","-28.53",",,,r"
"RSM00024343","1956-12","66.7667","123.4","88.0","ZHIGANSK, RS","19.1","r","0.0",",r","11",",r","1",",r","0",",r","","","31",",r","31",",r","31",",r","0",",r","0",",r","19561222",",,r","","","19561225",",,r","19561213",",,r","-50.1",",r,22,","","","2.5",",,r,25,","-15.7",",r,13,","4564.1","r","1556.0",",r","11.3",",,,r","-31.86",",r","-27.94",",,,r","-35.78",",,,r"
"RSM00024343","1957-01","66.7667","123.4","88.0","ZHIGANSK, RS","0.0","r","0.0",",r","21",",r","2",",r","0",",r","","","31",",r","31",",r","31",",r","0",",r","0",",r","19570109",",,r","","","19570117",",,r","19570118",",,r","-53.6",",r,09,","","","3.5",",,r,17,","-11.4",",r,18,","6140.1","r","1576.0",",r","26.2",",,,r","-32.50",",r","-28.67",",,,r","-36.34",",,,r"
"RSM00024343","1957-02","66.7667","123.4","88.0","ZHIGANSK, RS","0.0","r","0.0",",r","5",",r","0",",r","0",",r","","","28",",r","28",",r","28",",r","0",",r","0",",r","19570207",",,r","","","19570211",",,r","19570228",",,r","-50.2",",r,07,","","","1.1",",,r,11,","-19.2",",r,28,","7737.4","r","1597.3",",r","3.4",",,,r","-38.71",",r","-34.77",",,,r","-42.66",",,,r"
"RSM00024343","1957-03","66.7667","123.4","88.0","ZHIGANSK, RS","0.0","r","0.0",",r","7",",r","2",",r","0",",r","","","28",",r","31",",r","31",",r","0",",r","0",",r","19570306",",,r","","","19570328",",,r","19570331","+,,r","-46.6",",r,06,","","","6.7",",,r,28,","-6.1",",r,31,+","9093.5","r","1356.1",",r","14.1",",,,r","-25.41",",r","-19.02",",,,r","-31.81",",,,r"
"RSM00024343","1957-04","66.7667","123.4","88.0","ZHIGANSK, RS","0.0","r","0.0",",r","7",",r","0",",r","0",",r","","","20",",r","30",",r","24",",r","0",",r","0",",r","19570410",",,r","","","19570403",",,r","19570430",",,r","-34.7",",r,10,","","","1.8",",,r,03,","3.0",",r,30,","10012.7","r","919.2",",r","7.3",",,,r","-12.31",",r","-4.16",",,,r","-20.45",",,,r"
"RSM00024343","1957-05","66.7667","123.4","88.0","ZHIGANSK, RS","0.0","r","0.0",",r","10",",r","4",",r","0",",r","","","0",",r","20",",r","4",",r","0",",r","0",",r","19570514",",,r","","","19570520",",,r","19570519",",,r","-14.2",",r,14,","","","5.0",",,r,20,","10.5",",r,19,","10566.4","r","553.7",",r","22.8",",,,r","0.47",",r","4.85",",,,r","-3.91",",,,r"
"RSM00024343","1957-06","66.7667","123.4","88.0","ZHIGANSK, RS","8.2","r","8.2",",r","7",",r","3",",r","0",",r","","","0",",r","0",",r","0",",r","5",",r","0",",r","19570601",",,r","","","19570613",",,r","19570625",",,r","1.1",",r,01,","","","7.9",",,r,13,","28.8",",r,25,","10764.3","r","197.9",",r","19.4",",,,r","12.01",",r","17.20",",,,r","6.81",",,,r"
"RSM00024343","1957-07","66.7667","123.4","88.0","ZHIGANSK, RS","16.4","r","8.2",",r","11",",r","5",",r","0",",r","","","0",",r","0",",r","0",",r","14",",r","0",",r","19570710",",,r","","","19570718",",,r","19570721",",,r","3.5",",r,10,","","","8.2",",,r,18,","28.2",",r,21,","129.6","r","129.6",",r","36.8",",,,r","14.42",",r","19.98",",,,r","8.85",",,,r"
"RSM00024343","1957-08","66.7667","123.4","88.0","ZHIGANSK, RS","17.1","r","0.7",",r","7",",r","3",",r","0",",r","","","0",",r","2",",r","0",",r","7",",r","0",",r","19570828",",,r","","","19570802",",,r","19570812",",,r","-1.6",",r,28,","","","21.7",",,r,02,","25.8",",r,12,","333.4","r","203.8",",r","33.7",",,,r","11.78",",r","18.25",",,,r","5.31",",,,r"
"RSM00024343","1957-09","66.7667","123.4","88.0","ZHIGANSK, RS","17.1","r","0.0",",r","15",",r","7",",r","0",",r","","","0",",r","26",",r","10",",r","0",",r","0",",r","19570913",",,r","","","19570907",",,r","19570901",",,r","-13.2",",r,13,","","","10.9",",,r,07,","15.4",",r,01,","941.9","r","608.5",",r","58.9",",,,r","-1.95",",r","1.69",",,,r","-5.59",",,,r"
"RSM00024343","1957-10","66.7667","123.4","88.0","ZHIGANSK, RS","17.1","r","0.0",",r","23",",r","3",",r","0",",r","","","8",",r","31",",r","31",",r","0",",r","0",",r","19571021",",,r","","","19571001",",,r","19571020",",,r","-26.0",",r,21,","","","6.9",",,r,01,","-1.3",",r,20,","1914.7","r","972.8",",r","37.0",",,,r","-13.05",",r","-10.05",",,,r","-16.05",",,,r"
"RSM00024343","1957-11","66.7667","123.4","88.0","ZHIGANSK, RS","17.1","r","0.0",",r","12",",r","0",",r","0",",r","","","30",",r","30",",r","30",",r","0",",r","0",",r","19571122",",,r","","","19571103",",,r","19571104",",,r","-46.7",",r,22,","","","2.1",",,r,03,","-14.3",",r,04,","3457.6","r","1542.9",",r","11.4",",,,r","-33.10",",r","-30.11",",,,r","-36.08",",,,r"
"RSM00024343","1957-12","66.7667","123.4","88.0","ZHIGANSK, RS","","","","","15",",r","2",",r","0",",r","","","31",",","31",",r","","","","","","","19571231",",,r","","","19571219",",,r","","","-52.1",",r,31,","","","4.6",",,r,19,","","","","","","","19.5",",,,r","","","","","-37.66",",,,r"
"RSM00024343","1958-01","66.7667","123.4","88.0","ZHIGANSK, RS","","","","","8",",r","1",",r","0",",r","","","31",",r","31",",r","","","","","","","19580131",",,r","","","19580122",",,r","","","-52.9",",r,31,","","","2.5",",,r,22,","","","","","","","9.3",",,,r","","","","","-43.34",",,,r"
"RSM00024343","1958-02","66.7667","123.4","88.0","ZHIGANSK, RS","","","0.0","2,r","14",",r","1",",r","0",",r","","","27","1,r","27","1,r","27","1,r","0","1,r","0","1,r","19580201",",1,r","","","19580204",",,r","19580215",",1,r","-51.4","1,r,01,","","","4.2",",,r,04,","-21.0","1,r,15,","","","1415.3","1,r","12.0",",,,r","-35.72","2,r","-32.59","1,,,r","-38.86","1,,,r"
"RSM00024343","1958-03","66.7667","123.4","88.0","ZHIGANSK, RS","","","0.0",",r","6",",r","0",",r","0",",r","","","31",",r","31",",r","31",",r","0",",r","0",",r","19580301",",,r","","","19580307",",,r","19580331",",,r","-41.7",",r,01,","","","1.2",",,r,07,","-9.3",",r,31,","","","1437.1",",r","4.5",",,,r","-28.03",",r","-23.50",",,,r","-32.55",",,,r"
"RSM00024343","1958-04","66.7667","123.4","88.0","ZHIGANSK, RS","","","0.0",",r","7",",r","0",",r","0",",r","","","17",",r","30",",r","25",",r","0",",r","0",",r","19580402",",,r","","","19580417","+,,r","19580427",",,r","-26.6",",r,02,","","","1.6",",,r,17,+","4.1",",r,27,","","","924.7",",r","7.0",",,,r","-12.49",",r","-6.64",",,,r","-18.34",",,,r"
"RSM00024343","1958-05","66.7667","123.4","88.0","ZHIGANSK, RS","","","0.0",",r","6",",r","4",",r","0",",r","","","0",",r","22",",r","6",",r","0",",r","0",",r","19580503",",,r","","","19580524",",,r","19580531",",,r","-14.8",",r,03,","","","5.8",",,r,24,","9.5",",r,31,","","","568.0",",r","18.0",",,,r","0.01",",r","3.98",",,,r","-3.96",",,,r"
"RSM00024343","1958-06","66.7667","123.4","88.0","ZHIGANSK, RS","","","0.0",",r","9",",r","3",",r","0",",r","","","0",",r","1",",r","0",",r","3",",r","0",",r","19580624",",,r","","","19580624",",,r","19580611",",,r","0.0",",r,24,","","","8.7",",,r,24,","24.5",",r,11,","","","263.2",",r","26.2",",,,r","9.56",",r","14.35",",,,r","4.77",",,,r"
"RSM00024343","1958-07","66.7667","123.4","88.0","ZHIGANSK, RS","","","41.0",",r","7",",r","3",",r","0",",r","","","0",",r","0",",r","0",",r","18",",r","1",",r","19580727",",,r","","","19580710",",,r","19580724",",,r","1.3",",r,27,","","","17.1",",,r,10,","33.2",",r,24,","87.1","r","87.1",",r","44.9",",,,r","16.85",",r","22.03",",,,r","11.66",",,,r"
"RSM00024343","1958-08","66.7667","123.4","88.0","ZHIGANSK, RS","","","1.7",",r","14",",r","10",",r","1",",r","","","0",",r","3",",r","0",",r","6",",r","0",",r","19580830",",,r","","","19580813",",,r","19580804",",,r","-3.2",",r,30,","","","36.1",",,r,13,","24.2",",r,04,","277.9","r","190.8",",r","98.6",",,,r","12.23",",r","17.13",",,,r","7.34",",,,r"
"RSM00024343","1958-09","66.7667","123.4","88.0","ZHIGANSK, RS","","","0.0",",r","13",",r","4",",r","0",",r","","","0",",r","12",",r","0",",r","0",",r","0",",r","19580915",",,r","","","19580904",",,r","19580907",",,r","-6.5",",r,15,","","","17.5",",,r,04,","18.2",",r,07,","675.4","r","397.5",",r","52.9",",,,r","5.08",",r","9.26",",,,r","0.91",",,,r"
"RSM00024343","1958-10","66.7667","123.4","88.0","ZHIGANSK, RS","","","0.0",",r","16",",r","7",",r","0",",r","","","15",",r","30",",r","25",",r","0",",r","0",",r","19581028",",,r","","","19581016",",,r","19581002",",,r","-34.2",",r,28,","","","5.8",",,r,16,","4.9",",r,02,","1639.4","r","964.0",",r","36.6",",,,r","-12.76",",r","-9.08",",,,r","-16.45",",,,r"
"RSM00024343","1958-11","66.7667","123.4","88.0","ZHIGANSK, RS","","","","","7",",r","1",",r","0",",r","","","30",",","30",",r","","","","","","","19581122",",,r","","","19581115",",,r","","","-45.2",",r,22,","","","3.3",",,r,15,","","","","","","","9.0",",,,r","","","","","-35.85",",,,r"
"RSM00024343","1958-12","66.7667","123.4","88.0","ZHIGANSK, RS","","","0.0",",r","18",",r","0",",r","0",",r","","","31",",r","31",",r","31",",r","0",",r","0",",r","19581219",",,r","","","19581215","+,,r","19581212",",,r","-48.8",",r,19,","","","2.0",",,r,15,+","-17.8",",r,12,","","","1774.3",",r","15.8",",,,r","-38.90",",r","-35.02",",,,r","-42.79",",,,r"
"RSM00024343","1959-01","66.7667","123.4","88.0","ZHIGANSK, RS","0.0","r","0.0",",r","13",",r","0",",r","0",",r","","","31",",r","31",",r","31",",r","0",",r","0",",r","19590110",",,r","","","19590117",",,r","19590124",",,r","-52.8",",r,10,","","","1.4",",,r,17,","-33.4",",r,24,","","","1886.1",",r","8.8",",,,r","-42.51",",r","-39.86",",,,r","-45.15",",,,r"
"RSM00024343","1959-02","66.7667","123.4","88.0","ZHIGANSK, RS","0.0","r","0.0",",r","16",",r","1",",r","0",",r","","","28",",r","28",",r","28",",r","0",",r","0",",r","19590208",",,r","","","19590227",",,r","19590227",",,r","-48.3",",r,08,","","","3.5",",,r,27,","-16.7",",r,27,","","","1393.6",",r","16.2",",,,r","-31.44",",r","-27.88",",,,r","-35.00",",,,r"
"RSM00024343","1959-03","66.7667","123.4","88.0","ZHIGANSK, RS","0.0","r","0.0",",r","20",",r","3",",r","0",",r","","","18",",r","31",",r","31",",r","0",",r","0",",r","19590302",",,r","","","19590314",",,r","19590324",",,r","-36.4",",r,02,","","","4.5",",,r,14,","-2.7",",r,24,","","","1073.3",",r","31.0",",,,r","-16.29",",r","-11.89",",,,r","-20.69",",,,r"
"RSM00024343","1959-04","66.7667","123.4","88.0","ZHIGANSK, RS","0.0","r","0.0",",r","5",",r","1",",r","0",",r","","","17",",r","30",",r","23",",r","0",",r","0",",r","19590404",",,r","","","19590426",",,r","19590425",",,r","-30.9",",r,04,","","","2.5",",,r,26,","4.8",",r,25,","","","931.5",",r","6.6",",,,r","-12.72",",r","-6.66",",,,r","-18.78",",,,r"
"RSM00024343","1959-05","66.7667","123.4","88.0","ZHIGANSK, RS","0.0","r","0.0",",r","12",",r","3",",r","0",",r","","","2",",r","21",",r","6",",r","0",",r","0",",r","19590501",",,r","","","19590518",",,r","19590530",",,r","-22.2",",r,01,","","","15.7",",,r,18,","16.6",",r,30,","","","553.7",",r","35.7",",,,r","0.47",",r","4.36",",,,r","-3.41",",,,r"
"RSM00024343","1959-06","66.7667","123.4","88.0","ZHIGANSK, RS","26.4","r","26.4",",r","3",",r","1",",r","0",",r","","","0",",r","0",",r","0",",r","12",",r","0",",r","19590624",",,r","","","19590627",",,r","19590630",",,r","2.1",",r,24,","","","8.0",",,r,27,","31.3",",r,30,","","","127.9",",r","8.9",",,,r","14.95",",r","20.63",",,,r","9.27",",,,r"
"RSM00024343","1959-07","66.7667","123.4","88.0","ZHIGANSK, RS","","","","","11",",r","4",",r","1",",r","","","0",",","0",",r","","","","","","","19590718","+,,r","","","19590714",",,r","","","4.1",",r,18,+","","","29.1",",,r,14,","","","","","","","60.8",",,,r","","","","","9.93",",,,r"
"RSM00024343","1959-08","66.7667","123.4","88.0","ZHIGANSK, RS","","","0.0",",r","6",",r","4",",r","0",",r","","","0",",r","1",",r","0",",r","7",",r","0",",r","19590827",",,r","","","19590804",",,r","19590810",",,r","-0.5",",r,27,","","","6.7",",,r,04,","22.5",",r,10,","","","150.8",",r","25.7",",,,r","13.47",",r","17.74",",,,r","9.20",",,,r"
"RSM00024343","1959-09","66.7667","123.4","88.0","ZHIGANSK, RS","","","0.0",",r","15",",r","8",",r","0",",r","","","0",",r","9",",r","0",",r","0",",r","0",",r","19590929",",,r","","","19590906",",,r","19590908",",,r","-5.3",",r,29,","","","7.4",",,r,06,","16.4",",r,08,","","","368.2",",r","46.6",",,,r","6.06",",r","9.54",",,,r","2.58",",,,r"
"RSM00024343","1959-10","66.7667","123.4","88.0","ZHIGANSK, RS","","","","","16",",r","3",",r","0",",r","","","8",",","30",",r","","","","","","","19591031",",,r","","","19591019",",,r","","","-31.7",",r,31,","","","3.6",",,r,19,","","","","","","","25.0",",,,r","","","","","-12.26",",,,r"
"RSM00024343","1959-11","66.7667","123.4","88.0","ZHIGANSK, RS","","","0.0",",r","14",",r","2",",r","0",",r","","","30",",r","30",",r","30",",r","0",",r","0",",r","19591130",",,r","","","19591116",",,r","19591115",",,r","-35.9",",r,30,","","","5.3",",,r,16,","-11.0",",r,15,","","","1250.8",",r","20.0",",,,r","-23.36",",r","-20.31",",,,r","-26.41",",,,r"
"RSM00024343","1959-12","66.7667","123.4","88.0","ZHIGANSK, RS","","","","","11",",r","0",",r","0",",r","","","31",",","31",",r","","","","","","","19591218",",,r","","","19591224",",,r","","","-47.0",",r,18,","","","2.0",",,r,24,","","","","","","","11.4",",,,r","","","","","-41.98",",,,r"
"RSM00024343","1960-01","66.7667","123.4","88.0","ZHIGANSK, RS","0.0","r","0.0",",r","6",",r","1",",r","0",",r","","","31",",r","31",",r","31",",r","0",",r","0",",r","19600107",",,r","","","19600127",",,r","19600131",",,r","-51.1",",r,07,","","","2.9",",,r,27,","-26.4",",r,31,","","","1873.0",",r","8.0",",,,r","-42.09",",r","-39.74",",,,r","-44.44",",,,r"
"RSM00024343","1960-02","66.7667","123.4","88.0","ZHIGANSK, RS","0.0","r","0.0",",r","12",",r","1",",r","0",",r","","","29",",r","29",",r","29",",r","0",",r","0",",r","19600204",",,r","","","19600201",",,r","19600201",",,r","-50.6",",r,04,","","","2.6",",,r,01,","-18.5",",r,01,","","","1614.9",",r","10.6",",,,r","-37.35",",r","-33.67",",,,r","-41.03",",,,r"
"RSM00024343","1960-03","66.7667","123.4","88.0","ZHIGANSK, RS","","","","","7",",r","0",",r","0",",r","","","31",",","31",",r","","","","","","","19600301",",,r","","","19600314",",,r","","","-42.8",",r,01,","","","1.5",",,r,14,","","","","","","","3.9",",,,r","","","","","-31.12",",,,r"
"RSM00024343","1960-04","66.7667","123.4","88.0","ZHIGANSK, RS","","","0.0",",r","4",",r","1",",r","0",",r","","","12",",r","30",",r","22",",r","0",",r","0",",r","19600410",",,r","","","19600408",",,r","19600422",",,r","-31.7",",r,10,","","","4.7",",,r,08,","3.5",",r,22,","","","877.9",",r","7.7",",,,r","-10.93",",r","-4.68",",,,r","-17.18",",,,r"
"RSM00024343","1960-05","66.7667","123.4","88.0","ZHIGANSK, RS","","","0.0",",r","1",",r","0",",r","0",",r","","","0",",r","16",",r","7",",r","0",",r","0",",r","19600501",",,r","","","19600506",",,r","19600528",",,r","-15.2",",r,01,","","","0.4",",,r,06,","15.8",",r,28,","","","492.1",",r","0.4",",,,r","2.46",",r","7.81",",,,r","-2.90",",,,r"
"RSM00024343","1960-06","66.7667","123.4","88.0","ZHIGANSK, RS","","","9.4",",r","8",",r","4",",r","0",",r","","","0",",r","0",",r","0",",r","14",",r","0",",r","19600629",",,r","","","19600626",",,r","19600624",",,r","1.7",",r,29,","","","9.4",",,r,26,","28.0",",r,24,","","","137.4",",r","26.4",",,,r","14.07",",r","19.60",",,,r","8.53",",,,r"
"RSM00024343","1960-07","66.7667","123.4","88.0","ZHIGANSK, RS","","","23.5",",r","11",",r","7",",r","1",",r","","","0",",r","0",",r","0",",r","14",",r","0",",r","19600730",",,r","","","19600723",",,r","19600712",",,r","3.5",",r,30,","","","54.6",",,r,23,","30.1",",r,12,","109.9","r","109.9",",r","114.1",",,,r","15.55",",r","20.58",",,,r","10.51",",,,r"
"RSM00024343","1960-08","66.7667","123.4","88.0","ZHIGANSK, RS","","","0.0",",r","8",",r","5",",r","0",",r","","","0",",r","2",",r","0",",r","1",",r","0",",r","19600824",",,r","","","19600826",",,r","19600812",",,r","-0.6",",r,24,","","","8.7",",,r,26,","22.8",",r,12,","356.9","r","247.0",",r","39.1",",,,r","10.37",",r","14.88",",,,r","5.85",",,,r"
"RSM00024343","1960-09","66.7667","123.4","88.0","ZHIGANSK, RS","","","0.0",",r","12",",r","6",",r","0",",r","","","0",",r","19",",r","4",",r","0",",r","0",",r","19600930",",,r","","","19600921",",,r","19600913",",,r","-9.1",",r,30,","","","5.8",",,r,21,","15.6",",r,13,","832.7","r","475.8",",r","33.2",",,,r","2.47",",r","6.02",",,,r","-1.07",",,,r"
"RSM00024343","1960-10","66.7667","123.4","88.0","ZHIGANSK, RS","","","0.0",",r","19",",r","3",",r","0",",r","","","10",",r","31",",r","30",",r","0",",r","0",",r","19601018",",,r","","","19601005",",,r","19601006",",,r","-27.0",",r,18,","","","3.7",",,r,05,","1.9",",r,06,","1761.2","r","928.5",",r","30.0",",,,r","-11.62",",r","-8.53",",,,r","-14.71",",,,r"
"RSM00024343","1960-11","66.7667","123.4","88.0","ZHIGANSK, RS","","","0.0",",r","10",",r","2",",r","0",",r","","","27",",r","30",",r","30",",r","0",",r","0",",r","19601130",",,r","","","19601104",",,r","19601104",",,r","-53.4",",r,30,","","","7.5",",,r,04,","-7.5",",r,04,","3295.5","r","1534.3",",r","17.9",",,,r","-32.81",",r","-30.06",",,,r","-35.56",",,,r"
"RSM00024343","1960-12","66.7667","123.4","88.0","ZHIGANSK, RS","","","0.0",",r","7",",r","0",",r","0",",r","","","31",",r","31",",r","31",",r","0",",r","0",",r","19601201",",,r","","","19601206",",,r","19601211",",,r","-56.2",",r,01,","","","1.4",",,r,06,","-22.0",",r,11,","5056.2","r","1760.7",",r","5.5",",,,r","-38.46",",r","-35.81",",,,r","-41.12",",,,r"
"RSM00024343","1961-01","66.7667","123.4","88.0","ZHIGANSK, RS","0.0","r","0.0",",r","4",",r","0",",r","0",",r","","","31",",r","31",",r","31",",r","0",",r","0",",r","19610127",",,r","","","19610130",",,r","19610123",",,r","-52.7",",r,27,","","","1.3",",,r,30,","-24.4",",r,23,","6986.2","r","1930.0",",r","4.4",",,,r","-43.92",",r","-41.45",",,,r","-46.40",",,,r"
"RSM00024343","1961-02","66.7667","123.4","88.0","ZHIGANSK, RS","0.0","r","0.0",",r","13",",r","0",",r","0",",r","","","28",",r","28",",r","28",",r","0",",r","0",",r","19610210",",,r","","","19610204",",,r","19610206",",,r","-51.3",",r,10,","","","2.4",",,r,04,","-20.4",",r,06,","8433.4","r","1447.2",",r","11.3",",,,r","-33.35",",r","-30.35",",,,r","-36.35",",,,r"
"RSM00024343","1961-03","66.7667","123.4","88.0","ZHIGANSK, RS","0.0","r","0.0",",r","10",",r","0",",r","0",",r","","","30",",r","31",",r","31",",r","0",",r","0",",r","19610306",",,r","","","19610330",",,r","19610329",",,r","-45.6",",r,06,","","","1.6",",,r,30,","-5.5",",r,29,","9785.9","r","1352.5",",r","8.2",",,,r","-25.30",",r","-20.04",",,,r","-30.55",",,,r"
"RSM00024343","1961-04","66.7667","123.4","88.0","ZHIGANSK, RS","0.0","r","0.0",",r","4",",r","1",",r","0",",r","","","18",",r","30",",r","26",",r","0",",r","0",",r","19610403",",,r","","","19610425",",,r","19610424","+,,r","-30.9",",r,03,","","","2.5",",,r,25,","5.5",",r,24,+","10726.9","r","941.0",",r","4.6",",,,r","-13.04",",r","-7.47",",,,r","-18.60",",,,r"
"RSM00024343","1961-05","66.7667","123.4","88.0","ZHIGANSK, RS","0.0","r","0.0",",r","11",",r","3",",r","0",",r","","","0",",r","26",",r","4",",r","0",",r","0",",r","19610501",",,r","","","19610530",",,r","19610528",",,r","-15.0",",r,01,","","","10.4",",,r,30,","16.6",",r,28,","11276.2","r","549.3",",r","29.2",",,,r","0.61",",r","5.01",",,,r","-3.79",",,,r"
"RSM00024343","1961-06","66.7667","123.4","88.0","ZHIGANSK, RS","7.2","r","7.2",",r","11",",r","3",",r","0",",r","","","0",",r","5",",r","0",",r","9",",r","0",",r","19610601",",,r","","","19610628",",,r","19610630",",,r","-4.5",",r,01,","","","4.9",",,r,28,","27.0",",r,30,","11475.6","r","199.4",",r","21.0",",,,r","11.93",",r","16.72",",,,r","7.13",",,,r"
"RSM00024343","1961-07","66.7667","123.4","88.0","ZHIGANSK, RS","25.0","r","17.8",",r","12",",r","9",",r","0",",r","","","0",",r","0",",r","0",",r","19",",r","0",",r","19610711",",,r","","","19610707",",,r","19610701",",,r","2.5",",r,11,","","","11.9",",,r,07,","27.7",",r,01,","93.0","r","93.0",",r","70.7",",,,r","15.91",",r","20.82",",,,r","11.00",",,,r"
"RSM00024343","1961-08","66.7667","123.4","88.0","ZHIGANSK, RS","25.0","r","0.0",",r","11",",r","7",",r","0",",r","","","0",",r","2",",r","0",",r","2",",r","0",",r","19610815",",,r","","","19610810",",,r","19610801",",,r","-0.2",",r,15,","","","13.6",",,r,10,","26.5",",r,01,","344.7","r","251.7",",r","57.5",",,,r","10.21",",r","14.55",",,,r","5.87",",,,r"
"RSM00024343","1961-09","66.7667","123.4","88.0","ZHIGANSK, RS","25.0","r","0.0",",r","15",",r","8",",r","0",",r","","","0",",r","10",",r","0",",r","1",",r","0",",r","19610927",",,r","","","19610922",",,r","19610903",",,r","-9.2",",r,27,","","","7.9",",,r,22,","21.9",",r,03,","726.6","r","381.9",",r","40.2",",,,r","5.60",",r","9.73",",,,r","1.47",",,,r"
"RSM00024343","1961-10","66.7667","123.4","88.0","ZHIGANSK, RS","25.0","r","0.0",",r","17",",r","2",",r","0",",r","","","8",",r","31",",r","25",",r","0",",r","0",",r","19611031",",,r","","","19611001",",,r","19611005",",,r","-26.9",",r,31,","","","9.7",",,r,01,","4.0",",r,05,","1607.5","r","880.9",",r","27.1",",,,r","-10.08",",r","-7.00",",,,r","-13.16",",,,r"
"RSM00024343","1961-11","66.7667","123.4","88.0","ZHIGANSK, RS","25.0","r","0.0",",r","14",",r","3",",r","0",",r","","","28",",r","30",",r","30",",r","0",",r","0",",r","19611126",",,r","","","19611103",",,r","19611102",",,r","-44.6",",r,26,","","","5.1",",,r,03,","-11.0",",r,02,","2999.5","r","1392.0",",r","22.2",",,,r","-28.07",",r","-24.91",",,,r","-31.23",",,,r"
"RSM00024343","1961-12","66.7667","123.4","88.0","ZHIGANSK, RS","25.0","r","0.0",",r","11",",r","1",",r","0",",r","","","31",",r","31",",r","31",",r","0",",r","0",",r","19611214",",,r","","","19611206",",,r","19611206",",,r","-47.5",",r,14,","","","2.5",",,r,06,","-19.4",",r,06,","4616.8","r","1617.3",",r","11.6",",,,r","-33.84",",r","-30.84",",,,r","-36.84",",,,r"
"RSM00024343","1962-01","66.7667","123.4","88.0","ZHIGANSK, RS","0.0","r","0.0",",r","15",",r","0",",r","0",",r","","","31",",r","31",",r","31",",r","0",",r","0",",r","19620114",",,r","","","19620121","+,,r","19620121",",,r","-49.6",",r,14,","","","1.8",",,r,21,+","-21.7",",r,21,","6273.1","r","1656.3",",r","13.1",",,,r","-35.10",",r","-31.66",",,,r","-38.53",",,,r"
"RSM00024343","1962-02","66.7667","123.4","88.0","ZHIGANSK, RS","0.0","r","0.0",",r","9",",r","0",",r","0",",r","","","28",",r","28",",r","28",",r","0",",r","0",",r","19620211",",,r","","","19620201",",,r","19620220",",,r","-47.7",",r,11,","","","1.4",",,r,01,","-19.9",",r,20,","7623.2","r","1350.1",",r","7.5",",,,r","-29.88",",r","-26.58",",,,r","-33.19",",,,r"
"RSM00024343","1962-03","66.7667","123.4","88.0","ZHIGANSK, RS","0.0","r","0.0",",r","13",",r","0",",r","0",",r","","","27",",r","31",",r","31",",r","0",",r","0",",r","19620309",",,r","","","19620330","+,,r","19620329",",,r","-37.0",",r,09,","","","1.9",",,r,30,+","-8.7",",r,29,","8896.9","r","1273.7",",r","10.8",",,,r","-22.75",",r","-18.78",",,,r","-26.73",",,,r"
"RSM00024343","1962-04","66.7667","123.4","88.0","ZHIGANSK, RS","0.0","r","0.0",",r","10",",r","4",",r","0",",r","","","15",",r","30",",r","28",",r","0",",r","0",",r","19620404","+,,r","","","19620414",",,r","19620430",",,r","-24.8",",r,04,+","","","7.6",",,r,14,","3.6",",r,30,","9789.1","r","892.2",",r","27.1",",,,r","-11.41",",r","-5.84",",,,r","-16.97",",,,r"
"RSM00024343","1962-05","66.7667","123.4","88.0","ZHIGANSK, RS","0.0","r","0.0",",r","6",",r","1",",r","0",",r","","","0",",r","24",",r","4",",r","0",",r","0",",r","19620501",",,r","","","19620530",",,r","19620531",",,r","-9.3",",r,01,","","","3.5",",,r,30,","14.6",",r,31,","10321.4","r","532.3",",r","7.4",",,,r","1.16",",r","5.35",",,,r","-3.02",",,,r"
"RSM00024343","1962-06","66.7667","123.4","88.0","ZHIGANSK, RS","1.5","r","1.5",",r","11",",r","4",",r","0",",r","","","0",",r","5",",r","0",",r","5",",r","0",",r","19620615",",,r","","","19620626",",,r","19620624",",,r","-2.8",",r,15,","","","13.1",",,r,26,","24.4",",r,24,","10595.1","r","273.7",",r","35.0",",,,r","9.26",",r","14.06",",,,r","4.46",",,,r"
"RSM00024343","1962-07","66.7667","123.4","88.0","ZHIGANSK, RS","9.4","r","7.9",",r","5",",r","0",",r","0",",r","","","0",",r","0",",r","0",",r","10",",r","0",",r","19620728",",,r","","","19620714",",,r","19620723",",,r","5.4",",r,28,","","","2.3",",,r,14,","30.1",",r,23,","116.5","r","116.5",",r","7.6",",,,r","14.83",",r","20.49",",,,r","9.17",",,,r"
"RSM00024343","1962-08","66.7667","123.4","88.0","ZHIGANSK, RS","22.0","r","12.6",",r","7",",r","5",",r","0",",r","","","0",",r","2",",r","0",",r","10",",r","0",",r","19620831",",,r","","","19620816",",,r","19620805",",,r","-1.5",",r,31,","","","18.7",",,r,16,","30.2",",r,05,","292.4","r","175.9",",r","39.3",",,,r","13.07",",r","18.76",",,,r","7.37",",,,r"
"RSM00024343","1962-09","66.7667","123.4","88.0","ZHIGANSK, RS","22.0","r","0.0",",r","9",",r","4",",r","0",",r","","","0",",r","20",",r","6",",r","0",",r","0",",r","19620920",",,r","","","19620913",",,r","19620903",",,r","-9.3",",r,20,","","","14.3",",,r,13,","17.7",",r,03,","769.0","r","476.6",",r","38.0",",,,r","2.45",",r","6.07",",,,r","-1.17",",,,r"
"RSM00024343","1962-10","66.7667","123.4","88.0","ZHIGANSK, RS","22.0","r","0.0",",r","19",",r","4",",r","0",",r","","","7",",r","31",",r","30",",r","0",",r","0",",r","19621029",",,r","","","19621024",",,r","19621025",",,r","-32.0",",r,29,","","","5.8",",,r,24,","2.5",",r,25,","1622.9","r","853.9",",r","32.3",",,,r","-9.21",",r","-6.01",",,,r","-12.41",",,,r"
"RSM00024343","1962-11","66.7667","123.4","88.0","ZHIGANSK, RS","22.0","r","0.0",",r","4",",r","0",",r","0",",r","","","30",",r","30",",r","30",",r","0",",r","0",",r","19621118",",,r","","","19621101",",,r","19621105",",,r","-45.0",",r,18,","","","2.3",",,r,01,","-15.2",",r,05,","3098.8","r","1475.9",",r","5.0",",,,r","-30.87",",r","-28.04",",,,r","-33.69",",,,r"
"RSM00024343","1962-12","66.7667","123.4","88.0","ZHIGANSK, RS","22.0","r","0.0",",r","11",",r","0",",r","0",",r","","","31",",r","31",",r","31",",r","0",",r","0",",r","19621217",",,r","","","19621212",",,r","19621205",",,r","-52.6",",r,17,","","","2.0",",,r,12,","-15.7",",r,05,","4843.5","r","1744.7",",r","12.1",",,,r","-37.95",",r","-34.59",",,,r","-41.30",",,,r"
"RSM00024343","1963-01","66.7667","123.4","88.0","ZHIGANSK, RS","0.0","r","0.0",",r","12",",r","0",",r","0",",r","","","31",",r","31",",r","31",",r","0",",r","0",",r","19630119",",,r","","","19630126",",,r","19630105",",,r","-48.4",",r,19,","","","2.2",",,r,26,","-22.4",",r,05,","6456.9","r","1613.4",",r","11.0",",,,r","-33.71",",r","-29.97",",,,r","-37.45",",,,r"
"RSM00024343","1963-02","66.7667","123.4","88.0","ZHIGANSK, RS","0.0","r","0.0",",r","20",",r","1",",r","0",",r","","","28",",r","28",",r","28",",r","0",",r","0",",r","19630221",",,r","","","19630219",",,r","19630219",",,r","-46.8",",r,21,","","","3.0",",,r,19,","-17.6",",r,19,","7810.1","r","1353.2",",r","21.5",",,,r","-30.00",",r","-26.36",",,,r","-33.63",",,,r"
"RSM00024343","1963-03","66.7667","123.4","88.0","ZHIGANSK, RS","0.0","r","0.0",",r","9",",r","0",",r","0",",r","","","26",",r","31",",r","31",",r","0",",r","0",",r","19630325",",,r","","","19630315",",,r","19630315",",,r","-39.1",",r,25,","","","2.0",",,r,15,","-5.4",",r,15,","9051.4","r","1241.3",",r","8.3",",,,r","-21.71",",r","-17.04",",,,r","-26.37",",,,r"
"RSM00024343","1963-05","66.7667","123.4","88.0","ZHIGANSK, RS","","","0.0",",r","4",",r","0",",r","0",",r","","","0",",r","28",",r","12",",r","0",",r","0",",r","19630505",",,r","","","19630502",",,r","19630531",",,r","-15.6",",r,05,","","","1.2",",,r,02,","12.2",",r,31,","","","651.2",",r","4.2",",,,r","-2.67",",r","1.68",",,,r","-7.03",",,,r"
"RSM00024343","1963-06","66.7667","123.4","88.0","ZHIGANSK, RS","","","0.0",",r","5",",r","1",",r","0",",r","","","0",",r","0",",r","0",",r","3",",r","0",",r","19630617",",,r","","","19630620",",,r","19630626",",,r","0.3",",r,17,","","","5.0",",,r,20,","23.9",",r,26,","","","258.3",",r","9.6",",,,r","9.72",",r","14.60",",,,r","4.84",",,,r"
"RSM00024343","1963-07","66.7667","123.4","88.0","ZHIGANSK, RS","","","13.1",",r","5",",r","2",",r","0",",r","","","0",",r","0",",r","0",",r","16",",r","0",",r","19630707",",,r","","","19630719",",,r","19630722",",,r","3.8",",r,07,","","","11.9",",,r,19,","29.6",",r,22,","109.8","r","109.8",",r","20.8",",,,r","15.21",",r","21.30",",,,r","9.13",",,,r"
"RSM00024343","1963-08","66.7667","123.4","88.0","ZHIGANSK, RS","","","15.1","1,r","6",",r","4",",r","0",",r","","","0","1,r","1","1,r","0",",r","10",",r","0",",r","19630821",",1,r","","","19630825",",,r","19630802",",,r","0.0","1,r,21,","","","11.1",",,r,25,","30.2",",r,02,","302.0","r","192.2",",r","20.6",",,,r","12.27","1,r","17.93",",,,r","6.62","1,,,r"
"RSM00024343","1963-09","66.7667","123.4","88.0","ZHIGANSK, RS","","","0.0",",r","11",",r","3",",r","0",",r","","","0",",r","14",",r","1",",r","0",",r","0",",r","19630922",",,r","","","19630927",",,r","19630901",",,r","-8.7",",r,22,","","","9.0",",,r,27,","15.1",",r,01,","755.9","r","453.9",",r","24.1",",,,r","3.20",",r","7.27",",,,r","-0.87",",,,r"
"RSM00024343","1963-10","66.7667","123.4","88.0","ZHIGANSK, RS","","","0.0",",r","22",",r","3",",r","0",",r","","","5",",r","31",",r","27",",r","0",",r","0",",r","19631024",",,r","","","19631019",",,r","19631008",",,r","-27.5",",r,24,","","","8.0",",,r,19,","1.8",",r,08,","1614.7","r","858.8",",r","41.1",",,,r","-9.37",",r","-6.81",",,,r","-11.94",",,,r"
"RSM00024343","1963-11","66.7667","123.4","88.0","ZHIGANSK, RS","","","0.0",",r","15",",r","4",",r","0",",r","","","26",",r","30",",r","30",",r","0",",r","0",",r","19631122",",,r","","","19631101",",,r","19631101",",,r","-39.2",",r,22,","","","5.3",",,r,01,","-5.0",",r,01,","2935.6","r","1320.9",",r","21.5",",,,r","-25.70",",r","-22.14",",,,r","-29.26",",,,r"
"RSM00024343","1963-12","66.7667","123.4","88.0","ZHIGANSK, RS","","","0.0",",r","11",",r","0",",r","0",",r","","","31",",r","31",",r","31",",r","0",",r","0",",r","19631212",",,r","","","19631201",",,r","19631201",",,r","-54.7",",r,12,","","","2.2",",,r,01,","-13.8",",r,01,","4666.5","r","1730.9",",r","10.3",",,,r","-37.50",",r","-34.03",",,,r","-40.98",",,,r"
"RSM00024343","1964-01","66.7667","123.4","88.0","ZHIGANSK, RS","0.0","r","0.0",",r","19",",r","0",",r","0",",r","","","31",",r","31",",r","31",",r","0",",r","0",",r","19640106",",,r","","","19640112",",,r","19640114","+,,r","-49.3",",r,06,","","","2.3",",,r,12,","-19.4",",r,14,+","6304.1","r","1637.6",",r","14.8",",,,r","-34.49",",r","-31.13",",,,r","-37.85",",,,r"
"RSM00024343","1964-02","66.7667","123.4","88.0","ZHIGANSK, RS","","","","","10",",r","0",",r","0",",r","","","29",",","29",",r","","","","","","","19640217",",,r","","","19640214",",,r","","","-43.2",",r,17,","","","1.9",",,r,14,","","","","","","","10.1",",,,r","","","","","-35.56",",,,r"
"RSM00024343","1964-03","66.7667","123.4","88.0","ZHIGANSK, RS","","","0.0",",r","16",",r","5",",r","0",",r","","","30",",r","31",",r","31",",r","0",",r","0",",r","19640319",",,r","","","19640326",",,r","19640317",",,r","-42.3",",r,19,","","","4.2",",,r,26,","-8.6",",r,17,","","","1366.6",",r","27.7",",,,r","-25.75",",r","-20.86",",,,r","-30.64",",,,r"
"RSM00024343","1964-04","66.7667","123.4","88.0","ZHIGANSK, RS","","","0.0",",r","3",",r","0",",r","0",",r","","","22",",r","30",",r","26",",r","0",",r","0",",r","19640411",",,r","","","19640424","+,,r","19640430",",,r","-26.7",",r,11,","","","1.4",",,r,24,+","6.1",",r,30,","","","950.4",",r","4.6",",,,r","-13.35",",r","-7.50",",,,r","-19.19",",,,r"
"RSM00024343","1964-05","66.7667","123.4","88.0","ZHIGANSK, RS","","","0.0",",r","10",",r","5",",r","0",",r","","","0",",r","26",",r","9",",r","0",",r","0",",r","19640503",",,r","","","19640528",",,r","19640522",",,r","-16.3",",r,03,","","","10.0",",,r,28,","12.1",",r,22,","","","606.6",",r","31.1",",,,r","-1.24",",r","3.28",",,,r","-5.75",",,,r"
"RSM00024343","1964-06","66.7667","123.4","88.0","ZHIGANSK, RS","","","14.7",",r","5",",r","1",",r","0",",r","","","0",",r","3",",r","0",",r","15",",r","0",",r","19640601",",,r","","","19640607",",,r","19640630",",,r","-3.4",",r,01,","","","6.0",",,r,07,","27.9",",r,30,","","","178.7",",r","13.3",",,,r","12.87",",r","18.07",",,,r","7.66",",,,r"
"RSM00024343","1964-07","66.7667","123.4","88.0","ZHIGANSK, RS","","","42.3",",r","7",",r","5",",r","0",",r","","","0",",r","0",",r","0",",r","20",",r","2",",r","19640727",",,r","","","19640730",",,r","19640703",",,r","5.3",",r,27,","","","14.0",",,r,30,","32.8",",r,03,","87.4","r","87.4",",r","47.2",",,,r","16.88",",r","22.91",",,,r","10.85",",,,r"
"RSM00024343","1964-08","66.7667","123.4","88.0","ZHIGANSK, RS","","","0.0",",r","7",",r","3",",r","0",",r","","","0",",r","1",",r","0",",r","6",",r","0",",r","19640831",",,r","","","19640828",",,r","19640819",",,r","-1.8",",r,31,","","","4.9",",,r,28,","23.2",",r,19,","311.9","r","224.5",",r","16.7",",,,r","11.09",",r","16.31",",,,r","5.87",",,,r"
"RSM00024343","1964-09","66.7667","123.4","88.0","ZHIGANSK, RS","","","0.0",",r","9",",r","4",",r","0",",r","","","0",",r","22",",r","2",",r","0",",r","0",",r","19640925",",,r","","","19640928",",,r","19640903",",,r","-8.7",",r,25,","","","5.0",",,r,28,","15.6",",r,03,","792.9","r","481.0",",r","23.9",",,,r","2.30",",r","6.02",",,,r","-1.43",",,,r"
"RSM00024343","1964-10","66.7667","123.4","88.0","ZHIGANSK, RS","","","0.0",",r","14",",r","2",",r","0",",r","","","11",",r","31",",r","24",",r","0",",r","0",",r","19641027",",,r","","","19641001",",,r","19641001",",,r","-36.3",",r,27,","","","7.4",",,r,01,","2.3",",r,01,","1731.5","r","938.6",",r","23.5",",,,r","-11.94",",r","-9.06",",,,r","-14.82",",,,r"
"RSM00024343","1964-11","66.7667","123.4","88.0","ZHIGANSK, RS","","","0.0",",r","5",",r","1",",r","0",",r","","","30",",r","30",",r","30",",r","0",",r","0",",r","19641127","+,,r","","","19641112",",,r","19641113",",,r","-46.3",",r,27,+","","","2.6",",,r,12,","-16.9",",r,13,","3194.8","r","1463.3",",r","7.8",",,,r","-30.45",",r","-27.63",",,,r","-33.26",",,,r"
"RSM00024343","1964-12","66.7667","123.4","88.0","ZHIGANSK, RS","","","","","11",",r","0",",r","0",",r","","","31",",","31",",r","","","","","","","19641226",",,r","","","19641203",",,r","","","-54.7",",r,26,","","","1.2",",,r,03,","","","","","","","7.2",",,,r","","","","","-42.90",",,,r"
"RSM00024343","1965-01","66.7667","123.4","88.0","ZHIGANSK, RS","0.0","r","0.0","2,r","8",",r","0",",r","0",",r","","","29","2,r","29","2,r","31",",r","0",",r","0",",r","19650109",",2,r","","","19650110",",,r","19650122",",,r","-53.0","2,r,09,","","","1.0",",,r,10,","-24.0",",r,22,","","","1719.5",",r","5.3",",,,r","-41.09","2,r","-38.13",",,,r","-44.04","2,,,r"
"RSM00024343","1965-02","66.7667","123.4","88.0","ZHIGANSK, RS","0.0","r","0.0","4,r","3",",r","0",",r","0",",r","","","26","2,r","26","2,r","26","2,r","0","2,r","0","2,r","19650218",",2,r","","","19650224",",,r","19650225","+,2,r","-47.3","2,r,18,","","","0.8",",,r,24,","-23.1","2,r,25,+","","","1349.6","2,r","1.9",",,,r","-37.94","4,r","-34.80","2,,,r","-41.07","2,,,r"
"RSM00024343","1965-03","66.7667","123.4","88.0","ZHIGANSK, RS","0.0","r","0.0",",r","11",",r","0",",r","0",",r","","","29",",r","31",",r","31",",r","0",",r","0",",r","19650309",",,r","","","19650320","+,,r","19650319",",,r","-37.6",",r,09,","","","2.2",",,r,20,+","-10.4",",r,19,","","","1296.8",",r","14.6",",,,r","-23.50",",r","-18.87",",,,r","-28.13",",,,r"
"RSM00024343","1965-04","66.7667","123.4","88.0","ZHIGANSK, RS","0.0","r","0.0",",r","8",",r","0",",r","0",",r","","","12",",r","30",",r","20",",r","0",",r","0",",r","19650414",",,r","","","19650412",",,r","19650430",",,r","-28.0",",r,14,","","","1.8",",,r,12,","5.4",",r,30,","","","871.3",",r","8.7",",,,r","-10.71",",r","-5.24",",,,r","-16.18",",,,r"
"RSM00024343","1965-05","66.7667","123.4","88.0","ZHIGANSK, RS","0.0","r","0.0",",r","4",",r","0",",r","0",",r","","","1",",r","22",",r","6",",r","0",",r","0",",r","19650504",",,r","","","19650522",",,r","19650525",",,r","-18.8",",r,04,","","","1.3",",,r,22,","14.4",",r,25,","","","581.8",",r","2.6",",,,r","-0.43",",r","4.41",",,,r","-5.27",",,,r"
"RSM00024343","1965-06","66.7667","123.4","88.0","ZHIGANSK, RS","0.0","r","0.0",",r","11",",r","7",",r","0",",r","","","0",",r","0",",r","0",",r","6",",r","0",",r","19650607",",,r","","","19650623",",,r","19650620",",,r","0.2",",r,07,","","","23.3",",,r,23,","22.5",",r,20,","","","221.0",",r","69.0",",,,r","10.97",",r","15.81",",,,r","6.12",",,,r"
"RSM00024343","1965-07","66.7667","123.4","88.0","ZHIGANSK, RS","38.6","r","38.6",",r","12",",r","7",",r","1",",r","","","0",",r","0",",r","0",",r","16",",r","0",",r","19650717",",,r","","","19650713",",,r","19650727",",,r","4.6",",r,17,","","","26.4",",,r,13,","30.7",",r,27,","72.5","r","72.5",",r","73.2",",,,r","17.24",",r","22.48",",,,r","12.00",",,,r"
"RSM00024343","1965-08","66.7667","123.4","88.0","ZHIGANSK, RS","53.4","r","14.8",",r","10",",r","4",",r","0",",r","","","0",",r","1",",r","0",",r","8",",r","0",",r","19650827",",,r","","","19650828",",,r","19650806",",,r","-1.1",",r,27,","","","11.4",",,r,28,","28.5",",r,06,","255.9","r","183.4",",r","38.3",",,,r","12.90",",r","18.07",",,,r","7.72",",,,r"
"RSM00024343","1965-09","66.7667","123.4","88.0","ZHIGANSK, RS","53.4","r","0.0",",r","8",",r","3",",r","0",",r","","","0",",r","10",",r","2",",r","0",",r","0",",r","19650929",",,r","","","19650903",",,r","19650901",",,r","-9.1",",r,29,","","","17.2",",,r,03,","15.3",",r,01,","635.1","r","379.2",",r","42.2",",,,r","5.69",",r","9.63",",,,r","1.75",",,,r"
"RSM00024343","1965-10","66.7667","123.4","88.0","ZHIGANSK, RS","53.4","r","0.0",",r","18",",r","3",",r","0",",r","","","13",",r","29",",r","22",",r","0",",r","0",",r","19651024",",,r","","","19651005",",,r","19651006",",,r","-28.2",",r,24,","","","5.8",",,r,05,","4.1",",r,06,","1527.4","r","892.3",",r","23.7",",,,r","-10.45",",r","-7.10",",,,r","-13.80",",,,r"
"RSM00024343","1965-11","66.7667","123.4","88.0","ZHIGANSK, RS","53.4","r","0.0",",r","8",",r","0",",r","0",",r","","","30",",r","30",",r","30",",r","0",",r","0",",r","19651121",",,r","","","19651102",",,r","19651102","+,,r","-45.2",",r,21,","","","1.2",",,r,02,","-10.5",",r,02,+","2966.2","r","1438.8",",r","6.9",",,,r","-29.63",",r","-26.54",",,,r","-32.72",",,,r"
"RSM00024343","1965-12","66.7667","123.4","88.0","ZHIGANSK, RS","53.4","r","0.0",",r","3",",r","0",",r","0",",r","","","31",",r","31",",r","31",",r","0",",r","0",",r","19651221",",,r","","","19651230","+,,r","19651231","+,,r","-50.7",",r,21,","","","1.0",",,r,30,+","-29.0",",r,31,+","4845.0","r","1878.8",",r","3.6",",,,r","-42.27",",r","-39.99",",,,r","-44.55",",,,r"
"RSM00024343","1966-01","66.7667","123.4","88.0","ZHIGANSK, RS","","","","","14",",r","0",",r","0",",r","","","31",",","31",",r","","","","","","","19660114","+,,r","","","19660103",",,r","","","-54.2",",r,14,+","","","1.3",",,r,03,","","","","","","","10.9",",,,r","","","","","-45.44",",,,r"
"RSM00024343","1966-02","66.7667","123.4","88.0","ZHIGANSK, RS","","","0.0",",r","11",",r","0",",r","0",",r","","","28",",r","28",",r","28",",r","0",",r","0",",r","19660216",",,r","","","19660203",",,r","19660203",",,r","-49.9",",r,16,","","","1.2",",,r,03,","-35.8",",r,03,","","","1729.7",",r","7.0",",,,r","-43.44",",r","-40.82",",,,r","-46.07",",,,r"
"RSM00024343","1966-03","66.7667","123.4","88.0","ZHIGANSK, RS","","","0.0",",r","9",",r","1",",r","0",",r","","","31",",r","31",",r","31",",r","0",",r","0",",r","19660301",",,r","","","19660309",",,r","19660328",",,r","-48.0",",r,01,","","","5.0",",,r,09,","-10.0",",r,28,","","","1446.0",",r","13.8",",,,r","-28.31",",r","-24.21",",,,r","-32.41",",,,r"
"RSM00024343","1966-04","66.7667","123.4","88.0","ZHIGANSK, RS","","","0.0",",r","10",",r","1",",r","0",",r","","","15",",r","30",",r","26",",r","0",",r","0",",r","19660402",",,r","","","19660421",",,r","19660418",",,r","-33.0",",r,02,","","","5.7",",,r,21,","4.2",",r,18,","","","941.4",",r","10.7",",,,r","-13.05",",r","-7.91",",,,r","-18.18",",,,r"
"RSM00024343","1966-05","66.7667","123.4","88.0","ZHIGANSK, RS","","","0.0",",r","11",",r","2",",r","0",",r","","","1",",r","16",",r","1",",r","0",",r","0",",r","19660501",",,r","","","19660523",",,r","19660512",",,r","-18.0",",r,01,","","","15.9",",,r,23,","15.7",",r,12,","","","442.0",",r","38.7",",,,r","4.07",",r","9.06",",,,r","-0.91",",,,r"
"RSM00024343","1966-06","66.7667","123.4","88.0","ZHIGANSK, RS","","","10.1",",r","13",",r","3",",r","0",",r","","","0",",r","4",",r","0",",r","11",",r","0",",r","19660604",",,r","","","19660611",",,r","19660628",",,r","-2.7",",r,04,","","","6.8",",,r,11,","29.7",",r,28,","","","179.8",",r","25.5",",,,r","12.68",",r","17.85",",,,r","7.50",",,,r"
"RSM00024343","1966-07","66.7667","123.4","88.0","ZHIGANSK, RS","","","4.9",",r","9",",r","3",",r","0",",r","","","0",",r","0",",r","0",",r","7",",r","0",",r","19660713",",,r","","","19660702",",,r","19660701",",,r","2.7",",r,13,","","","12.0",",,r,02,","27.1",",r,01,","151.9","r","151.9",",r","29.1",",,,r","13.59",",r","18.73",",,,r","8.45",",,,r"
"RSM00024343","1966-08","66.7667","123.4","88.0","ZHIGANSK, RS","","","2.9",",r","11",",r","6",",r","0",",r","","","0",",r","1",",r","0",",r","13",",r","0",",r","19660831",",,r","","","19660826",",,r","19660813",",,r","-1.0",",r,31,","","","16.3",",,r,26,","26.5",",r,13,","314.2","r","162.3",",r","58.6",",,,r","13.19",",r","18.64",",,,r","7.74",",,,r"
"RSM00024343","1966-09","66.7667","123.4","88.0","ZHIGANSK, RS","","","0.0",",r","13",",r","9",",r","0",",r","","","0",",r","18",",r","4",",r","0",",r","0",",r","19660923",",,r","","","19660921",",,r","19660903",",,r","-10.7",",r,23,","","","10.5",",,r,21,","14.7",",r,03,","776.5","r","462.3",",r","52.5",",,,r","2.92",",r","6.74",",,,r","-0.90",",,,r"
"RSM00024343","1966-10","66.7667","123.4","88.0","ZHIGANSK, RS","","","0.0",",r","22",",r","3",",r","0",",r","","","13",",r","31",",r","28",",r","0",",r","0",",r","19661027",",,r","","","19661008",",,r","19661008",",,r","-31.4",",r,27,","","","4.3",",,r,08,","2.5",",r,08,","1691.8","r","915.3",",r","26.4",",,,r","-11.19",",r","-7.48",",,,r","-14.90",",,,r"
"RSM00024343","1966-11","66.7667","123.4","88.0","ZHIGANSK, RS","","","0.0",",r","18",",r","1",",r","0",",r","","","30",",r","30",",r","30",",r","0",",r","0",",r","19661127",",,r","","","19661128",",,r","19661103",",,r","-44.6",",r,27,","","","2.8",",,r,28,","-16.5",",r,03,","3196.8","r","1505.0",",r","18.0",",,,r","-31.83",",r","-29.12",",,,r","-34.55",",,,r"
"RSM00024343","1966-12","66.7667","123.4","88.0","ZHIGANSK, RS","","","0.0",",r","17",",r","0",",r","0",",r","","","31",",r","31",",r","31",",r","0",",r","0",",r","19661222",",,r","","","19661230",",,r","19661212",",,r","-47.0",",r,22,","","","1.0",",,r,30,","-22.8",",r,12,","4869.6","r","1672.8",",r","10.6",",,,r","-35.63",",r","-32.80",",,,r","-38.46",",,,r"
"RSM00024343","1967-01","66.7667","123.4","88.0","ZHIGANSK, RS","0.0","r","0.0",",r","17",",r","1",",r","0",",r","","","31",",r","31",",r","31",",r","0",",r","0",",r","19670123",",,r","","","19670116",",,r","19670124",",,r","-50.3",",r,23,","","","2.6",",,r,16,","-24.9",",r,24,","6666.7","r","1797.1",",r","15.9",",,,r","-39.64",",r","-36.38",",,,r","-42.90",",,,r"
"RSM00024343","1967-02","66.7667","123.4","88.0","ZHIGANSK, RS","0.0","r","0.0",",r","12",",r","1",",r","0",",r","","","28",",r","28",",r","28",",r","0",",r","0",",r","19670204",",,r","","","19670218",",,r","19670218",",,r","-57.1",",r,04,","","","2.5",",,r,18,","-21.5",",r,18,","8256.9","r","1590.2",",r","12.3",",,,r","-38.46",",r","-35.69",",,,r","-41.23",",,,r"
"RSM00024343","1967-03","66.7667","123.4","88.0","ZHIGANSK, RS","0.0","r","0.0",",r","13",",r","0",",r","0",",r","","","29",",r","31",",r","31",",r","0",",r","0",",r","19670306",",,r","","","19670312",",,r","19670314",",,r","-43.0",",r,06,","","","1.8",",,r,12,","-5.6",",r,14,","9588.3","r","1331.4",",r","11.5",",,,r","-24.61",",r","-19.98",",,,r","-29.25",",,,r"
"RSM00024343","1967-04","66.7667","123.4","88.0","ZHIGANSK, RS","0.0","r","0.0",",r","11",",r","1",",r","0",",r","","","15",",r","30",",r","21",",r","0",",r","0",",r","19670409",",,r","","","19670430",",,r","19670421",",,r","-31.4",",r,09,","","","3.1",",,r,30,","9.9",",r,21,","10487.5","r","899.2",",r","13.3",",,,r","-11.64",",r","-5.81",",,,r","-17.47",",,,r"
"RSM00024343","1967-05","66.7667","123.4","88.0","ZHIGANSK, RS","0.0","r","0.0",",r","8",",r","3",",r","0",",r","","","0",",r","24",",r","3",",r","0",",r","0",",r","19670501",",,r","","","19670525",",,r","19670527",",,r","-14.7",",r,01,","","","9.5",",,r,25,","16.4",",r,27,","11002.7","r","515.2",",r","25.2",",,,r","1.71",",r","6.25",",,,r","-2.82",",,,r"
"RSM00024343","1967-06","66.7667","123.4","88.0","ZHIGANSK, RS","9.5","r","9.5",",r","5",",r","2",",r","0",",r","","","0",",r","1",",r","0",",r","15",",r","0",",r","19670601",",,r","","","19670618",",,r","19670629",",,r","-3.0",",r,01,","","","17.5",",,r,18,","27.0",",r,29,","11135.8","r","133.1",",r","27.5",",,,r","14.21",",r","19.88",",,,r","8.54",",,,r"
"RSM00024343","1967-07","66.7667","123.4","88.0","ZHIGANSK, RS","54.1","r","44.6",",r","3",",r","1",",r","0",",r","","","0",",r","0",",r","0",",r","19",",r","2",",r","19670710",",,r","","","19670728",",,r","19670719",",,r","5.7",",r,10,","","","6.2",",,r,28,","33.6",",r,19,","76.3","r","76.3",",r","8.3",",,,r","17.31",",r","23.43",",,,r","11.19",",,,r"
"RSM00024343","1967-08","66.7667","123.4","88.0","ZHIGANSK, RS","54.2","r","0.1",",r","4",",r","2",",r","0",",r","","","0",",r","2",",r","0",",r","13",",r","0",",r","19670828",",,r","","","19670819",",,r","19670822",",,r","-4.6",",r,28,","","","5.4",",,r,19,","25.8",",r,22,","266.8","r","190.5",",r","9.6",",,,r","12.19",",r","17.64",",,,r","6.74",",,,r"
"RSM00024343","1967-09","66.7667","123.4","88.0","ZHIGANSK, RS","54.2","r","0.0",",r","10",",r","3",",r","0",",r","","","0",",r","16",",r","0",",r","0",",r","0",",r","19670912",",,r","","","19670916",",,r","19670918",",,r","-5.0",",r,12,","","","5.6",",,r,16,","16.0",",r,18,","699.2","r","432.4",",r","22.2",",,,r","3.92",",r","7.51",",,,r","0.33",",,,r"
"RSM00024343","1967-10","66.7667","123.4","88.0","ZHIGANSK, RS","54.2","r","0.0",",r","17",",r","4",",r","0",",r","","","2",",r","31",",r","19",",r","0",",r","0",",r","19671029",",,r","","","19671031",",,r","19671004",",,r","-18.8",",r,29,","","","6.6",",,r,31,","4.3",",r,04,","1446.3","r","747.1",",r","31.6",",,,r","-5.77",",r","-3.40",",,,r","-8.13",",,,r"
"RSM00024343","1967-11","66.7667","123.4","88.0","ZHIGANSK, RS","54.2","r","0.0",",r","17",",r","5",",r","0",",r","","","29",",r","30",",r","30",",r","0",",r","0",",r","19671108",",,r","","","19671101",",,r","19671102",",,r","-37.5",",r,08,","","","6.8",",,r,01,","-9.8",",r,02,","2822.4","r","1376.1",",r","36.0",",,,r","-27.54",",r","-24.13",",,,r","-30.94",",,,r"
"RSM00024343","1967-12","66.7667","123.4","88.0","ZHIGANSK, RS","54.2","r","0.0",",r","18",",r","1",",r","0",",r","","","31",",r","31",",r","31",",r","0",",r","0",",r","19671221",",,r","","","19671217",",,r","19671217",",,r","-49.8",",r,21,","","","2.6",",,r,17,","-18.0",",r,17,","4465.3","r","1642.9",",r","15.1",",,,r","-34.66",",r","-31.27",",,,r","-38.05",",,,r"
"RSM00024343","1968-01","66.7667","123.4","88.0","ZHIGANSK, RS","","","","","5",",r","0",",r","0",",r","","","31",",","31",",r","","","","","","","19680112",",,r","","","19680114",",,r","","","-51.3",",r,12,","","","0.7",",,r,14,","","","","","","","2.9",",,,r","","","","","-42.56",",,,r"
"RSM00024343","1968-02","66.7667","123.4","88.0","ZHIGANSK, RS","","","","","9",",r","0",",r","0",",r","","","29",",","29",",r","","","","","","","19680220",",,r","","","19680229","+,,r","","","-38.6",",r,20,","","","0.7",",,r,29,+","","","","","","","5.2",",,,r","","","","","-31.57",",,,r"
"RSM00024343","1968-03","66.7667","123.4","88.0","ZHIGANSK, RS","","","0.0",",r","16",",r","0",",r","0",",r","","","24",",r","31",",r","31",",r","0",",r","0",",r","19680313",",,r","","","19680327",",,r","19680330",",,r","-36.5",",r,13,","","","2.2",",,r,27,","-0.7",",r,30,","","","1118.5",",r","18.8",",,,r","-17.75",",r","-13.16",",,,r","-22.34",",,,r"
"RSM00024343","1968-04","66.7667","123.4","88.0","ZHIGANSK, RS","","","0.0",",r","14",",r","5",",r","0",",r","","","3",",r","30",",r","17",",r","0",",r","0",",r","19680416",",,r","","","19680427",",,r","19680417",",,r","-18.3",",r,16,","","","6.7",",,r,27,","9.4",",r,17,","","","719.1",",r","29.3",",,,r","-5.64",",r","-0.42",",,,r","-10.85",",,,r"
"RSM00024343","1968-05","66.7667","123.4","88.0","ZHIGANSK, RS","","","0.0",",r","12",",r","5",",r","0",",r","","","0",",r","19",",r","6",",r","0",",r","0",",r","19680507",",,r","","","19680530",",,r","19680520",",,r","-16.8",",r,07,","","","9.4",",,r,30,","15.3",",r,20,","","","544.3",",r","37.8",",,,r","0.78",",r","4.89",",,,r","-3.34",",,,r"
"RSM00024343","1968-06","66.7667","123.4","88.0","ZHIGANSK, RS","","","29.8",",r","10",",r","4",",r","0",",r","","","0",",r","2",",r","0",",r","13",",r","0",",r","19680605",",,r","","","19680615",",,r","19680620",",,r","-1.9",",r,05,","","","9.7",",,r,15,","28.7",",r,20,","","","149.0",",r","30.8",",,,r","14.36",",r","19.60",",,,r","9.12",",,,r"
"RSM00024343","1968-07","66.7667","123.4","88.0","ZHIGANSK, RS","","","14.8",",r","8",",r","5",",r","0",",r","","","0",",r","0",",r","0",",r","15",",r","0",",r","19680720",",,r","","","19680704",",,r","19680711",",,r","3.4",",r,20,","","","17.6",",,r,04,","31.0",",r,11,","94.3","r","94.3",",r","42.0",",,,r","15.77",",r","21.35",",,,r","10.18",",,,r"
"RSM00024343","1968-08","66.7667","123.4","88.0","ZHIGANSK, RS","","","0.0",",r","11",",r","8",",r","0",",r","","","0",",r","1",",r","0",",r","2",",r","0",",r","19680826",",,r","","","19680829",",,r","19680806",",,r","-0.7",",r,26,","","","8.6",",,r,29,","22.6",",r,06,","343.8","r","249.5",",r","36.8",",,,r","10.28",",r","14.74",",,,r","5.83",",,,r"
"RSM00024343","1968-09","66.7667","123.4","88.0","ZHIGANSK, RS","","","0.0",",r","10",",r","5",",r","0",",r","","","0",",r","16",",r","0",",r","0",",r","0",",r","19680930",",,r","","","19680909",",,r","19680904",",,r","-8.8",",r,30,","","","11.3",",,r,09,","15.6",",r,04,","791.5","r","447.7",",r","28.2",",,,r","3.41",",r","7.11",",,,r","-0.29",",,,r"
"RSM00024343","1968-10","66.7667","123.4","88.0","ZHIGANSK, RS","","","0.0",",r","18",",r","5",",r","0",",r","","","10",",r","31",",r","29",",r","0",",r","0",",r","19681031",",,r","","","19681025",",,r","19681006","+,,r","-30.4",",r,31,","","","3.9",",,r,25,","1.1",",r,06,+","1668.4","r","876.9",",r","33.8",",,,r","-9.95",",r","-6.09",",,,r","-13.82",",,,r"
"RSM00024343","1968-11","66.7667","123.4","88.0","ZHIGANSK, RS","","","0.0",",r","11",",r","1",",r","0",",r","","","30",",r","30",",r","30",",r","0",",r","0",",r","19681128",",,r","","","19681104",",,r","19681104",",,r","-52.2",",r,28,","","","3.4",",,r,04,","-15.4",",r,04,","3214.1","r","1545.7",",r","14.8",",,,r","-33.19",",r","-29.69",",,,r","-36.69",",,,r"
"RSM00024343","1968-12","66.7667","123.4","88.0","ZHIGANSK, RS","","","0.0",",r","15",",r","1",",r","0",",r","","","31",",r","31",",r","31",",r","0",",r","0",",r","19681202",",,r","","","19681214",",,r","19681231",",,r","-51.8",",r,02,","","","2.8",",,r,14,","-22.5",",r,31,","4963.5","r","1749.4",",r","13.2",",,,r","-38.10",",r","-34.85",",,,r","-41.34",",,,r"
"RSM00024343","1969-01","66.7667","123.4","88.0","ZHIGANSK, RS","0.0","r","0.0",",r","11",",r","0",",r","0",",r","","","31",",r","31",",r","31",",r","0",",r","0",",r","19690131",",,r","","","19690118","+,,r","19690101",",,r","-54.5",",r,31,","","","0.7",",,r,18,+","-20.6",",r,01,","6821.3","r","1857.8",",r","5.5",",,,r","-41.60",",r","-39.35",",,,r","-43.84",",,,r"
"RSM00024343","1969-02","66.7667","123.4","88.0","ZHIGANSK, RS","0.0","r","0.0",",r","3",",r","0",",r","0",",r","","","28",",r","28",",r","28",",r","0",",r","0",",r","19690201",",,r","","","19690213",",,r","19690224",",,r","-55.7",",r,01,","","","1.0",",,r,13,","-26.0",",r,24,","8534.0","r","1712.7",",r","2.2",",,,r","-42.84",",r","-39.78",",,,r","-45.89",",,,r"
"RSM00024343","1969-03","66.7667","123.4","88.0","ZHIGANSK, RS","0.0","r","0.0",",r","3",",r","0",",r","0",",r","","","30",",r","31",",r","31",",r","0",",r","0",",r","19690309",",,r","","","19690323","+,,r","19690323",",,r","-40.8",",r,09,","","","0.5",",,r,23,+","-8.6",",r,23,","9868.4","r","1334.4",",r","2.3",",,,r","-24.71",",r","-20.04",",,,r","-29.38",",,,r"
"RSM00024343","1969-04","66.7667","123.4","88.0","ZHIGANSK, RS","0.0","r","0.0",",r","15",",r","3",",r","0",",r","","","18",",r","30",",r","30",",r","0",",r","0",",r","19690403",",,r","","","19690416",",,r","19690425",",,r","-28.4",",r,03,","","","5.8",",,r,16,","-2.2",",r,25,","10853.8","r","985.4",",r","20.4",",,,r","-14.52",",r","-9.17",",,,r","-19.86",",,,r"
"RSM00024343","1969-05","66.7667","123.4","88.0","ZHIGANSK, RS","0.0","r","0.0",",r","4",",r","0",",r","0",",r","","","0",",r","21",",r","8",",r","0",",r","0",",r","19690501",",,r","","","19690521",",,r","19690530",",,r","-11.7",",r,01,","","","1.4",",,r,21,","20.1",",r,30,","11400.7","r","546.9",",r","3.1",",,,r","0.69",",r","4.80",",,,r","-3.42",",,,r"
"RSM00024343","1969-06","66.7667","123.4","88.0","ZHIGANSK, RS","0.0","r","0.0",",r","9",",r","7",",r","0",",r","","","0",",r","0",",r","0",",r","7",",r","0",",r","19690609",",,r","","","19690615",",,r","19690628",",,r","0.8",",r,09,","","","6.9",",,r,15,","24.5",",r,28,","11572.8","r","172.1",",r","34.4",",,,r","12.60",",r","17.43",",,,r","7.77",",,,r"
"RSM00024343","1969-07","66.7667","123.4","88.0","ZHIGANSK, RS","32.3","r","32.3",",r","7",",r","2",",r","0",",r","","","0",",r","0",",r","0",",r","20",",r","0",",r","19690711","+,,r","","","19690712",",,r","19690729",",,r","6.3",",r,11,+","","","23.8",",,r,12,","29.6",",r,29,","64.8","r","64.8",",r","31.4",",,,r","17.28",",r","22.85",",,,r","11.72",",,,r"
"RSM00024343","1969-08","66.7667","123.4","88.0","ZHIGANSK, RS","39.7","r","7.4",",r","5",",r","2",",r","0",",r","","","0",",r","2",",r","0",",r","8",",r","0",",r","19690830",",,r","","","19690815",",,r","19690805",",,r","-1.9",",r,30,","","","13.2",",,r,15,","28.7",",r,05,","211.1","r","146.3",",r","22.5",",,,r","13.85",",r","18.97",",,,r","8.73",",,,r"
"RSM00024343","1969-09","66.7667","123.4","88.0","ZHIGANSK, RS","39.7","r","0.0",",r","19",",r","5",",r","0",",r","","","0",",r","20",",r","3",",r","0",",r","0",",r","19690907",",,r","","","19690916","+,,r","19690901",",,r","-7.6",",r,07,","","","9.2",",,r,16,+","13.7",",r,01,","730.0","r","518.9",",r","50.2",",,,r","1.04",",r","3.44",",,,r","-1.36",",,,r"
"RSM00024343","1969-10","66.7667","123.4","88.0","ZHIGANSK, RS","39.7","r","0.0",",r","16",",r","2",",r","0",",r","","","8",",r","30",",r","27",",r","0",",r","0",",r","19691031",",,r","","","19691026",",,r","19691001",",,r","-29.8",",r,31,","","","3.0",",,r,26,","2.0",",r,01,","1595.9","r","865.9",",r","18.7",",,,r","-9.60",",r","-6.97",",,,r","-12.22",",,,r"
"RSM00024343","1969-11","66.7667","123.4","88.0","ZHIGANSK, RS","39.7","r","0.0",",r","10",",r","0",",r","0",",r","","","29",",r","30",",r","30",",r","0",",r","0",",r","19691125",",,r","","","19691128",",,r","19691108",",,r","-39.5",",r,25,","","","1.9",",,r,28,","-13.9",",r,08,","3003.6","r","1407.7",",r","10.3",",,,r","-28.59",",r","-26.10",",,,r","-31.08",",,,r"
"RSM00024343","1969-12","66.7667","123.4","88.0","ZHIGANSK, RS","39.7","r","0.0",",r","12",",r","1",",r","0",",r","","","31",",r","31",",r","31",",r","0",",r","0",",r","19691228",",,r","","","19691201",",,r","19691211",",,r","-45.5",",r,28,","","","2.6",",,r,01,","-19.7",",r,11,","4704.2","r","1700.6",",r","10.7",",,,r","-36.52",",r","-33.81",",,,r","-39.24",",,,r"
"RSM00024343","1970-01","66.7667","123.4","88.0","ZHIGANSK, RS","0.0","r","0.0",",r","8",",r","0",",r","0",",r","","","31",",r","31",",r","31",",r","0",",r","0",",r","19700108",",,r","","","19700103",",,r","19700120",",,r","-46.8",",r,08,","","","1.2",",,r,03,","-20.7",",r,20,","6404.3","r","1700.1",",r","4.1",",,,r","-36.51",",r","-34.13",",,,r","-38.89",",,,r"
"RSM00024343","1970-02","66.7667","123.4","88.0","ZHIGANSK, RS","0.0","r","0.0",",r","6",",r","0",",r","0",",r","","","28",",r","28",",r","28",",r","0",",r","0",",r","19700201",",,r","","","19700216",",,r","19700220","+,,r","-43.0",",r,01,","","","1.5",",,r,16,","-22.9",",r,20,+","7859.6","r","1455.3",",r","4.5",",,,r","-33.64",",r","-30.23",",,,r","-37.06",",,,r"
"RSM00024343","1970-03","66.7667","123.4","88.0","ZHIGANSK, RS","0.0","r","0.0",",r","6",",r","2",",r","0",",r","","","29",",r","31",",r","31",",r","0",",r","0",",r","19700302",",,r","","","19700324",",,r","19700329",",,r","-35.2",",r,02,","","","2.8",",,r,24,","-7.3",",r,29,","9102.1","r","1242.5",",r","9.5",",,,r","-21.75",",r","-17.54",",,,r","-25.95",",,,r"
"RSM00024343","1970-04","66.7667","123.4","88.0","ZHIGANSK, RS","0.0","r","0.0",",r","9",",r","3",",r","0",",r","","","18",",r","30",",r","28",",r","0",",r","0",",r","19700402",",,r","","","19700427",",,r","19700423",",,r","-29.8",",r,02,","","","5.1",",,r,27,","4.4",",r,23,","10057.3","r","955.2",",r","17.9",",,,r","-13.51",",r","-8.39",",,,r","-18.62",",,,r"
"RSM00024343","1970-05","66.7667","123.4","88.0","ZHIGANSK, RS","0.0","r","0.0",",r","6",",r","2",",r","0",",r","","","3",",r","25",",r","6",",r","0",",r","0",",r","19700501",",,r","","","19700522",",,r","19700521",",,r","-20.5",",r,01,","","","15.9",",,r,22,","16.9",",r,21,","10646.7","r","589.4",",r","22.5",",,,r","-0.68",",r","3.65",",,,r","-5.01",",,,r"
"RSM00024343","1970-06","66.7667","123.4","88.0","ZHIGANSK, RS","1.3","r","1.3",",r","13",",r","9",",r","0",",r","","","0",",r","4",",r","1",",r","8",",r","0",",r","19700601",",,r","","","19700622",",,r","19700629",",,r","-3.4",",r,01,","","","22.0",",,r,22,","27.8",",r,29,","10868.3","r","221.6",",r","84.8",",,,r","10.99",",r","15.71",",,,r","6.27",",,,r"
"RSM00024343","1970-07","66.7667","123.4","88.0","ZHIGANSK, RS","76.8","r","75.5",",r","8",",r","2",",r","0",",r","","","0",",r","0",",r","0",",r","23",",r","1",",r","19700725",",,r","","","19700724",",,r","19700708",",,r","4.9",",r,25,","","","16.6",",,r,24,","32.9",",r,08,","42.5","r","42.5",",r","25.3",",,,r","19.40",",r","24.97",",,,r","13.82",",,,r"
"RSM00024343","1970-08","66.7667","123.4","88.0","ZHIGANSK, RS","76.8","r","0.0",",r","13",",r","10",",r","0",",r","","","0",",r","0",",r","0",",r","1",",r","0",",r","19700816",",,r","","","19700811",",,r","19700801",",,r","0.5",",r,16,","","","23.7",",,r,11,","22.0",",r,01,","307.8","r","265.3",",r","86.0",",,,r","9.77",",r","13.88",",,,r","5.67",",,,r"
"RSM00024343","1970-09","66.7667","123.4","88.0","ZHIGANSK, RS","76.8","r","0.0",",r","9",",r","6",",r","0",",r","","","0",",r","15",",r","1",",r","0",",r","0",",r","19700927",",,r","","","19700903",",,r","19700902",",,r","-8.3",",r,27,","","","6.9",",,r,03,","19.2",",r,02,","711.6","r","403.8",",r","29.7",",,,r","4.87",",r","8.82",",,,r","0.92",",,,r"
"RSM00024343","1970-10","66.7667","123.4","88.0","ZHIGANSK, RS","76.8","r","0.0",",r","12",",r","5",",r","0",",r","","","8",",r","30",",r","29",",r","0",",r","0",",r","19701023",",,r","","","19701002",",,r","19701002",",,r","-30.2",",r,23,","","","7.0",",,r,02,","3.5",",r,02,","1647.0","r","935.4",",r","30.2",",,,r","-11.84",",r","-9.16",",,,r","-14.52",",,,r"
"RSM00024343","1970-11","66.7667","123.4","88.0","ZHIGANSK, RS","76.8","r","0.0",",r","14",",r","1",",r","0",",r","","","27",",r","30",",r","30",",r","0",",r","0",",r","19701124",",,r","","","19701116",",,r","19701106",",,r","-48.9",",r,24,","","","2.5",",,r,16,","-6.9",",r,06,","3108.9","r","1461.9",",r","16.8",",,,r","-30.40",",r","-27.65",",,,r","-33.15",",,,r"
"RSM00024343","1970-12","66.7667","123.4","88.0","ZHIGANSK, RS","76.8","r","0.0",",r","7",",r","0",",r","0",",r","","","31",",r","31",",r","31",",r","0",",r","0",",r","19701231",",,r","","","19701220",",,r","19701205",",,r","-47.6",",r,31,","","","1.5",",,r,20,","-20.5",",r,05,","4884.0","r","1775.1",",r","6.3",",,,r","-38.93",",r","-36.17",",,,r","-41.69",",,,r"
"RSM00024343","1971-01","66.7667","123.4","88.0","ZHIGANSK, RS","0.0","r","0.0",",r","10",",r","0",",r","0",",r","","","31",",r","31",",r","31",",r","0",",r","0",",r","19710103",",,r","","","19710127",",,r","19710124",",,r","-52.5",",r,03,","","","1.3",",,r,27,","-24.4",",r,24,","6604.0","r","1720.0",",r","8.7",",,,r","-37.15",",r","-34.04",",,,r","-40.26",",,,r"
"RSM00024343","1971-02","66.7667","123.4","88.0","ZHIGANSK, RS","0.0","r","0.0",",r","1",",r","0",",r","0",",r","","","28",",r","28",",r","28",",r","0",",r","0",",r","19710222",",,r","","","19710225",",,r","19710206",",,r","-42.6",",r,22,","","","0.9",",,r,25,","-21.6",",r,06,","8042.8","r","1438.8",",r","1.5",",,,r","-33.05",",r","-29.93",",,,r","-36.18",",,,r"
"RSM00024343","1971-03","66.7667","123.4","88.0","ZHIGANSK, RS","0.0","r","0.0",",r","7",",r","1",",r","0",",r","","","29",",r","31",",r","31",",r","0",",r","0",",r","19710317",",,r","","","19710328",",,r","19710324",",,r","-36.8",",r,17,","","","2.6",",,r,28,","-8.6",",r,24,","9348.4","r","1305.6",",r","7.8",",,,r","-23.78",",r","-19.50",",,,r","-28.07",",,,r"
"RSM00024343","1971-04","66.7667","123.4","88.0","ZHIGANSK, RS","0.0","r","0.0",",r","9",",r","2",",r","0",",r","","","12",",r","30",",r","23",",r","0",",r","0",",r","19710402",",,r","","","19710420",",,r","19710429",",,r","-26.2",",r,02,","","","5.6",",,r,20,","7.4",",r,29,","10205.3","r","856.9",",r","14.7",",,,r","-10.23",",r","-5.47",",,,r","-14.99",",,,r"
"RSM00024343","1971-05","66.7667","123.4","88.0","ZHIGANSK, RS","0.0","r","0.0",",r","16",",r","6",",r","0",",r","","","0",",r","23",",r","0",",r","0",",r","0",",r","19710520","+,,r","","","19710518",",,r","19710528",",,r","-5.9",",r,20,+","","","18.4",",,r,18,","13.2",",r,28,","10705.1","r","499.8",",r","56.5",",,,r","2.21",",r","6.06",",,,r","-1.64",",,,r"
"RSM00024343","1971-06","66.7667","123.4","88.0","ZHIGANSK, RS","2.3","r","2.3",",r","12",",r","6",",r","0",",r","","","0",",r","0",",r","0",",r","6",",r","0",",r","19710621",",,r","","","19710628",",,r","19710614",",,r","1.5",",r,21,","","","17.4",",,r,28,","25.5",",r,14,","10917.2","r","212.1",",r","50.7",",,,r","11.34",",r","16.33",",,,r","6.34",",,,r"
"RSM00024343","1971-07","66.7667","123.4","88.0","ZHIGANSK, RS","68.9","r","66.6",",r","4",",r","2",",r","1",",r","","","0",",r","0",",r","0",",r","27",",r","0",",r","19710725",",,r","","","19710705",",,r","19710719",",,r","5.0",",r,25,","","","42.0",",,r,05,","30.3",",r,19,","26.1","r","26.1",",r","45.8",",,,r","19.64",",r","24.84",",,,r","14.44",",,,r"
"RSM00024343","1971-08","66.7667","123.4","88.0","ZHIGANSK, RS","68.9","r","0.0",",r","5",",r","5",",r","0",",r","","","0",",r","0",",r","0",",r","9",",r","0",",r","19710824",",,r","","","19710813",",,r","19710831",",,r","5.1",",r,24,","","","17.2",",,r,13,","25.3",",r,31,","169.4","r","143.3",",r","40.8",",,,r","13.71",",r","18.61",",,,r","8.82",",,,r"
"RSM00024343","1971-09","66.7667","123.4","88.0","ZHIGANSK, RS","68.9","r","0.0",",r","12",",r","5",",r","0",",r","","","0",",r","9",",r","0",",r","2",",r","0",",r","19710930",",,r","","","19710913",",,r","19710908",",,r","-3.3",",r,30,","","","7.0",",,r,13,","22.5",",r,08,","515.6","r","346.2",",r","28.3",",,,r","6.79",",r","10.68",",,,r","2.91",",,,r"
"RSM00024343","1971-10","66.7667","123.4","88.0","ZHIGANSK, RS","68.9","r","0.0",",r","21",",r","5",",r","0",",r","","","10",",r","30",",r","25",",r","0",",r","0",",r","19711031",",,r","","","19711008",",,r","19711001",",,r","-36.7",",r,31,","","","6.1",",,r,08,","4.2",",r,01,","1384.1","r","868.5",",r","34.3",",,,r","-9.68",",r","-6.06",",,,r","-13.31",",,,r"
"RSM00024343","1971-11","66.7667","123.4","88.0","ZHIGANSK, RS","68.9","r","0.0",",r","19",",r","0",",r","0",",r","","","28",",r","30",",r","30",",r","0",",r","0",",r","19711127",",,r","","","19711116",",,r","19711117",",,r","-47.5",",r,27,","","","2.4",",,r,16,","-11.8",",r,17,","2739.6","r","1355.5",",r","22.7",",,,r","-26.85",",r","-23.38",",,,r","-30.32",",,,r"
"RSM00024343","1971-12","66.7667","123.4","88.0","ZHIGANSK, RS","68.9","r","0.0",",r","18",",r","0",",r","0",",r","","","31",",r","31",",r","31",",r","0",",r","0",",r","19711230",",,r","","","19711223",",,r","19711201",",,r","-47.3",",r,30,","","","2.4",",,r,23,","-18.5",",r,01,","4386.5","r","1646.9",",r","17.8",",,,r","-34.79",",r","-31.92",",,,r","-37.66",",,,r"
"RSM00024343","1972-01","66.7667","123.4","88.0","ZHIGANSK, RS","0.0","r","0.0",",r","9",",r","0",",r","0",",r","","","31",",r","31",",r","31",",r","0",",r","0",",r","19720126",",,r","","","19720106",",,r","19720108",",,r","-54.3",",r,26,","","","0.8",",,r,06,","-30.9",",r,08,","6332.8","r","1946.3",",r","5.3",",,,r","-44.45",",r","-41.89",",,,r","-47.01",",,,r"
"RSM00024343","1972-02","66.7667","123.4","88.0","ZHIGANSK, RS","0.0","r","0.0",",r","16",",r","0",",r","0",",r","","","29",",r","29",",r","29",",r","0",",r","0",",r","19720202",",,r","","","19720215","+,,r","19720229",",,r","-45.0",",r,02,","","","1.0",",,r,15,+","-15.8",",r,29,","7811.6","r","1478.8",",r","8.8",",,,r","-32.66",",r","-29.80",",,,r","-35.51",",,,r"
"RSM00024343","1972-03","66.7667","123.4","88.0","ZHIGANSK, RS","0.0","r","0.0",",r","6",",r","2",",r","0",",r","","","30",",r","31",",r","31",",r","0",",r","0",",r","19720308",",,r","","","19720315",",,r","19720314",",,r","-36.3",",r,08,","","","7.4",",,r,15,","-11.7",",r,14,","9101.7","r","1290.1",",r","13.3",",,,r","-23.28",",r","-18.87",",,,r","-27.70",",,,r"
"RSM00024343","1972-04","66.7667","123.4","88.0","ZHIGANSK, RS","0.0","r","0.0",",r","11",",r","1",",r","0",",r","","","13",",r","30",",r","26",",r","0",",r","0",",r","19720415",",,r","","","19720422",",,r","19720419",",,r","-26.7",",r,15,","","","4.9",",,r,22,","1.8",",r,19,","9968.7","r","867.0",",r","15.8",",,,r","-10.57",",r","-4.94",",,,r","-16.20",",,,r"
"RSM00024343","1972-05","66.7667","123.4","88.0","ZHIGANSK, RS","0.0","r","0.0",",r","5",",r","1",",r","0",",r","","","0",",r","25",",r","8",",r","0",",r","0",",r","19720501",",,r","","","19720523",",,r","19720518",",,r","-12.9",",r,01,","","","6.1",",,r,23,","12.1",",r,18,","10551.9","r","583.2",",r","8.9",",,,r","-0.48",",r","3.21",",,,r","-4.16",",,,r"
"RSM00024343","1972-06","66.7667","123.4","88.0","ZHIGANSK, RS","1.4","r","1.4",",r","6",",r","3",",r","0",",r","","","0",",r","1",",r","0",",r","3",",r","0",",r","19720612",",,r","","","19720621",",,r","19720620",",,r","-0.3",",r,12,","","","10.5",",,r,21,","26.5",",r,20,","10795.0","r","243.1",",r","19.9",",,,r","10.28",",r","15.32",",,,r","5.24",",,,r"
"RSM00024343","1972-07","66.7667","123.4","88.0","ZHIGANSK, RS","23.4","r","22.0",",r","2",",r","0",",r","0",",r","","","0",",r","0",",r","0",",r","19",",r","0",",r","19720702",",,r","","","19720724",",,r","19720706",",,r","3.3",",r,02,","","","1.7",",,r,24,","30.7",",r,06,","102.7","r","102.7",",r","2.4",",,,r","15.73",",r","21.40",",,,r","10.06",",,,r"
"RSM00024343","1972-08","66.7667","123.4","88.0","ZHIGANSK, RS","30.2","r","6.8",",r","4",",r","1",",r","0",",r","","","0",",r","2",",r","0",",r","7",",r","0",",r","19720809",",,r","","","19720819",",,r","19720805",",,r","-1.0",",r,09,","","","7.1",",,r,19,","29.3",",r,05,","349.8","r","247.1",",r","11.8",",,,r","10.58",",r","15.97",",,,r","5.19",",,,r"
"RSM00024343","1972-09","66.7667","123.4","88.0","ZHIGANSK, RS","30.2","r","0.0",",r","10",",r","4",",r","0",",r","","","0",",r","16",",r","2",",r","0",",r","0",",r","19720928",",,r","","","19720919",",,r","19720907",",,r","-6.2",",r,28,","","","16.4",",,r,19,","14.6",",r,07,","811.6","r","461.8",",r","47.1",",,,r","2.94",",r","6.31",",,,r","-0.43",",,,r"
"RSM00024343","1972-10","66.7667","123.4","88.0","ZHIGANSK, RS","30.2","r","0.0",",r","22",",r","5",",r","0",",r","","","9",",r","31",",r","23",",r","0",",r","0",",r","19721030",",,r","","","19721022",",,r","19721004",",,r","-29.6",",r,30,","","","3.6",",,r,22,","1.8",",r,04,","1687.2","r","875.6",",r","29.6",",,,r","-9.91",",r","-7.47",",,,r","-12.35",",,,r"
"RSM00024343","1972-11","66.7667","123.4","88.0","ZHIGANSK, RS","30.2","r","0.0",",r","9",",r","0",",r","0",",r","","","30",",r","30",",r","30",",r","0",",r","0",",r","19721130",",,r","","","19721124",",,r","19721105",",,r","-44.3",",r,30,","","","2.4",",,r,24,","-20.0",",r,05,","3295.0","r","1607.8",",r","8.7",",,,r","-35.26",",r","-32.63",",,,r","-37.89",",,,r"
"RSM00024343","1972-12","66.7667","123.4","88.0","ZHIGANSK, RS","30.2","r","0.0",",r","14",",r","0",",r","0",",r","","","31",",r","31",",r","31",",r","0",",r","0",",r","19721214",",,r","","","19721201",",,r","19721203",",,r","-46.6",",r,14,","","","1.4",",,r,01,","-16.0",",r,03,","4966.6","r","1671.6",",r","11.0",",,,r","-35.59",",r","-32.73",",,,r","-38.45",",,,r"
"RSM00024343","1973-01","66.7667","123.4","88.0","ZHIGANSK, RS","0.0","r","0.0",",r","22",",r","0",",r","0",",r","","","31",",r","31",",r","31",",r","0",",r","0",",r","19730119",",,r","","","19730117",",,r","19730110",",,r","-47.2",",r,19,","","","1.3",",,r,17,","-20.6",",r,10,","6606.6","r","1640.0",",r","14.1",",,,r","-34.57",",r","-31.06",",,,r","-38.08",",,,r"
"RSM00024343","1973-02","66.7667","123.4","88.0","ZHIGANSK, RS","0.0","r","0.0",",r","6",",r","0",",r","0",",r","","","28",",r","28",",r","28",",r","0",",r","0",",r","19730211",",,r","","","19730212",",,r","19730214",",,r","-42.2",",r,11,","","","0.9",",,r,12,","-21.0",",r,14,","8038.0","r","1431.4",",r","5.0",",,,r","-32.79",",r","-30.04",",,,r","-35.54",",,,r"
"RSM00024343","1973-03","66.7667","123.4","88.0","ZHIGANSK, RS","0.0","r","0.0",",r","4",",r","0",",r","0",",r","27","4,","28",",r","31",",r","31",",r","0",",r","0",",r","19730311",",,r","19730331","+,4,S","19730320",",,r","19730318",",,r","-34.5",",r,11,","381","4,,S,31,+","1.5",",,r,20,","-8.3",",r,18,","9254.0","r","1216.0",",r","4.7",",,,r","-20.89",",r","-16.67",",,,r","-25.11",",,,r"
"RSM00024343","1973-04","66.7667","123.4","88.0","ZHIGANSK, RS","0.0","r","0.0",",r","6",",r","0",",r","0",",r","26","4,","20",",r","30",",r","26",",r","0",",r","0",",r","19730412",",,r","19730430","+,4,S","19730401",",,r","19730428",",,r","-26.4",",r,12,","381","4,,S,30,+","2.2",",,r,01,","5.0",",r,28,","10230.8","r","976.8",",r","6.4",",,,r","-14.23",",r","-9.40",",,,r","-19.06",",,,r"
"RSM00024343","1973-05","66.7667","123.4","88.0","ZHIGANSK, RS","0.0","r","0.0",",r","8",",r","4",",r","0",",r","","","0",",r","12",",r","0",",r","0",",r","0",",r","19730502",",,r","","","19730521",",,r","19730529",",,r","-9.5",",r,02,","","","7.0",",,r,21,","19.7",",r,29,","10623.6","r","392.8",",r","19.8",",,,r","5.66",",r","10.58",",,,r","0.74",",,,r"
"RSM00024343","1973-06","66.7667","123.4","88.0","ZHIGANSK, RS","2.0","r","2.0",",r","15",",r","6",",r","0",",r","","","0",",r","0",",r","0",",r","7",",r","0",",r","19730604",",,r","","","19730622",",,r","19730621",",,r","0.2",",r,04,","","","18.9",",,r,22,","25.9",",r,21,","10802.4","r","178.8",",r","66.2",",,,r","12.44",",r","17.44",",,,r","7.44",",,,r"
"RSM00024343","1973-07","66.7667","123.4","88.0","ZHIGANSK, RS","44.4","r","42.4",",r","11",",r","7",",r","1",",r","","","0",",r","0",",r","0",",r","25",",r","0",",r","19730722",",,r","","","19730731",",,r","19730718",",,r","5.4",",r,22,","","","41.8",",,r,31,","30.3",",r,18,","48.2","r","48.2",",r","78.9",",,,r","18.15",",r","23.41",",,,r","12.88",",,,r"
"RSM00024343","1973-08","66.7667","123.4","88.0","ZHIGANSK, RS","51.7","r","7.3",",r","6",",r","2",",r","0",",r","","","0",",r","0",",r","0",",r","10",",r","0",",r","19730823",",,r","","","19730829",",,r","19730802",",,r","0.6",",r,23,","","","8.4",",,r,29,","27.6",",r,02,","197.0","r","148.8",",r","17.7",",,,r","13.77",",r","18.64",",,,r","8.90",",,,r"
"RSM00024343","1973-09","66.7667","123.4","88.0","ZHIGANSK, RS","51.7","r","0.0",",r","16",",r","7",",r","0",",r","","","0",",r","14",",r","2",",r","1",",r","0",",r","19730929",",,r","","","19730916","+,,r","19730911",",,r","-9.9",",r,29,","","","8.9",",,r,16,+","21.3",",r,11,","568.5","r","371.5",",r","45.6",",,,r","5.95",",r","9.90",",,,r","1.99",",,,r"
"RSM00024343","1973-10","66.7667","123.4","88.0","ZHIGANSK, RS","51.7","r","0.0",",r","20",",r","7",",r","0",",r","","","10",",r","31",",r","29",",r","0",",r","0",",r","19731030",",,r","","","19731010",",,r","19731008",",,r","-30.5",",r,30,","","","6.7",",,r,10,","1.4",",r,08,","1493.6","r","925.1",",r","41.1",",,,r","-11.51",",r","-8.11",",,,r","-14.91",",,,r"
"RSM00024343","1973-11","66.7667","123.4","88.0","ZHIGANSK, RS","51.7","r","0.0",",r","16",",r","0",",r","0",",r","","","30",",r","30",",r","30",",r","0",",r","0",",r","19731128",",,r","","","19731101",",,r","19731101",",,r","-45.3",",r,28,","","","2.3",",,r,01,","-18.2",",r,01,","3003.3","r","1509.7",",r","14.5",",,,r","-31.99",",r","-29.17",",,,r","-34.82",",,,r"
"RSM00024343","1973-12","66.7667","123.4","88.0","ZHIGANSK, RS","51.7","r","0.0",",r","14",",r","0",",r","0",",r","","","31",",r","31",",r","31",",r","0",",r","0",",r","19731221",",,r","","","19731216",",,r","19731202",",,r","-50.2",",r,21,","","","1.5",",,r,16,","-20.3",",r,02,","4756.9","r","1753.6",",r","9.3",",,,r","-38.23",",r","-35.04",",,,r","-41.43",",,,r"
"RSM00024343","1974-01","66.7667","123.4","88.0","ZHIGANSK, RS","0.0","r","0.0",",r","8",",r","0",",r","0",",r","","","31",",r","31",",r","31",",r","0",",r","0",",r","19740104","+,,r","","","19740101",",,r","19740110",",,r","-48.5",",r,04,+","","","1.3",",,r,01,","-26.3",",r,10,","6525.4","r","1768.5",",r","6.1",",,,r","-38.72",",r","-35.46",",,,r","-41.97",",,,r"
"RSM00024343","1974-02","66.7667","123.4","88.0","ZHIGANSK, RS","0.0","r","0.0",",r","5",",r","1",",r","0",",r","","","28",",r","28",",r","28",",r","0",",r","0",",r","19740220",",,r","","","19740226",",,r","19740226",",,r","-50.5",",r,20,","","","2.5",",,r,26,","-20.5",",r,26,","8143.8","r","1618.4",",r","4.9",",,,r","-39.47",",r","-36.51",",,,r","-42.43",",,,r"
"RSM00024343","1974-03","66.7667","123.4","88.0","ZHIGANSK, RS","0.0","r","0.0",",r","5",",r","0",",r","0",",r","","","31",",r","31",",r","31",",r","0",",r","0",",r","19740309",",,r","","","19740311","+,,r","19740330",",,r","-37.0",",r,09,","","","0.9",",,r,11,+","-6.9",",r,30,","9417.9","r","1274.1",",r","3.4",",,,r","-22.77",",r","-18.03",",,,r","-27.51",",,,r"
"RSM00024343","1974-04","66.7667","123.4","88.0","ZHIGANSK, RS","0.0","r","0.0",",r","13",",r","2",",r","0",",r","","","10",",r","30",",r","28",",r","0",",r","0",",r","19740404",",,r","","","19740422",",,r","19740425",",,r","-23.1",",r,04,","","","7.4",",,r,22,","4.9",",r,25,","10265.5","r","847.6",",r","19.3",",,,r","-9.92",",r","-4.53",",,,r","-15.32",",,,r"
"RSM00024343","1974-05","66.7667","123.4","88.0","ZHIGANSK, RS","0.0","r","0.0",",r","7",",r","2",",r","0",",r","","","0",",r","26",",r","1",",r","0",",r","0",",r","19740511",",,r","","","19740528",",,r","19740529",",,r","-9.2",",r,11,","","","8.4",",,r,28,","13.8",",r,29,","10785.3","r","519.8",",r","17.3",",,,r","1.56",",r","5.41",",,,r","-2.28",",,,r"
"RSM00024343","1974-06","66.7667","123.4","88.0","ZHIGANSK, RS","0.0","r","0.0",",r","8",",r","5",",r","0",",r","","","0",",r","2",",r","0",",r","2",",r","0",",r","19740611",",,r","","","19740624",",,r","19740603",",,r","-2.7",",r,11,","","","14.9",",,r,24,","22.0",",r,03,","11032.3","r","247.0",",r","47.4",",,,r","10.10",",r","14.57",",,,r","5.63",",,,r"
"RSM00024343","1974-07","66.7667","123.4","88.0","ZHIGANSK, RS","0.0","r","0.0",",r","15",",r","7",",r","1",",r","","","0",",r","0",",r","0",",r","7",",r","0",",r","19740702",",,r","","","19740723",",,r","19740729",",,r","4.4",",r,02,","","","36.9",",,r,23,","24.3",",r,29,","99.8","r","99.8",",r","97.0",",,,r","15.11",",r","19.44",",,,r","10.79",",,,r"
"RSM00024343","1974-08","66.7667","123.4","88.0","ZHIGANSK, RS","2.3","r","2.3",",r","8",",r","3",",r","1",",r","","","0",",r","0",",r","0",",r","6",",r","0",",r","19740821",",,r","","","19740801",",,r","19740807",",,r","0.5",",r,21,","","","53.0",",,r,01,","23.6",",r,07,","279.1","r","179.3",",r","76.8",",,,r","12.62",",r","17.38",",,,r","7.86",",,,r"
"RSM00024343","1974-09","66.7667","123.4","88.0","ZHIGANSK, RS","2.3","r","0.0",",r","10",",r","3",",r","0",",r","","","0",",r","16",",r","3",",r","0",",r","0",",r","19740928",",,r","","","19740923",",,r","19740904",",,r","-9.6",",r,28,","","","5.3",",,r,23,","17.5",",r,04,","724.9","r","445.8",",r","21.3",",,,r","3.47",",r","7.56",",,,r","-0.61",",,,r"
"RSM00024343","1974-10","66.7667","123.4","88.0","ZHIGANSK, RS","2.3","r","0.0",",r","21",",r","5",",r","0",",r","","","16",",r","31",",r","28",",r","0",",r","0",",r","19741031",",,r","","","19741009",",,r","19741004",",,r","-33.3",",r,31,","","","4.5",",,r,09,","0.8",",r,04,","1726.2","r","1001.3",",r","36.1",",,,r","-13.97",",r","-10.96",",,,r","-16.97",",,,r"
"RSM00024343","1974-11","66.7667","123.4","88.0","ZHIGANSK, RS","2.3","r","0.0",",r","15",",r","0",",r","0",",r","","","28",",r","30",",r","30",",r","0",",r","0",",r","19741129",",,r","","","19741120",",,r","19741111",",,r","-42.0",",r,29,","","","2.2",",,r,20,","-12.2",",r,11,","3142.9","r","1416.7",",r","12.2",",,,r","-28.89",",r","-26.06",",,,r","-31.72",",,,r"
"RSM00024343","1974-12","66.7667","123.4","88.0","ZHIGANSK, RS","2.3","r","0.0",",r","6",",r","0",",r","0",",r","","","31",",r","31",",r","31",",r","0",",r","0",",r","19741223",",,r","","","19741231",",,r","19741227",",,r","-51.1",",r,23,","","","1.5",",,r,31,","-31.0",",r,27,","5006.7","r","1863.8",",r","4.5",",,,r","-41.79",",r","-39.41",",,,r","-44.17",",,,r"
"RSM00024343","1975-01","66.7667","123.4","88.0","ZHIGANSK, RS","0.0","r","0.0",",r","12",",r","0",",r","0",",r","","","31",",r","31",",r","31",",r","0",",r","0",",r","19750106",",,r","","","19750119",",,r","19750121",",,r","-50.0",",r,06,","","","2.0",",,r,19,","-23.7",",r,21,","6744.9","r","1738.2",",r","12.0",",,,r","-37.74",",r","-35.67",",,,r","-39.81",",,,r"
"RSM00024343","1975-02","66.7667","123.4","88.0","ZHIGANSK, RS","0.0","r","0.0",",r","6",",r","0",",r","0",",r","","","28",",r","28",",r","28",",r","0",",r","0",",r","19750201",",,r","","","19750203",",,r","19750228",",,r","-47.9",",r,01,","","","0.9",",,r,03,","-26.1",",r,28,","8240.0","r","1495.1",",r","5.1",",,,r","-35.06",",r","-32.50",",,,r","-37.63",",,,r"
"RSM00024343","1975-03","66.7667","123.4","88.0","ZHIGANSK, RS","0.0","r","0.0",",r","18",",r","1",",r","0",",r","","","23",",r","31",",r","29",",r","0",",r","0",",r","19750314",",,r","","","19750312",",,r","19750327",",,r","-35.8",",r,14,","","","3.3",",,r,12,","1.8",",r,27,","9359.4","r","1119.4",",r","20.4",",,,r","-17.78",",r","-13.42",",,,r","-22.14",",,,r"
"RSM00024343","1975-04","66.7667","123.4","88.0","ZHIGANSK, RS","0.0","r","0.0",",r","7",",r","1",",r","0",",r","","","8",",r","29",",r","16",",r","0",",r","0",",r","19750407",",,r","","","19750417",",,r","19750421",",,r","-31.4",",r,07,","","","3.6",",,r,17,","8.1",",r,21,","10161.8","r","802.4",",r","7.8",",,,r","-8.41",",r","-3.65",",,,r","-13.18",",,,r"
"RSM00024343","1975-05","66.7667","123.4","88.0","ZHIGANSK, RS","0.0","r","0.0",",r","6",",r","3",",r","0",",r","","","0",",r","11",",r","0",",r","0",",r","0",",r","19750509",",,r","","","19750525",",,r","19750529",",,r","-9.5",",r,09,","","","15.2",",,r,25,","17.2",",r,29,","10569.0","r","407.2",",r","31.0",",,,r","5.20",",r","9.80",",,,r","0.60",",,,r"
"RSM00024343","1975-06","66.7667","123.4","88.0","ZHIGANSK, RS","31.4","r","31.4",",r","8",",r","6",",r","0",",r","","","0",",r","0",",r","0",",r","14",",r","0",",r","19750606",",,r","","","19750625",",,r","19750624",",,r","3.5",",r,06,","","","17.6",",,r,25,","29.3",",r,24,","10666.0","r","97.0",",r","54.8",",,,r","16.15",",r","21.26",",,,r","11.03",",,,r"
"RSM00024343","1975-07","66.7667","123.4","88.0","ZHIGANSK, RS","46.4","r","15.0",",r","9",",r","3",",r","0",",r","","","0",",r","0",",r","0",",r","15",",r","0",",r","19750724",",,r","","","19750704",",,r","19750718",",,r","5.5",",r,24,","","","4.9",",,r,04,","28.8",",r,18,","91.6","r","91.6",",r","17.8",",,,r","15.86",",r","21.08",",,,r","10.64",",,,r"
"RSM00024343","1975-08","66.7667","123.4","88.0","ZHIGANSK, RS","61.3","r","14.9",",r","8",",r","6",",r","0",",r","","","0",",r","3",",r","0",",r","9",",r","0",",r","19750831",",,r","","","19750811",",,r","19750803",",,r","-3.2",",r,31,","","","8.9",",,r,11,","29.4",",r,03,","318.5","r","226.9",",r","38.2",",,,r","11.49",",r","16.86",",,,r","6.12",",,,r"
"RSM00024343","1975-09","66.7667","123.4","88.0","ZHIGANSK, RS","61.3","r","0.0",",r","8",",r","5",",r","0",",r","","","0",",r","16",",r","0",",r","0",",r","0",",r","19750919",",,r","","","19750930",",,r","19750911",",,r","-6.3",",r,19,","","","12.8",",,r,30,","14.6",",r,11,","767.3","r","448.8",",r","46.2",",,,r","3.37",",r","7.34",",,,r","-0.59",",,,r"
"RSM00024343","1975-10","66.7667","123.4","88.0","ZHIGANSK, RS","61.3","r","0.0",",r","21",",r","8",",r","0",",r","","","7",",r","31",",r","21",",r","0",",r","0",",r","19751028",",,r","","","19751020",",,r","19751003",",,r","-30.7",",r,28,","","","6.1",",,r,20,","3.4",",r,03,","1563.3","r","796.0",",r","45.7",",,,r","-7.35",",r","-4.30",",,,r","-10.39",",,,r"
"RSM00024343","1975-11","66.7667","123.4","88.0","ZHIGANSK, RS","61.3","r","0.0",",r","18",",r","1",",r","0",",r","","","27",",r","30",",r","30",",r","0",",r","0",",r","19751122",",,r","","","19751101",",,r","19751101",",,r","-50.1",",r,22,","","","5.1",",,r,01,","-5.0",",r,01,","2946.1","r","1382.8",",r","23.5",",,,r","-27.76",",r","-24.82",",,,r","-30.70",",,,r"
"RSM00024343","1975-12","66.7667","123.4","88.0","ZHIGANSK, RS","61.3","r","0.0",",r","13",",r","5",",r","0",",r","","","31",",r","31",",r","31",",r","0",",r","0",",r","19751230",",,r","","","19751226",",,r","19751222",",,r","-45.7",",r,30,","","","5.8",",,r,26,","-19.6",",r,22,","4458.7","r","1512.6",",r","28.4",",,,r","-30.46",",r","-26.88",",,,r","-34.05",",,,r"
"RSM00024343","1976-01","66.7667","123.4","88.0","ZHIGANSK, RS","0.0","r","0.0",",r","5",",r","0",",r","0",",r","","","31",",r","31",",r","31",",r","0",",r","0",",r","19760118",",,r","","","19760111",",,r","19760101",",,r","-48.0",",r,18,","","","2.0",",,r,11,","-25.9",",r,01,","6197.8","r","1739.1",",r","4.4",",,,r","-37.77",",r","-35.00",",,,r","-40.53",",,,r"
"RSM00024343","1976-02","66.7667","123.4","88.0","ZHIGANSK, RS","0.0","r","0.0",",r","8","1,r","0","1,r","0","1,r","","","29",",r","29",",r","29",",r","0",",r","0",",r","19760218",",,r","","","19760212",",1,r","19760229",",,r","-51.9",",r,18,","","","1.1","1,,r,12,","-23.5",",r,29,","7850.9","r","1653.1",",r","5.7","1,,,r","-38.67",",r","-35.67",",,,r","-41.67",",,,r"
"RSM00024343","1976-03","66.7667","123.4","88.0","ZHIGANSK, RS","0.0","r","0.0",",r","7",",r","0",",r","0",",r","","","30",",r","31",",r","31",",r","0",",r","0",",r","19760311",",,r","","","19760306",",,r","19760331",",,r","-40.4",",r,11,","","","0.9",",,r,06,","-8.8",",r,31,","9188.1","r","1337.2",",r","4.1",",,,r","-24.80",",r","-20.27",",,,r","-29.34",",,,r"
"RSM00024343","1976-04","66.7667","123.4","88.0","ZHIGANSK, RS","0.0","r","0.0",",r","7",",r","2",",r","0",",r","","","4",",r","30",",r","17",",r","0",",r","0",",r","19760415",",,r","","","19760430",",,r","19760424",",,r","-21.0",",r,15,","","","6.0",",,r,30,","5.5",",r,24,","9924.6","r","736.5",",r","15.2",",,,r","-6.22",",r","-1.33",",,,r","-11.11",",,,r"
"RSM00024343","1976-05","66.7667","123.4","88.0","ZHIGANSK, RS","0.0","r","0.0",",r","7",",r","3",",r","0",",r","","","0",",r","23",",r","3",",r","0",",r","0",",r","19760502",",,r","","","19760512",",,r","19760525",",,r","-16.1",",r,02,","","","13.8",",,r,12,","12.5",",r,25,","10494.2","r","569.6",",r","25.8",",,,r","-0.04",",r","3.51",",,,r","-3.59",",,,r"
"RSM00024343","1976-06","66.7667","123.4","88.0","ZHIGANSK, RS","4.4","r","4.4",",r","4",",r","2",",r","0",",r","","","0",",r","4",",r","0",",r","3",",r","0",",r","19760602",",,r","","","19760611",",,r","19760630",",,r","-2.1",",r,02,","","","5.1",",,r,11,","27.0",",r,30,","10733.7","r","239.5",",r","11.7",",,,r","10.50",",r","15.35",",,,r","5.64",",,,r"
"RSM00024343","1976-07","66.7667","123.4","88.0","ZHIGANSK, RS","9.1","r","4.7",",r","20",",r","13",",r","1",",r","","","0",",r","0",",r","0",",r","9",",r","0",",r","19760721",",,r","","","19760702",",,r","19760726",",,r","1.7",",r,21,","","","26.3",",,r,02,","25.9",",r,26,","175.8","r","175.8",",r","161.0",",,,r","12.81",",r","17.29",",,,r","8.34",",,,r"
"RSM00024343","1976-08","66.7667","123.4","88.0","ZHIGANSK, RS","11.8","r","2.7",",r","14",",r","4",",r","0",",r","","","0",",r","4",",r","0",",r","7",",r","0",",r","19760819",",,r","","","19760815",",,r","19760807",",,r","-1.6",",r,19,","","","10.8",",,r,15,","25.8",",r,07,","387.0","r","211.2",",r","40.0",",,,r","11.61",",r","16.23",",,,r","6.98",",,,r"
"RSM00024343","1976-09","66.7667","123.4","88.0","ZHIGANSK, RS","11.8","r","0.0",",r","14",",r","4",",r","0",",r","","","0",",r","11",",r","0",",r","0",",r","0",",r","19760930","+,,r","","","19760919",",,r","19760912",",,r","-7.0",",r,30,+","","","12.2",",,r,19,","18.9",",r,12,","774.4","r","387.4",",r","40.0",",,,r","5.42",",r","9.37",",,,r","1.47",",,,r"
"RSM00024343","1976-10","66.7667","123.4","88.0","ZHIGANSK, RS","11.8","r","0.0",",r","15",",r","1",",r","0",",r","","","10",",r","31",",r","28",",r","0",",r","0",",r","19761019",",,r","","","19761014",",,r","19761001",",,r","-28.5",",r,19,","","","3.6",",,r,14,","3.3",",r,01,","1699.5","r","925.1",",r","18.2",",,,r","-11.51",",r","-8.53",",,,r","-14.48",",,,r"
"RSM00024343","1976-11","66.7667","123.4","88.0","ZHIGANSK, RS","11.8","r","0.0",",r","19",",r","0",",r","0",",r","","","30",",r","30",",r","30",",r","0",",r","0",",r","19761122",",,r","","","19761116",",,r","19761101",",,r","-40.8",",r,22,","","","1.8",",,r,16,","-16.3",",r,01,","3115.8","r","1416.3",",r","16.6",",,,r","-28.88",",r","-25.78",",,,r","-31.98",",,,r"
"RSM00024343","1976-12","66.7667","123.4","88.0","ZHIGANSK, RS","11.8","r","0.0",",r","12",",r","1",",r","0",",r","","","31",",r","31",",r","31",",r","0",",r","0",",r","19761211",",,r","","","19761205",",,r","19761205",",,r","-50.6",",r,11,","","","4.2",",,r,05,","-20.6",",r,05,","4816.7","r","1700.9",",r","14.6",",,,r","-36.54",",r","-32.41",",,,r","-40.66",",,,r"
"RSM00024343","1977-01","66.7667","123.4","88.0","ZHIGANSK, RS","0.0","r","0.0",",r","8",",r","0",",r","0",",r","","","31",",r","31",",r","31",",r","0",",r","0",",r","19770106",",,r","","","19770102",",,r","19770131",",,r","-48.6",",r,06,","","","1.1",",,r,02,","-27.9",",r,31,","6581.1","r","1764.4",",r","5.2",",,,r","-38.58",",r","-35.98",",,,r","-41.19",",,,r"
"RSM00024343","1977-02","66.7667","123.4","88.0","ZHIGANSK, RS","0.0","r","0.0",",r","7",",r","1",",r","0",",r","","","28",",r","28",",r","28",",r","0",",r","0",",r","19770211",",,r","","","19770216",",,r","19770217",",,r","-47.0",",r,11,","","","2.5",",,r,16,","-24.2",",r,17,","8101.7","r","1520.6",",r","7.5",",,,r","-35.98",",r","-32.54",",,,r","-39.41",",,,r"
"RSM00024343","1977-03","66.7667","123.4","88.0","ZHIGANSK, RS","0.0","r","0.0",",r","13",",r","1",",r","0",",r","","","27",",r","31",",r","31",",r","0",",r","0",",r","19770302",",,r","","","19770316",",,r","19770328",",,r","-40.1",",r,02,","","","2.5",",,r,16,","-5.7",",r,28,","9409.5","r","1307.8",",r","12.0",",,,r","-23.85",",r","-19.00",",,,r","-28.71",",,,r"
"RSM00024343","1977-04","66.7667","123.4","88.0","ZHIGANSK, RS","0.0","r","0.0",",r","7",",r","3",",r","0",",r","","","11",",r","30",",r","21",",r","0",",r","0",",r","19770419",",,r","","","19770418",",,r","19770410",",,r","-31.0",",r,19,","","","6.6",",,r,18,","4.3",",r,10,","10272.3","r","862.8",",r","22.0",",,,r","-10.43",",r","-4.71",",,,r","-16.14",",,,r"
"RSM00024343","1977-05","66.7667","123.4","88.0","ZHIGANSK, RS","0.0","r","0.0",",r","6",",r","3",",r","0",",r","","","2",",r","17",",r","3",",r","0",",r","0",",r","19770502",",,r","","","19770509",",,r","19770525","+,,r","-20.8",",r,02,","","","6.4",",,r,09,","18.9",",r,25,+","10753.6","r","481.3",",r","20.3",",,,r","2.81",",r","7.33",",,,r","-1.71",",,,r"
"RSM00024343","1977-06","66.7667","123.4","88.0","ZHIGANSK, RS","0.0","r","0.0",",r","10",",r","7",",r","0",",r","","","0",",r","0",",r","0",",r","8",",r","0",",r","19770601",",,r","","","19770617",",,r","19770614",",,r","1.3",",r,01,","","","12.5",",,r,17,","23.3",",r,14,","10937.4","r","183.8",",r","52.1",",,,r","12.21",",r","16.97",",,,r","7.44",",,,r"
"RSM00024343","1977-07","66.7667","123.4","88.0","ZHIGANSK, RS","4.2","r","4.2",",r","16",",r","9",",r","0",",r","","","0",",r","0",",r","0",",r","10",",r","0",",r","19770723",",,r","","","19770708",",,r","19770715",",,r","1.6",",r,23,","","","17.9",",,r,08,","25.9",",r,15,","153.4","r","153.4",",r","74.3",",,,r","13.52",",r","17.79",",,,r","9.25",",,,r"
"RSM00024343","1977-08","66.7667","123.4","88.0","ZHIGANSK, RS","4.2","r","0.0",",r","13",",r","3",",r","0",",r","","","0",",r","1",",r","0",",r","0",",r","0",",r","19770827",",,r","","","19770805",",,r","19770809",",,r","-0.3",",r,27,","","","24.5",",,r,05,","20.7",",r,09,","414.7","r","261.3",",r","46.2",",,,r","9.90",",r","14.20",",,,r","5.60",",,,r"
"RSM00024343","1977-09","66.7667","123.4","88.0","ZHIGANSK, RS","4.2","r","0.0",",r","17",",r","8",",r","0",",r","","","0",",r","23",",r","3",",r","0",",r","0",",r","19770923",",,r","","","19770906",",,r","19770904",",,r","-10.4",",r,23,","","","16.3",",,r,06,","15.9",",r,04,","908.9","r","494.2",",r","59.1",",,,r","1.86",",r","5.38",",,,r","-1.66",",,,r"
"RSM00024343","1977-10","66.7667","123.4","88.0","ZHIGANSK, RS","4.2","r","0.0",",r","21",",r","7",",r","0",",r","","","17",",r","31",",r","31",",r","0",",r","0",",r","19771031",",,r","","","19771002",",,r","19771002",",,r","-41.1",",r,31,","","","7.3",",,r,02,","-0.1",",r,02,","1948.7","r","1039.8",",r","39.5",",,,r","-15.21",",r","-11.79",",,,r","-18.63",",,,r"
"RSM00024343","1977-11","66.7667","123.4","88.0","ZHIGANSK, RS","4.2","r","0.0",",r","12",",r","0",",r","0",",r","","","30",",r","30",",r","30",",r","0",",r","0",",r","19771115",",,r","","","19771105",",,r","19771105",",,r","-43.6",",r,15,","","","2.2",",,r,05,","-16.2",",r,05,","3448.0","r","1499.3",",r","10.5",",,,r","-31.64",",r","-28.75",",,,r","-34.53",",,,r"
"RSM00024343","1977-12","66.7667","123.4","88.0","ZHIGANSK, RS","4.2","r","0.0",",r","17",",r","0",",r","0",",r","","","31",",r","31",",r","31",",r","0",",r","0",",r","19771220",",,r","","","19771227",",,r","19771202",",,r","-52.1",",r,20,","","","2.1",",,r,27,","-21.0",",r,02,","5155.8","r","1707.8",",r","15.1",",,,r","-36.76",",r","-33.68",",,,r","-39.83",",,,r"
"RSM00024343","1978-01","66.7667","123.4","88.0","ZHIGANSK, RS","0.0","r","0.0",",r","12",",r","0",",r","0",",r","","","31",",r","31",",r","31",",r","0",",r","0",",r","19780123",",,r","","","19780109",",,r","19780107",",,r","-55.6",",r,23,","","","1.2",",,r,09,","-32.7",",r,07,","7095.7","r","1939.9",",r","9.2",",,,r","-44.25",",r","-41.30",",,,r","-47.19",",,,r"
"RSM00024343","1978-02","66.7667","123.4","88.0","ZHIGANSK, RS","0.0","r","0.0",",r","12",",r","0",",r","0",",r","","","28",",r","28",",r","28",",r","0",",r","0",",r","19780210",",,r","","","19780225",",,r","19780228",",,r","-43.9",",r,10,","","","2.0",",,r,25,","-19.1",",r,28,","8535.0","r","1439.3",",r","11.1",",,,r","-33.07",",r","-29.58",",,,r","-36.56",",,,r"
"RSM00024343","1978-03","66.7667","123.4","88.0","ZHIGANSK, RS","0.0","r","0.0",",r","12",",r","2",",r","0",",r","","","28",",r","31",",r","31",",r","0",",r","0",",r","19780310",",,r","","","19780323",",,r","19780321",",,r","-40.6",",r,10,","","","3.5",",,r,23,","-7.2",",r,21,","9777.7","r","1242.7",",r","17.6",",,,r","-21.75",",r","-17.17",",,,r","-26.34",",,,r"
"RSM00024343","1978-04","66.7667","123.4","88.0","ZHIGANSK, RS","0.0","r","0.0",",r","6",",r","0",",r","0",",r","","","9",",r","30",",r","25",",r","0",",r","0",",r","19780405",",,r","","","19780412",",,r","19780411",",,r","-25.1",",r,05,","","","1.9",",,r,12,","3.8",",r,11,","10600.2","r","822.5",",r","5.7",",,,r","-9.09",",r","-3.60",",,,r","-14.57",",,,r"
"RSM00024343","1978-05","66.7667","123.4","88.0","ZHIGANSK, RS","0.0","r","0.0",",r","5",",r","3",",r","0",",r","","","1",",r","25",",r","12",",r","0",",r","0",",r","19780502",",,r","","","19780521",",,r","19780531",",,r","-20.9",",r,02,","","","5.3",",,r,21,","12.9",",r,31,","11240.3","r","640.1",",r","13.2",",,,r","-2.31",",r","1.68",",,,r","-6.31",",,,r"
"RSM00024343","1978-06","66.7667","123.4","88.0","ZHIGANSK, RS","2.5","r","2.5",",r","7",",r","2",",r","0",",r","","","0",",r","1",",r","0",",r","13",",r","0",",r","19780607",",,r","","","19780629",",,r","19780611",",,r","-0.9",",r,07,","","","4.1",",,r,29,","26.0",",r,11,","11416.2","r","175.9",",r","13.0",",,,r","12.55",",r","17.72",",,,r","7.38",",,,r"
"RSM00024343","1978-07","66.7667","123.4","88.0","ZHIGANSK, RS","14.2","r","11.7",",r","12",",r","4",",r","0",",r","","","0",",r","0",",r","0",",r","15",",r","0",",r","19780705",",,r","","","19780710",",,r","19780723",",,r","0.4",",r,05,","","","15.7",",,r,10,","27.9",",r,23,","136.0","r","136.0",",r","30.9",",,,r","14.32",",r","19.45",",,,r","9.20",",,,r"
"RSM00024343","1978-08","66.7667","123.4","88.0","ZHIGANSK, RS","14.5","r","0.3",",r","8",",r","2",",r","0",",r","","","0",",r","1",",r","0",",r","10",",r","0",",r","19780830",",,r","","","19780817",",,r","19780810",",,r","-3.2",",r,30,","","","6.7",",,r,17,","26.6",",r,10,","312.5","r","176.5",",r","21.2",",,,r","12.65",",r","17.68",",,,r","7.62",",,,r"
"RSM00024343","1978-09","66.7667","123.4","88.0","ZHIGANSK, RS","14.5","r","0.0",",r","13",",r","5",",r","0",",r","","","0",",r","17",",r","1",",r","0",",r","0",",r","19780910",",,r","","","19780904",",,r","19780912",",,r","-5.6",",r,10,","","","14.5",",,r,04,","13.1",",r,12,","775.1","r","462.6",",r","38.1",",,,r","2.91",",r","6.37",",,,r","-0.54",",,,r"
"RSM00024343","1978-10","66.7667","123.4","88.0","ZHIGANSK, RS","14.5","r","0.0",",r","19",",r","4",",r","0",",r","","","9",",r","31",",r","30",",r","0",",r","0",",r","19781026",",,r","","","19781018",",,r","19781001",",,r","-25.9",",r,26,","","","3.7",",,r,18,","0.7",",r,01,","1645.0","r","869.9",",r","24.4",",,,r","-9.73",",r","-7.17",",,,r","-12.28",",,,r"
"RSM00024343","1978-11","66.7667","123.4","88.0","ZHIGANSK, RS","14.5","r","0.0",",r","19",",r","4",",r","0",",r","","","28",",r","30",",r","30",",r","0",",r","0",",r","19781130",",,r","","","19781101",",,r","19781102",",,r","-38.3",",r,30,","","","4.1",",,r,01,","-6.1",",r,02,","2885.8","r","1240.8",",r","30.8",",,,r","-23.03",",r","-19.84",",,,r","-26.21",",,,r"
"RSM00024343","1978-12","66.7667","123.4","88.0","ZHIGANSK, RS","14.5","r","0.0",",r","11",",r","1",",r","0",",r","","","31",",r","31",",r","31",",r","0",",r","0",",r","19781214",",,r","","","19781231",",,r","19781231",",,r","-50.2",",r,14,","","","2.7",",,r,31,","-24.0",",r,31,","4713.2","r","1827.4",",r","14.8",",,,r","-40.61",",r","-37.95",",,,r","-43.28",",,,r"
"RSM00024343","1979-01","66.7667","123.4","88.0","ZHIGANSK, RS","0.0","r","0.0",",r","4",",r","1",",r","0",",r","","","31",",r","31",",r","31",",r","0",",r","0",",r","19790110",",,r","","","19790101",",,r","19790101",",,r","-57.6",",r,10,","","","4.1",",,r,01,","-19.1",",r,01,","6686.1","r","1972.9",",r","6.9",",,,r","-45.31",",r","-42.54",",,,r","-48.08",",,,r"
"RSM00024343","1979-02","66.7667","123.4","88.0","ZHIGANSK, RS","0.0","r","0.0",",r","12",",r","2",",r","0",",r","","","28",",r","28",",r","28",",r","0",",r","0",",r","19790205",",,r","","","19790225",",,r","19790224",",,r","-54.3",",r,05,","","","3.3",",,r,25,","-18.8",",r,24,","8312.4","r","1626.3",",r","16.0",",,,r","-39.75",",r","-36.00",",,,r","-43.50",",,,r"
"RSM00024343","1979-03","66.7667","123.4","88.0","ZHIGANSK, RS","0.0","r","0.0",",r","8",",r","0",",r","0",",r","","","30",",r","31",",r","31",",r","0",",r","0",",r","19790301",",,r","","","19790321",",,r","19790322",",,r","-41.5",",r,01,","","","2.1",",,r,21,","-11.7",",r,22,","9687.1","r","1374.7",",r","6.8",",,,r","-26.01",",r","-21.72",",,,r","-30.30",",,,r"
"RSM00024343","1979-04","66.7667","123.4","88.0","ZHIGANSK, RS","0.0","r","0.0",",r","3",",r","0",",r","0",",r","","","17",",r","30",",r","25",",r","0",",r","0",",r","19790401",",,r","","","19790428",",,r","19790427",",,r","-28.9",",r,01,","","","2.2",",,r,28,","7.9",",r,27,","10620.6","r","933.5",",r","4.0",",,,r","-12.78",",r","-7.52",",,,r","-18.05",",,,r"
"RSM00024343","1979-05","66.7667","123.4","88.0","ZHIGANSK, RS","0.0","r","0.0",",r","15",",r","5",",r","0",",r","","","0",",r","19",",r","10",",r","0",",r","0",",r","19790505",",,r","","","19790526",",,r","19790530",",,r","-15.5",",r,05,","","","9.5",",,r,26,","12.9",",r,30,","11182.0","r","561.4",",r","34.9",",,,r","0.22",",r","4.11",",,,r","-3.66",",,,r"
"RSM00024343","1979-06","66.7667","123.4","88.0","ZHIGANSK, RS","8.4","r","8.4",",r","3",",r","2",",r","0",",r","","","0",",r","1",",r","0",",r","9",",r","0",",r","19790606",",,r","","","19790611",",,r","19790627",",,r","-0.1",",r,06,","","","2.6",",,r,11,","28.2",",r,27,","11380.0","r","198.0",",r","6.7",",,,r","12.02",",r","17.14",",,,r","6.89",",,,r"
"RSM00024343","1979-07","66.7667","123.4","88.0","ZHIGANSK, RS","22.9","r","14.5",",r","8",",r","3",",r","1",",r","","","0",",r","0",",r","0",",r","15",",r","0",",r","19790714",",,r","","","19790729",",,r","19790703",",,r","2.6",",r,14,","","","28.3",",,r,29,","32.0",",r,03,","128.0","r","128.0",",r","48.0",",,,r","14.67",",r","19.92",",,,r","9.42",",,,r"
"RSM00024343","1979-08","66.7667","123.4","88.0","ZHIGANSK, RS","24.7","r","1.8",",r","8",",r","4",",r","0",",r","","","0",",r","1",",r","0",",r","8",",r","0",",r","19790831",",,r","","","19790824",",,r","19790802",",,r","-0.2",",r,31,","","","6.0",",,r,24,","27.6",",r,02,","344.4","r","216.4",",r","20.9",",,,r","11.41",",r","16.19",",,,r","6.63",",,,r"
"RSM00024343","1979-09","66.7667","123.4","88.0","ZHIGANSK, RS","24.7","r","0.0",",r","7",",r","3",",r","0",",r","","","0",",r","22",",r","2",",r","0",",r","0",",r","19790926",",,r","","","19790928",",,r","19790911",",,r","-10.3",",r,26,","","","3.4",",,r,28,","14.1",",r,11,","840.4","r","496.0",",r","13.5",",,,r","1.80",",r","5.97",",,,r","-2.37",",,,r"
"RSM00024343","1979-10","66.7667","123.4","88.0","ZHIGANSK, RS","24.7","r","0.0",",r","20",",r","7",",r","0",",r","","","13",",r","30",",r","29",",r","0",",r","0",",r","19791028",",,r","","","19791002",",,r","19791001",",,r","-31.6",",r,28,","","","11.6",",,r,02,","3.6",",r,01,","1849.0","r","1008.6",",r","47.3",",,,r","-14.20",",r","-11.48",",,,r","-16.93",",,,r"
"RSM00024343","1979-11","66.7667","123.4","88.0","ZHIGANSK, RS","24.7","r","0.0",",r","11",",r","0",",r","0",",r","","","30",",r","30",",r","30",",r","0",",r","0",",r","19791106",",,r","","","19791125",",,r","19791126",",,r","-45.3",",r,06,","","","2.1",",,r,25,","-20.1",",r,26,","3413.5","r","1564.5",",r","10.7",",,,r","-33.82",",r","-30.66",",,,r","-36.97",",,,r"
"RSM00024343","1979-12","66.7667","123.4","88.0","ZHIGANSK, RS","24.7","r","0.0",",r","13",",r","6",",r","0",",r","","","31",",r","31",",r","31",",r","0",",r","0",",r","19791231",",,r","","","19791226","+,,r","19791215",",,r","-53.4",",r,31,","","","3.9",",,r,26,+","-10.7",",r,15,","4994.8","r","1581.3",",r","27.3",",,,r","-32.68",",r","-29.52",",,,r","-35.84",",,,r"
"RSM00024343","1980-01","66.7667","123.4","88.0","ZHIGANSK, RS","0.0","r","0.0",",r","9",",r","0",",r","0",",r","","","31",",r","31",",r","31",",r","0",",r","0",",r","19800103",",,r","","","19800125","+,,r","19800114",",,r","-55.3",",r,03,","","","1.1",",,r,25,+","-19.6",",r,14,","6718.8","r","1724.0",",r","5.9",",,,r","-37.28",",r","-34.07",",,,r","-40.49",",,,r"
"RSM00024343","1980-02","66.7667","123.4","88.0","ZHIGANSK, RS","0.0","r","0.0",",r","9",",r","0",",r","0",",r","","","29",",r","29",",r","29",",r","0",",r","0",",r","19800201",",,r","","","19800209",",,r","19800228",",,r","-44.6",",r,01,","","","0.9",",,r,09,","-20.3",",r,28,","8221.5","r","1502.7",",r","6.0",",,,r","-33.48",",r","-30.43",",,,r","-36.54",",,,r"
"RSM00024343","1980-03","66.7667","123.4","88.0","ZHIGANSK, RS","0.0","r","0.0",",r","5",",r","0",",r","0",",r","","","31",",r","31",",r","31",",r","0",",r","0",",r","19800302",",,r","","","19800310",",,r","19800321",",,r","-40.2",",r,02,","","","1.2",",,r,10,","-13.9",",r,21,","9587.4","r","1365.9",",r","3.9",",,,r","-25.73",",r","-21.53",",,,r","-29.93",",,,r"
"RSM00024343","1980-04","66.7667","123.4","88.0","ZHIGANSK, RS","0.0","r","0.0",",r","8",",r","0",",r","0",",r","","","16",",r","30",",r","26",",r","0",",r","0",",r","19800402",",,r","","","19800429",",,r","19800430",",,r","-33.2",",r,02,","","","1.4",",,r,29,","2.4",",r,30,","10523.3","r","935.9",",r","4.1",",,,r","-12.86",",r","-7.54",",,,r","-18.19",",,,r"
"RSM00024343","1980-05","66.7667","123.4","88.0","ZHIGANSK, RS","0.0","r","0.0","1,r","6",",r","0",",r","0",",r","","","0",",r","21",",r","1","1,r","0","1,r","0","1,r","19800517",",,r","","","19800516",",,r","19800527",",1,r","-7.7",",r,17,","","","1.5",",,r,16,","13.8","1,r,27,","11007.2","r","483.9","1,r","5.4",",,,r","2.10","1,r","5.79","1,,,r","-1.59",",,,r"
"RSM00024343","1980-06","66.7667","123.4","88.0","ZHIGANSK, RS","0.0","r","0.0",",r","9",",r","3",",r","0",",r","","","0",",r","1",",r","0",",r","5",",r","0",",r","19800609",",,r","","","19800628",",,r","19800616","+,,r","-0.3",",r,09,","","","8.0",",,r,28,","22.9",",r,16,+","11233.4","r","226.2",",r","23.9",",,,r","10.79",",r","16.29",",,,r","5.29",",,,r"
"RSM00024343","1980-07","66.7667","123.4","88.0","ZHIGANSK, RS","43.7","r","43.7",",r","12",",r","6",",r","1",",r","","","0",",r","0",",r","0",",r","22",",r","0",",r","19800703",",,r","","","19800716",",,r","19800731",",,r","4.1",",r,03,","","","36.2",",,r,16,","30.5",",r,31,","46.2","r","46.2",",r","74.6",",,,r","18.25",",r","23.76",",,,r","12.74",",,,r"
"RSM00024343","1980-08","66.7667","123.4","88.0","ZHIGANSK, RS","52.6","r","8.9",",r","8",",r","5",",r","0",",r","","","0",",r","0",",r","0",",r","14",",r","0",",r","19800822",",,r","","","19800816",",,r","19800801",",,r","1.3",",r,22,","","","13.2",",,r,16,","30.1",",r,01,","153.5","r","107.3",",r","39.8",",,,r","15.16",",r","20.73",",,,r","9.59",",,,r"
"RSM00024343","1980-09","66.7667","123.4","88.0","ZHIGANSK, RS","52.6","r","0.0",",r","14",",r","9",",r","0",",r","","","0",",r","16",",r","5",",r","3",",r","0",",r","19800927",",,r","","","19800929",",,r","19800902",",,r","-13.5",",r,27,","","","10.7",",,r,29,","22.8",",r,02,","604.7","r","451.2",",r","57.1",",,,r","3.29",",r","7.29",",,,r","-0.71",",,,r"
"RSM00024343","1980-10","66.7667","123.4","88.0","ZHIGANSK, RS","52.6","r","0.0",",r","17",",r","2",",r","0",",r","","","8",",r","31",",r","27",",r","0",",r","0",",r","19801019",",,r","","","19801022",",,r","19801003",",,r","-27.8",",r,19,","","","5.3",",,r,22,","2.5",",r,03,","1458.2","r","853.5",",r","24.6",",,,r","-9.20",",r","-6.84",",,,r","-11.56",",,,r"
"RSM00024343","1980-11","66.7667","123.4","88.0","ZHIGANSK, RS","52.6","r","0.0",",r","13",",r","2",",r","0",",r","","","28",",r","30",",r","30",",r","0",",r","0",",r","19801128",",,r","","","19801103",",,r","19801103",",,r","-48.5",",r,28,","","","3.6",",,r,03,","-7.7",",r,03,","2992.9","r","1534.7",",r","14.8",",,,r","-32.83",",r","-28.96",",,,r","-36.69",",,,r"
"RSM00024343","1980-12","66.7667","123.4","88.0","ZHIGANSK, RS","52.6","r","0.0",",r","10",",r","0",",r","0",",r","","","31",",r","31",",r","31",",r","0",",r","0",",r","19801204",",,r","","","19801222",",,r","19801201",",,r","-47.7",",r,04,","","","1.8",",,r,22,","-23.4",",r,01,","4628.2","r","1635.3",",r","10.0",",,,r","-34.42",",r","-31.33",",,,r","-37.51",",,,r"
"RSM00024343","1981-01","66.7667","123.4","88.0","ZHIGANSK, RS","0.0","r","0.0",",r","15",",r","0",",r","0",",r","","","31",",r","31",",r","31",",r","0",",r","0",",r","19810126","+,,r","","","19810104",",,r","19810118",",,r","-41.1",",r,26,+","","","1.4",",,r,04,","-16.1",",r,18,","6207.8","r","1579.6",",r","10.2",",,,r","-32.62",",r","-29.73",",,,r","-35.51",",,,r"
"RSM00024343","1981-02","66.7667","123.4","88.0","ZHIGANSK, RS","0.0","r","0.0",",r","8",",r","0",",r","0",",r","","","28",",r","28",",r","28",",r","0",",r","0",",r","19810205",",,r","","","19810204","+,,r","19810203",",,r","-45.4",",r,05,","","","1.0",",,r,04,+","-21.6",",r,03,","7610.6","r","1402.8",",r","5.6",",,,r","-31.77",",r","-28.16",",,,r","-35.38",",,,r"
"RSM00024343","1981-03","66.7667","123.4","88.0","ZHIGANSK, RS","0.0","r","0.0",",r","6",",r","1",",r","0",",r","","","27",",r","31",",r","30",",r","0",",r","0",",r","19810301",",,r","","","19810316",",,r","19810331",",,r","-42.0",",r,01,","","","4.1",",,r,16,","4.6",",r,31,","8932.5","r","1321.9",",r","10.8",",,,r","-24.31",",r","-18.96",",,,r","-29.66",",,,r"
"RSM00024343","1981-04","66.7667","123.4","88.0","ZHIGANSK, RS","0.0","r","0.0",",r","9",",r","2",",r","0",",r","","","10",",r","29",",r","18",",r","0",",r","0",",r","19810407",",,r","","","19810427",",,r","19810418",",,r","-28.5",",r,07,","","","5.7",",,r,27,","6.0",",r,18,","9769.1","r","836.6",",r","13.8",",,,r","-9.56",",r","-4.46",",,,r","-14.65",",,,r"
"RSM00024343","1981-05","66.7667","123.4","88.0","ZHIGANSK, RS","0.0","r","0.0",",r","7",",r","2",",r","0",",r","","","0",",r","18",",r","8",",r","2",",r","0",",r","19810502",",,r","","","19810516",",,r","19810529",",,r","-15.9",",r,02,","","","5.4",",,r,16,","22.1",",r,29,","10280.9","r","511.8",",r","13.3",",,,r","1.82",",r","6.55",",,,r","-2.90",",,,r"
"RSM00024343","1981-06","66.7667","123.4","88.0","ZHIGANSK, RS","11.4","r","11.4",",r","6",",r","0",",r","0",",r","","","0",",r","2",",r","0",",r","10",",r","0",",r","19810603",",,r","","","19810629",",,r","19810612",",,r","-2.0",",r,03,","","","2.2",",,r,29,","30.2",",r,12,","10452.6","r","171.7",",r","6.4",",,,r","12.99",",r","18.46",",,,r","7.52",",,,r"
"RSM00024343","1981-07","66.7667","123.4","88.0","ZHIGANSK, RS","21.4","r","10.0",",r","8",",r","5",",r","0",",r","","","0",",r","0",",r","0",",r","15",",r","0",",r","19810731",",,r","","","19810703",",,r","19810717",",,r","1.6",",r,31,","","","12.2",",,r,03,","27.5",",r,17,","106.1","r","106.1",",r","34.7",",,,r","15.23",",r","20.67",",,,r","9.79",",,,r"
"RSM00024343","1981-08","66.7667","123.4","88.0","ZHIGANSK, RS","21.9","r","0.5",",r","8",",r","4",",r","0",",r","","","0",",r","1",",r","0",",r","6",",r","0",",r","19810805",",,r","","","19810820",",,r","19810810",",,r","-2.8",",r,05,","","","9.7",",,r,20,","23.3",",r,10,","297.9","r","191.8",",r","23.1",",,,r","12.16",",r","17.76",",,,r","6.56",",,,r"
"RSM00024343","1981-09","66.7667","123.4","88.0","ZHIGANSK, RS","21.9","r","0.0",",r","9",",r","2",",r","0",",r","","","0",",r","19",",r","2",",r","0",",r","0",",r","19810923",",,r","","","19810920",",,r","19810901",",,r","-9.0",",r,23,","","","5.7",",,r,20,","19.6",",r,01,","786.4","r","488.5",",r","15.5",",,,r","2.05",",r","5.95",",,,r","-1.85",",,,r"
"RSM00024343","1981-10","66.7667","123.4","88.0","ZHIGANSK, RS","21.9","r","0.0",",r","17",",r","5",",r","0",",r","","","10",",r","31",",r","26",",r","0",",r","0",",r","19811028",",,r","","","19811014",",,r","19811001",",,r","-25.4",",r,28,","","","5.2",",,r,14,","3.2",",r,01,","1679.9","r","893.5",",r","34.9",",,,r","-10.49",",r","-7.36",",,,r","-13.62",",,,r"
"RSM00024343","1981-11","66.7667","123.4","88.0","ZHIGANSK, RS","21.9","r","0.0",",r","13",",r","0",",r","0",",r","","","30",",r","30",",r","30",",r","0",",r","0",",r","19811125",",,r","","","19811108",",,r","19811101",",,r","-42.4",",r,25,","","","2.1",",,r,08,","-16.1",",r,01,","3105.8","r","1425.9",",r","11.5",",,,r","-29.20",",r","-26.28",",,,r","-32.11",",,,r"
"RSM00024343","1981-12","66.7667","123.4","88.0","ZHIGANSK, RS","21.9","r","0.0",",r","17",",r","3",",r","0",",r","","","31",",r","31",",r","31",",r","0",",r","0",",r","19811228","+,,r","","","19811218",",,r","19811218",",,r","-55.6",",r,28,+","","","3.0",",,r,18,","-12.8",",r,18,","4817.2","r","1711.4",",r","24.1",",,,r","-36.87",",r","-33.23",",,,r","-40.52",",,,r"
"RSM00024343","1982-01","66.7667","123.4","88.0","ZHIGANSK, RS","0.0","r","0.0",",r","9",",r","0",",r","0",",r","","","31",",r","31",",r","31",",r","0",",r","0",",r","19820105",",,r","","","19820114",",,r","19820114",",,r","-59.6",",r,05,","","","1.3",",,r,14,","-30.0",",r,14,","6730.2","r","1913.0",",r","5.3",",,,r","-43.38",",r","-40.64",",,,r","-46.11",",,,r"
"RSM00024343","1982-02","66.7667","123.4","88.0","ZHIGANSK, RS","0.0","r","0.0",",r","12",",r","0",",r","0",",r","","","28",",r","28",",r","28",",r","0",",r","0",",r","19820203",",,r","","","19820226",",,r","19820221",",,r","-48.2",",r,03,","","","1.6",",,r,26,","-16.8",",r,21,","8142.1","r","1411.9",",r","9.4",",,,r","-32.09",",r","-29.02",",,,r","-35.17",",,,r"
"RSM00024343","1982-03","66.7667","123.4","88.0","ZHIGANSK, RS","0.0","r","0.0",",r","6",",r","0",",r","0",",r","","","31",",r","31",",r","31",",r","0",",r","0",",r","19820320",",,r","","","19820325",",,r","19820303",",,r","-38.0",",r,20,","","","1.5",",,r,25,","-13.4",",r,03,","9517.7","r","1375.6",",r","4.2",",,,r","-26.04",",r","-21.02",",,,r","-31.06",",,,r"
"RSM00024343","1982-04","66.7667","123.4","88.0","ZHIGANSK, RS","0.0","r","0.0",",r","10","1,r","4","1,r","0","1,r","","","8",",r","30",",r","16",",r","0",",r","0",",r","19820401",",,r","","","19820427",",1,r","19820419",",,r","-32.6",",r,01,","","","5.1","1,,r,27,","5.3",",r,19,","10309.2","r","791.5",",r","19.9","1,,,r","-8.05",",r","-3.82",",,,r","-12.28",",,,r"
"RSM00024343","1982-05","66.7667","123.4","88.0","ZHIGANSK, RS","0.0","r","0.0",",r","7",",r","2",",r","0",",r","","","0",",r","26",",r","8",",r","0",",r","0",",r","19820516","+,,r","","","19820522",",,r","19820525",",,r","-15.5",",r,16,+","","","11.4",",,r,22,","15.3",",r,25,","10920.0","r","610.8",",r","19.8",",,,r","-1.37",",r","3.10",",,,r","-5.84",",,,r"
"RSM00024343","1982-06","66.7667","123.4","88.0","ZHIGANSK, RS","3.3","r","3.3",",r","13",",r","4",",r","0",",r","","","0",",r","2",",r","0",",r","5",",r","0",",r","19820601",",,r","","","19820620",",,r","19820626",",,r","-2.0",",r,01,","","","10.4",",,r,20,","25.8",",r,26,","11164.4","r","244.4",",r","32.4",",,,r","10.30",",r","14.58",",,,r","6.01",",,,r"
"RSM00024343","1982-07","66.7667","123.4","88.0","ZHIGANSK, RS","56.2","r","52.9",",r","8",",r","4",",r","0",",r","","","0",",r","0",",r","0",",r","24",",r","1",",r","19820731",",,r","","","19820727",",,r","19820719",",,r","2.4",",r,31,","","","21.3",",,r,27,","32.2",",r,19,","42.8","r","42.8",",r","43.4",",,,r","18.66",",r","23.75",",,,r","13.56",",,,r"
"RSM00024343","1982-08","66.7667","123.4","88.0","ZHIGANSK, RS","57.9","r","1.7",",r","10",",r","4",",r","0",",r","","","0",",r","0",",r","0",",r","10",",r","0",",r","19820830",",,r","","","19820826",",,r","19820809",",,r","2.3",",r,30,","","","5.9",",,r,26,","25.8",",r,09,","234.5","r","191.7",",r","23.6",",,,r","12.20",",r","17.73",",,,r","6.68",",,,r"
"RSM00024343","1982-09","66.7667","123.4","88.0","ZHIGANSK, RS","57.9","r","0.0",",r","20",",r","5",",r","0",",r","","","0",",r","10",",r","1",",r","0",",r","0",",r","19820930",",,r","","","19820912",",,r","19820901",",,r","-6.1",",r,30,","","","10.6",",,r,12,","14.0",",r,01,","662.0","r","427.5",",r","44.8",",,,r","4.08",",r","6.95",",,,r","1.21",",,,r"
"RSM00024343","1982-10","66.7667","123.4","88.0","ZHIGANSK, RS","57.9","r","0.0",",r","19",",r","4",",r","0",",r","27","4,","14",",r","31",",r","31",",r","0",",r","0",",r","19821031",",,r","19821031","+,4,S","19821016",",,r","19821008",",,r","-36.9",",r,31,","269","4,,S,31,+","5.9",",,r,16,","-0.9",",r,08,","1683.3","r","1021.3",",r","33.9",",,,r","-14.61",",r","-11.71",",,,r","-17.52",",,,r"
"RSM00024343","1982-11","66.7667","123.4","88.0","ZHIGANSK, RS","57.9","r","0.0",",r","7",",r","0",",r","0",",r","","","30",",r","30",",r","30",",r","0",",r","0",",r","19821130",",,r","","","19821110",",,r","19821110",",,r","-50.9",",r,30,","","","2.3",",,r,10,","-17.5",",r,10,","3379.4","r","1696.1",",r","7.2",",,,r","-38.20",",r","-35.44",",,,r","-40.96",",,,r"
"RSM00024343","1982-12","66.7667","123.4","88.0","ZHIGANSK, RS","57.9","r","0.0",",r","10",",r","0",",r","0",",r","","","31",",r","31",",r","31",",r","0",",r","0",",r","19821229",",,r","","","19821203",",,r","19821210",",,r","-51.7",",r,29,","","","0.8",",,r,03,","-19.1",",r,10,","5174.4","r","1795.0",",r","6.6",",,,r","-39.57",",r","-36.91",",,,r","-42.23",",,,r"
"RSM00024343","1983-01","66.7667","123.4","88.0","ZHIGANSK, RS","0.0","r","0.0",",r","17",",r","0",",r","0",",r","27","4,","31",",r","31",",r","31",",r","0",",r","0",",r","19830104",",,r","19830131","+,4,S","19830121",",,r","19830124",",,r","-51.3",",r,04,","480","4,,S,31,+","1.9",",,r,21,","-23.1",",r,24,","6943.8","r","1769.4",",r","13.1",",,,r","-38.74",",r","-35.97",",,,r","-41.52",",,,r"
"RSM00024343","1983-02","66.7667","123.4","88.0","ZHIGANSK, RS","0.0","r","0.0",",r","13",",r","0",",r","0",",r","","","28",",r","28",",r","28",",r","0",",r","0",",r","19830206",",,r","","","19830226",",,r","19830222",",,r","-47.2",",r,06,","","","1.5",",,r,26,","-22.4",",r,22,","8449.8","r","1506.0",",r","10.4",",,,r","-35.45",",r","-32.77",",,,r","-38.14",",,,r"
"RSM00024343","1983-03","66.7667","123.4","88.0","ZHIGANSK, RS","0.0","r","0.0",",r","8",",r","1",",r","0",",r","26","5,","25",",r","31",",r","31",",r","0",",r","0",",r","19830301",",,r","19830327",",5,S","19830317",",,r","19830325",",,r","-32.5",",r,01,","599","5,,S,27,","3.1",",,r,17,","-4.6",",r,25,","9593.9","r","1144.1",",r","6.8",",,,r","-18.57",",r","-14.13",",,,r","-23.02",",,,r"
"RSM00024343","1983-04","66.7667","123.4","88.0","ZHIGANSK, RS","0.0","r","0.0",",r","1",",r","0",",r","0",",r","","","19",",r","30",",r","26",",r","0",",r","0",",r","19830419",",,r","","","19830407",",,r","19830429",",,r","-28.7",",r,19,","","","1.1",",,r,07,","2.5",",r,29,","10534.5","r","940.6",",r","1.1",",,,r","-13.02",",r","-7.84",",,,r","-18.20",",,,r"
"RSM00024343","1983-05","66.7667","123.4","88.0","ZHIGANSK, RS","0.0","r","0.0",",r","3",",r","0",",r","0",",r","","","0",",r","19",",r","4",",r","1",",r","0",",r","19830503",",,r","","","19830516",",,r","19830522",",,r","-9.3",",r,03,","","","1.4",",,r,16,","22.1",",r,22,","11022.8","r","488.3",",r","3.0",",,,r","2.58",",r","6.86",",,,r","-1.70",",,,r"
"RSM00024343","1983-06","66.7667","123.4","88.0","ZHIGANSK, RS","3.3","r","3.3",",r","7",",r","3",",r","0",",r","","","0",",r","0",",r","0",",r","10",",r","0",",r","19830601",",,r","","","19830621",",,r","19830617",",,r","0.5",",r,01,","","","17.8",",,r,21,","27.9",",r,17,","11193.7","r","170.9",",r","31.4",",,,r","12.75",",r","18.10",",,,r","7.40",",,,r"
"RSM00024343","1983-07","66.7667","123.4","88.0","ZHIGANSK, RS","23.0","r","19.7",",r","8",",r","2",",r","0",",r","","","0",",r","0",",r","0",",r","15",",r","0",",r","19830726",",,r","","","19830718",",,r","19830731",",,r","3.2",",r,26,","","","6.5",",,r,18,","30.4",",r,31,","112.5","r","112.5",",r","17.2",",,,r","15.34",",r","20.24",",,,r","10.44",",,,r"
"RSM00024343","1983-08","66.7667","123.4","88.0","ZHIGANSK, RS","48.6","r","25.6",",r","7",",r","5",",r","0",",r","","","0",",r","1",",r","0",",r","13",",r","0",",r","19830825",",,r","","","19830815",",,r","19830804",",,r","-0.2",",r,25,","","","7.4",",,r,15,","30.6",",r,04,","246.0","r","133.5",",r","24.8",",,,r","14.85",",r","20.45",",,,r","9.25",",,,r"
"RSM00024343","1983-09","66.7667","123.4","88.0","ZHIGANSK, RS","48.6","r","0.0",",r","10",",r","5",",r","0",",r","","","0",",r","8",",r","0",",r","0",",r","0",",r","19830925",",,r","","","19830907",",,r","19830902",",,r","-5.0",",r,25,","","","15.4",",,r,07,","18.8",",r,02,","600.2","r","354.2",",r","47.9",",,,r","6.53",",r","10.35",",,,r","2.70",",,,r"
"RSM00024343","1983-10","66.7667","123.4","88.0","ZHIGANSK, RS","48.6","r","0.0",",r","24",",r","4",",r","0",",r","","","9",",r","31",",r","31",",r","0",",r","0",",r","19831027",",,r","","","19831012",",,r","19831014",",,r","-26.4",",r,27,","","","6.0",",,r,12,","-1.6",",r,14,","1515.4","r","915.2",",r","38.3",",,,r","-11.19",",r","-8.74",",,,r","-13.64",",,,r"
"RSM00024343","1983-11","66.7667","123.4","88.0","ZHIGANSK, RS","48.6","r","0.0",",r","23",",r","7",",r","0",",r","","","19",",r","30",",r","30",",r","0",",r","0",",r","19831125",",,r","","","19831106",",,r","19831106",",,r","-39.1",",r,25,","","","6.2",",,r,06,","-0.4",",r,06,","2676.0","r","1160.6",",r","43.0",",,,r","-20.36",",r","-17.04",",,,r","-23.67",",,,r"
"RSM00024343","1983-12","66.7667","123.4","88.0","ZHIGANSK, RS","48.6","r","0.0",",r","17",",r","2",",r","0",",r","","","31",",r","31",",r","31",",r","0",",r","0",",r","19831215",",,r","","","19831217","+,,r","19831228",",,r","-48.7",",r,15,","","","3.5",",,r,17,+","-22.0",",r,28,","4350.8","r","1674.8",",r","19.9",",,,r","-35.69",",r","-32.41",",,,r","-38.98",",,,r"
"RSM00024343","1984-01","66.7667","123.4","88.0","ZHIGANSK, RS","0.0","r","0.0",",r","11",",r","0",",r","0",",r","","","31",",r","31",",r","31",",r","0",",r","0",",r","19840131",",,r","","","19840127",",,r","19840123","+,,r","-49.3",",r,31,","","","1.4",",,r,27,","-26.3",",r,23,+","5994.2","r","1643.4",",r","7.5",",,,r","-34.68",",r","-31.72",",,,r","-37.64",",,,r"
"RSM00024343","1984-02","66.7667","123.4","88.0","ZHIGANSK, RS","0.0","r","0.0",",r","8",",r","0",",r","0",",r","","","29",",r","29",",r","29",",r","0",",r","0",",r","19840205","+,,r","","","19840215",",,r","19840219",",,r","-50.6",",r,05,+","","","1.9",",,r,15,","-21.0",",r,19,","7573.8","r","1579.6",",r","8.3",",,,r","-36.13",",r","-33.28",",,,r","-38.99",",,,r"
"RSM00024343","1984-03","66.7667","123.4","88.0","ZHIGANSK, RS","0.0","r","0.0",",r","6",",r","0",",r","0",",r","","","31",",r","31",",r","31",",r","0",",r","0",",r","19840329",",,r","","","19840331",",,r","19840310",",,r","-38.2",",r,29,","","","1.8",",,r,31,","-17.0",",r,10,","8934.5","r","1360.7",",r","5.7",",,,r","-25.56",",r","-21.20",",,,r","-29.92",",,,r"
"RSM00024343","1984-04","66.7667","123.4","88.0","ZHIGANSK, RS","0.0","r","0.0",",r","9",",r","1",",r","0",",r","","","13",",r","30",",r","25",",r","0",",r","0",",r","19840404",",,r","","","19840425",",,r","19840430","+,,r","-33.0",",r,04,","","","3.7",",,r,25,","4.4",",r,30,+","9832.2","r","897.7",",r","11.6",",,,r","-11.59",",r","-6.20",",,,r","-16.98",",,,r"
"RSM00024343","1984-05","66.7667","123.4","88.0","ZHIGANSK, RS","0.0","r","0.0",",r","2",",r","1",",r","0",",r","","","0",",r","17",",r","0",",r","0",",r","0",",r","19840506",",,r","","","19840513",",,r","19840531",",,r","-7.5",",r,06,","","","3.2",",,r,13,","16.6",",r,31,","10290.5","r","458.3",",r","5.4",",,,r","3.55",",r","8.01",",,,r","-0.91",",,,r"
"RSM00024343","1984-06","66.7667","123.4","88.0","ZHIGANSK, RS","2.5","r","2.5",",r","6",",r","2",",r","0",",r","","","0",",r","1",",r","0",",r","4",",r","0",",r","19840616",",,r","","","19840604",",,r","19840620",",,r","-0.4",",r,16,","","","4.0",",,r,04,","26.7",",r,20,","10511.1","r","220.6",",r","9.7",",,,r","11.07",",r","16.06",",,,r","6.07",",,,r"
"RSM00024343","1984-07","66.7667","123.4","88.0","ZHIGANSK, RS","65.5","r","63.0",",r","1",",r","0",",r","0",",r","","","0",",r","0",",r","0",",r","18",",r","0",",r","19840729",",,r","","","19840706",",,r","19840714","+,,r","5.2",",r,29,","","","0.3",",,r,06,","30.9",",r,14,+","78.6","r","78.6",",r","0.4",",,,r","17.83",",r","23.72",",,,r","11.94",",,,r"
"RSM00024343","1984-08","66.7667","123.4","88.0","ZHIGANSK, RS","65.5","r","0.0",",r","15",",r","8",",r","0",",r","","","0",",r","1",",r","0",",r","3",",r","0",",r","19840831",",,r","","","19840807",",,r","19840823",",,r","0.0",",r,31,","","","18.1",",,r,07,","23.5",",r,23,","352.5","r","273.9",",r","60.8",",,,r","9.50",",r","13.79",",,,r","5.21",",,,r"
"RSM00024343","1984-09","66.7667","123.4","88.0","ZHIGANSK, RS","65.5","r","0.0",",r","9",",r","2",",r","0",",r","","","0",",r","21",",r","7",",r","1",",r","0",",r","19840930",",,r","","","19840915","+,,r","19840902",",,r","-13.9",",r,30,","","","7.2",",,r,15,+","21.9",",r,02,","832.8","r","480.3",",r","20.7",",,,r","2.32",",r","6.42",",,,r","-1.78",",,,r"
"RSM00024343","1984-10","66.7667","123.4","88.0","ZHIGANSK, RS","65.5","r","0.0",",r","12",",r","1",",r","0",",r","","","13",",r","31",",r","30",",r","0",",r","0",",r","19841027",",,r","","","19841002",",,r","19841003",",,r","-29.3",",r,27,","","","3.8",",,r,02,","1.1",",r,03,","1822.9","r","990.1",",r","12.8",",,,r","-13.61",",r","-10.62",",,,r","-16.60",",,,r"
"RSM00024343","1984-11","66.7667","123.4","88.0","ZHIGANSK, RS","65.5","r","0.0",",r","15",",r","2",",r","0",",r","","","30",",r","30",",r","30",",r","0",",r","0",",r","19841130","+,,r","","","19841124",",,r","19841124",",,r","-47.5",",r,30,+","","","3.3",",,r,24,","-19.0",",r,24,","3252.9","r","1430.0",",r","20.5",",,,r","-29.34",",r","-26.17",",,,r","-32.50",",,,r"
"RSM00024343","1984-12","66.7667","123.4","88.0","ZHIGANSK, RS","65.5","r","0.0",",r","21",",r","2",",r","0",",r","","","31",",r","31",",r","31",",r","0",",r","0",",r","19841219",",,r","","","19841215",",,r","19841201",",,r","-53.3",",r,19,","","","6.1",",,r,15,","-19.4",",r,01,","4948.1","r","1695.2",",r","28.8",",,,r","-36.35",",r","-32.62",",,,r","-40.09",",,,r"
"RSM00024343","1985-01","66.7667","123.4","88.0","ZHIGANSK, RS","0.0","r","0.0",",r","6",",r","0",",r","0",",r","","","31",",r","31",",r","31",",r","0",",r","0",",r","19850112",",,r","","","19850118",",,r","19850104","+,,r","-52.3",",r,12,","","","1.1",",,r,18,","-32.2",",r,04,+","6837.2","r","1889.1",",r","4.4",",,,r","-42.60",",r","-40.28",",,,r","-44.93",",,,r"
"RSM00024343","1985-02","66.7667","123.4","88.0","ZHIGANSK, RS","0.0","r","0.0",",r","9",",r","0",",r","0",",r","","","28",",r","28",",r","28",",r","0",",r","0",",r","19850212",",,r","","","19850216",",,r","19850228",",,r","-47.0",",r,12,","","","1.5",",,r,16,","-19.8",",r,28,","8274.8","r","1437.6",",r","7.0",",,,r","-33.01",",r","-30.17",",,,r","-35.85",",,,r"
"RSM00024343","1985-03","66.7667","123.4","88.0","ZHIGANSK, RS","0.0","r","0.0",",r","18",",r","5",",r","0",",r","","","30",",r","31",",r","31",",r","0",",r","0",",r","19850309","+,,r","","","19850303",",,r","19850330",",,r","-42.8",",r,09,+","","","4.8",",,r,03,","-11.2",",r,30,","9622.2","r","1347.4",",r","30.6",",,,r","-25.13",",r","-20.64",",,,r","-29.62",",,,r"
"RSM00024343","1985-04","66.7667","123.4","88.0","ZHIGANSK, RS","0.0","r","0.0",",r","5",",r","2",",r","0",",r","","","12",",r","29",",r","16",",r","0",",r","0",",r","19850402",",,r","","","19850414",",,r","19850416",",,r","-32.3",",r,02,","","","4.8",",,r,14,","8.9",",r,16,","10463.2","r","841.0",",r","10.7",",,,r","-9.70",",r","-4.86",",,,r","-14.55",",,,r"
"RSM00024343","1985-05","66.7667","123.4","88.0","ZHIGANSK, RS","0.0","r","0.0",",r","11",",r","2",",r","0",",r","","","0",",r","22",",r","1",",r","0",",r","0",",r","19850501",",,r","","","19850519",",,r","19850530",",,r","-7.5",",r,01,","","","8.1",",,r,19,","15.6",",r,30,","10956.5","r","493.3",",r","21.4",",,,r","2.42",",r","6.45",",,,r","-1.61",",,,r"
"RSM00024343","1985-06","66.7667","123.4","88.0","ZHIGANSK, RS","0.0","r","0.0",",r","8",",r","3",",r","0",",r","","","0",",r","1",",r","0",",r","6",",r","0",",r","19850601",",,r","","","19850610",",,r","19850627",",,r","-0.8",",r,01,","","","6.8",",,r,10,","24.2",",r,27,","11134.6","r","178.1",",r","18.1",",,,r","12.40",",r","17.57",",,,r","7.23",",,,r"
"RSM00024343","1985-07","66.7667","123.4","88.0","ZHIGANSK, RS","10.0","r","10.0",",r","17",",r","8",",r","0",",r","","","0",",r","0",",r","0",",r","12",",r","1",",r","19850704",",,r","","","19850726",",,r","19850701",",,r","2.5",",r,04,","","","18.8",",,r,26,","32.5",",r,01,","149.1","r","149.1",",r","88.6",",,,r","13.85",",r","18.48",",,,r","9.21",",,,r"
"RSM00024343","1985-08","66.7667","123.4","88.0","ZHIGANSK, RS","10.1","r","0.1",",r","15",",r","8",",r","1",",r","","","0",",r","0",",r","0",",r","6",",r","0",",r","19850811",",,r","","","19850809",",,r","19850804",",,r","0.4",",r,11,","","","33.7",",,r,09,","24.6",",r,04,","374.4","r","225.3",",r","78.5",",,,r","11.07",",r","15.44",",,,r","6.70",",,,r"
"RSM00024343","1985-09","66.7667","123.4","88.0","ZHIGANSK, RS","10.1","r","0.0",",r","8",",r","5",",r","0",",r","","","0",",r","12",",r","0",",r","0",",r","0",",r","19850926",",,r","","","19850923",",,r","19850908",",,r","-6.4",",r,26,","","","7.1",",,r,23,","16.5",",r,08,","802.2","r","427.8",",r","27.4",",,,r","4.07",",r","7.52",",,,r","0.62",",,,r"
"RSM00024343","1985-10","66.7667","123.4","88.0","ZHIGANSK, RS","10.1","r","0.0",",r","11",",r","4",",r","0",",r","","","15",",r","31",",r","26",",r","0",",r","0",",r","19851030",",,r","","","19851008",",,r","19851001",",,r","-26.7",",r,30,","","","8.4",",,r,08,","2.7",",r,01,","1724.0","r","921.8",",r","28.5",",,,r","-11.40",",r","-8.51",",,,r","-14.29",",,,r"
"RSM00024343","1985-11","66.7667","123.4","88.0","ZHIGANSK, RS","10.1","r","0.0",",r","18",",r","1",",r","0",",r","","","28",",r","30",",r","30",",r","0",",r","0",",r","19851128",",,r","","","19851102",",,r","19851102",",,r","-40.6",",r,28,","","","4.4",",,r,02,","-10.3",",r,02,","3035.0","r","1311.0",",r","22.5",",,,r","-25.37",",r","-22.03",",,,r","-28.70",",,,r"
"RSM00024343","1985-12","66.7667","123.4","88.0","ZHIGANSK, RS","10.1","r","0.0",",r","7",",r","0",",r","0",",r","","","31",",r","31",",r","31",",r","0",",r","0",",r","19851222",",,r","","","19851218","+,,r","19851206",",,r","-47.9",",r,22,","","","1.0",",,r,18,+","-16.6",",r,06,","4695.9","r","1660.9",",r","4.6",",,,r","-35.25",",r","-31.77",",,,r","-38.72",",,,r"
"RSM00024343","1986-01","66.7667","123.4","88.0","ZHIGANSK, RS","0.0","r","0.0",",r","11",",r","1",",r","0",",r","","","31",",r","31",",r","31",",r","0",",r","0",",r","19860121",",,r","","","19860110",",,r","19860111",",,r","-53.1",",r,21,","","","3.4",",,r,10,","-28.6",",r,11,","6523.1","r","1827.2",",r","9.4",",,,r","-40.61",",r","-38.15",",,,r","-43.07",",,,r"
"RSM00024343","1986-02","66.7667","123.4","88.0","ZHIGANSK, RS","0.0","r","0.0",",r","10",",r","1",",r","0",",r","","","28",",r","28",",r","28",",r","0",",r","0",",r","19860214",",,r","","","19860227",",,r","19860228",",,r","-41.4",",r,14,","","","2.6",",,r,27,","-17.5",",r,28,","7934.3","r","1411.2",",r","11.0",",,,r","-32.07",",r","-28.73",",,,r","-35.41",",,,r"
"RSM00024343","1986-03","66.7667","123.4","88.0","ZHIGANSK, RS","0.0","r","0.0",",r","16",",r","1",",r","0",",r","","","26",",r","31",",r","31",",r","0",",r","0",",r","19860302",",,r","","","19860328",",,r","19860321",",,r","-39.4",",r,02,","","","2.7",",,r,28,","-3.8",",r,21,","9154.6","r","1220.3",",r","14.5",",,,r","-21.03",",r","-16.26",",,,r","-25.80",",,,r"
"RSM00024343","1986-04","66.7667","123.4","88.0","ZHIGANSK, RS","0.0","r","0.0",",r","10",",r","2",",r","0",",r","","","16",",r","30",",r","25",",r","0",",r","0",",r","19860403",",,r","","","19860408",",,r","19860429",",,r","-27.4",",r,03,","","","4.9",",,r,08,","5.6",",r,29,","10044.5","r","889.9",",r","17.2",",,,r","-11.33",",r","-5.37",",,,r","-17.29",",,,r"
"RSM00024343","1986-05","66.7667","123.4","88.0","ZHIGANSK, RS","0.0","r","0.0",",r","7",",r","2",",r","0",",r","","","0",",r","25",",r","11",",r","0",",r","0",",r","19860508",",,r","","","19860529",",,r","19860528",",,r","-12.6",",r,08,","","","10.0",",,r,29,","18.3",",r,28,","10616.7","r","572.2",",r","18.6",",,,r","-0.13",",r","4.29",",,,r","-4.55",",,,r"
"RSM00024343","1986-06","66.7667","123.4","88.0","ZHIGANSK, RS","23.7","r","23.7",",r","9",",r","6",",r","0",",r","","","0",",r","0",",r","0",",r","8",",r","1",",r","19860603",",,r","","","19860614",",,r","19860622",",,r","2.3",",r,03,","","","10.2",",,r,14,","32.5",",r,22,","10777.4","r","160.7",",r","35.3",",,,r","13.76",",r","19.54",",,,r","7.99",",,,r"
"RSM00024343","1986-07","66.7667","123.4","88.0","ZHIGANSK, RS","71.1","r","47.4",",r","5",",r","1",",r","0",",r","","","0",",r","0",",r","0",",r","16",",r","0",",r","19860701",",,r","","","19860702",",,r","19860713",",,r","4.0",",r,01,","","","15.6",",,r,02,","30.8",",r,13,","104.8","r","104.8",",r","17.2",",,,r","16.48",",r","21.68",",,,r","11.28",",,,r"
"RSM00024343","1986-08","66.7667","123.4","88.0","ZHIGANSK, RS","81.6","r","10.5",",r","9",",r","5",",r","0",",r","","","0",",r","1",",r","0",",r","9",",r","0",",r","19860830",",,r","","","19860812",",,r","19860808",",,r","-0.5",",r,30,","","","10.0",",,r,12,","28.9",",r,08,","303.2","r","198.4",",r","38.3",",,,r","12.27",",r","17.17",",,,r","7.37",",,,r"
"RSM00024343","1986-09","66.7667","123.4","88.0","ZHIGANSK, RS","81.6","r","0.0",",r","14",",r","5",",r","0",",r","","","0",",r","16",",r","1",",r","1",",r","0",",r","19860926",",,r","","","19860914",",,r","19860904",",,r","-7.1",",r,26,","","","7.4",",,r,14,","24.0",",r,04,","742.2","r","439.0",",r","32.2",",,,r","3.70",",r","7.32",",,,r","0.08",",,,r"
"RSM00024343","1986-10","66.7667","123.4","88.0","ZHIGANSK, RS","81.6","r","0.0",",r","18",",r","1",",r","0",",r","","","6",",r","31",",r","22",",r","0",",r","0",",r","19861029",",,r","","","19861009",",,r","19861010",",,r","-27.6",",r,29,","","","11.8",",,r,09,","6.0",",r,10,","1554.7","r","812.5",",r","28.8",",,,r","-7.88",",r","-4.93",",,,r","-10.82",",,,r"
"RSM00024343","1986-11","66.7667","123.4","88.0","ZHIGANSK, RS","81.6","r","0.0",",r","13",",r","0",",r","0",",r","","","30",",r","30",",r","30",",r","0",",r","0",",r","19861114",",,r","","","19861104",",,r","19861104",",,r","-40.1",",r,14,","","","2.2",",,r,04,","-15.3",",r,04,","2996.8","r","1442.1",",r","16.4",",,,r","-29.74",",r","-26.99",",,,r","-32.49",",,,r"
"RSM00024343","1986-12","66.7667","123.4","88.0","ZHIGANSK, RS","81.6","r","0.0",",r","11",",r","2",",r","0",",r","","","31",",r","31",",r","31",",r","0",",r","0",",r","19861224",",,r","","","19861207",",,r","19861210",",,r","-53.7",",r,24,","","","3.2",",,r,07,","-15.1",",r,10,","4721.7","r","1724.9",",r","13.7",",,,r","-37.31",",r","-34.32",",,,r","-40.30",",,,r"
"RSM00024343","1987-01","66.7667","123.4","88.0","ZHIGANSK, RS","0.0","r","0.0",",r","10",",r","0",",r","0",",r","","","31",",r","31",",r","31",",r","0",",r","0",",r","19870105",",,r","","","19870120",",,r","19870120",",,r","-53.2",",r,05,","","","1.4",",,r,20,","-24.8",",r,20,","6569.3","r","1847.6",",r","7.8",",,,r","-41.27",",r","-38.66",",,,r","-43.87",",,,r"
"RSM00024343","1987-02","66.7667","123.4","88.0","ZHIGANSK, RS","0.0","r","0.0",",r","14",",r","1",",r","0",",r","","","28",",r","28",",r","28",",r","0",",r","0",",r","19870206",",,r","","","19870203",",,r","19870227",",,r","-44.3",",r,06,","","","5.9",",,r,03,","-18.5",",r,27,","8002.4","r","1433.1",",r","13.8",",,,r","-32.85",",r","-29.58",",,,r","-36.13",",,,r"
"RSM00024343","1987-03","66.7667","123.4","88.0","ZHIGANSK, RS","0.0","r","0.0",",r","9",",r","0",",r","0",",r","","","31",",r","31",",r","31",",r","0",",r","0",",r","19870303",",,r","","","19870307",",,r","19870316",",,r","-40.6",",r,03,","","","2.2",",,r,07,","-11.0",",r,16,","9346.5","r","1344.1",",r","9.8",",,,r","-25.03",",r","-20.15",",,,r","-29.91",",,,r"
"RSM00024343","1987-04","66.7667","123.4","88.0","ZHIGANSK, RS","0.0","r","0.0",",r","5",",r","0",",r","0",",r","","","13",",r","30",",r","28",",r","0",",r","0",",r","19870401",",,r","","","19870427",",,r","19870425",",,r","-29.0",",r,01,","","","2.1",",,r,27,","2.3",",r,25,","10254.7","r","908.2",",r","5.2",",,,r","-11.94",",r","-6.67",",,,r","-17.22",",,,r"
"RSM00024343","1987-05","66.7667","123.4","88.0","ZHIGANSK, RS","0.0","r","0.0",",r","7",",r","5",",r","0",",r","","","0",",r","30",",r","11",",r","0",",r","0",",r","19870513",",,r","","","19870507",",,r","19870525",",,r","-15.1",",r,13,","","","5.6",",,r,07,","8.8",",r,25,","10915.3","r","660.6",",r","22.6",",,,r","-2.98",",r","1.08",",,,r","-7.04",",,,r"
"RSM00024343","1987-06","66.7667","123.4","88.0","ZHIGANSK, RS","0.0","r","0.0",",r","15",",r","9",",r","0",",r","","","0",",r","3",",r","0",",r","0",",r","0",",r","19870603",",,r","","","19870623",",,r","19870616",",,r","-3.6",",r,03,","","","22.3",",,r,23,","21.0",",r,16,","11164.4","r","249.1",",r","61.1",",,,r","10.03",",r","14.62",",,,r","5.44",",,,r"
"RSM00024343","1987-07","66.7667","123.4","88.0","ZHIGANSK, RS","17.3","r","17.3",",r","8",",r","2",",r","0",",r","","","0",",r","0",",r","0",",r","13",",r","0",",r","19870722",",,r","","","19870731",",,r","19870718",",,r","7.1",",r,22,","","","13.9",",,r,31,","28.7",",r,18,","86.8","r","86.8",",r","31.8",",,,r","16.09",",r","21.48",",,,r","10.70",",,,r"
"RSM00024343","1987-08","66.7667","123.4","88.0","ZHIGANSK, RS","17.3","r","0.0",",r","8",",r","6",",r","0",",r","","","0",",r","2",",r","0",",r","3",",r","0",",r","19870830",",,r","","","19870814",",,r","19870818",",,r","-1.4",",r,30,","","","17.5",",,r,14,","23.2",",r,18,","304.5","r","217.7",",r","52.9",",,,r","11.31",",r","16.31",",,,r","6.31",",,,r"
"RSM00024343","1987-09","66.7667","123.4","88.0","ZHIGANSK, RS","17.3","r","0.0",",r","5",",r","0",",r","0",",r","","","0",",r","25",",r","3",",r","0",",r","0",",r","19870926",",,r","","","19870928",",,r","19870908",",,r","-13.3",",r,26,","","","1.3",",,r,28,","15.4",",r,08,","791.0","r","486.5",",r","3.1",",,,r","2.12",",r","7.22",",,,r","-2.99",",,,r"
"RSM00024343","1987-10","66.7667","123.4","88.0","ZHIGANSK, RS","17.3","r","0.0",",r","25",",r","4",",r","0",",r","","","13",",r","31",",r","28",",r","0",",r","0",",r","19871029",",,r","","","19871014","+,,r","19871001",",,r","-26.1",",r,29,","","","3.4",",,r,14,+","3.9",",r,01,","1740.4","r","949.4",",r","32.1",",,,r","-12.29",",r","-9.02",",,,r","-15.57",",,,r"
"RSM00024343","1987-11","66.7667","123.4","88.0","ZHIGANSK, RS","17.3","r","0.0",",r","11",",r","0",",r","0",",r","","","28",",r","30",",r","30",",r","0",",r","0",",r","19871121",",,r","","","19871129",",,r","19871105",",,r","-49.6",",r,21,","","","1.7",",,r,29,","-9.8",",r,05,","3333.6","r","1593.2",",r","11.2",",,,r","-34.78",",r","-31.89",",,,r","-37.66",",,,r"
"RSM00024343","1987-12","66.7667","123.4","88.0","ZHIGANSK, RS","17.3","r","0.0",",r","13",",r","0",",r","0",",r","","","31",",r","31",",r","31",",r","0",",r","0",",r","19871229",",,r","","","19871206",",,r","19871206",",,r","-55.8",",r,29,","","","1.8",",,r,06,","-24.1",",r,06,","5149.3","r","1815.7",",r","12.4",",,,r","-40.24",",r","-37.03",",,,r","-43.45",",,,r"
"RSM00024343","1988-01","66.7667","123.4","88.0","ZHIGANSK, RS","0.0","r","0.0",",r","16",",r","0",",r","0",",r","","","31",",r","31",",r","31",",r","0",",r","0",",r","19880122",",,r","","","19880115",",,r","19880126",",,r","-55.3",",r,22,","","","1.6",",,r,15,","-22.5",",r,26,","6949.6","r","1800.3",",r","15.0",",,,r","-39.74",",r","-36.88",",,,r","-42.60",",,,r"
"RSM00024343","1988-02","66.7667","123.4","88.0","ZHIGANSK, RS","0.0","r","0.0",",r","8",",r","0",",r","0",",r","","","29",",r","29",",r","29",",r","0",",r","0",",r","19880201",",,r","","","19880227",",,r","19880227",",,r","-47.9",",r,01,","","","2.1",",,r,27,","-11.0",",r,27,","8462.1","r","1512.5",",r","6.5",",,,r","-33.82",",r","-30.45",",,,r","-37.20",",,,r"
"RSM00024343","1988-03","66.7667","123.4","88.0","ZHIGANSK, RS","0.0","r","0.0",",r","13",",r","2",",r","0",",r","","","26",",r","31",",r","31",",r","0",",r","0",",r","19880302",",,r","","","19880329",",,r","19880328",",,r","-36.7",",r,02,","","","3.8",",,r,29,","-4.4",",r,28,","9753.9","r","1291.8",",r","14.9",",,,r","-23.34",",r","-18.87",",,,r","-27.81",",,,r"
"RSM00024343","1988-04","66.7667","123.4","88.0","ZHIGANSK, RS","0.0","r","0.0",",r","14",",r","2",",r","0",",r","","","13",",r","30",",r","24",",r","0",",r","0",",r","19880403",",,r","","","19880407",",,r","19880423",",,r","-33.7",",r,03,","","","3.7",",,r,07,","5.2",",r,23,","10629.2","r","875.3",",r","16.5",",,,r","-10.84",",r","-5.04",",,,r","-16.64",",,,r"
"RSM00024343","1988-05","66.7667","123.4","88.0","ZHIGANSK, RS","0.0","r","0.0",",r","3",",r","1",",r","0",",r","","","0",",r","18",",r","1",",r","4",",r","0",",r","19880502",",,r","","","19880530",",,r","19880528",",,r","-11.2",",r,02,","","","3.1",",,r,30,","22.5",",r,28,","11030.5","r","401.3",",r","5.1",",,,r","5.39",",r","10.59",",,,r","0.18",",,,r"
"RSM00024343","1988-06","66.7667","123.4","88.0","ZHIGANSK, RS","2.9","r","2.9",",r","14",",r","8",",r","0",",r","","","0",",r","0",",r","0",",r","11",",r","0",",r","19880607",",,r","","","19880607",",,r","19880618",",,r","4.4",",r,07,","","","10.3",",,r,07,","25.1",",r,18,","11144.3","r","113.8",",r","60.4",",,,r","14.64",",r","19.48",",,,r","9.80",",,,r"
"RSM00024343","1988-07","66.7667","123.4","88.0","ZHIGANSK, RS","74.5","r","71.6",",r","10",",r","5",",r","1",",r","","","0",",r","0",",r","0",",r","21",",r","0",",r","19880713",",,r","","","19880719",",,r","19880702",",,r","1.4",",r,13,","","","37.0",",,r,19,","32.1",",r,02,","72.3","r","72.3",",r","86.2",",,,r","18.31",",r","23.83",",,,r","12.79",",,,r"
"RSM00024343","1988-08","66.7667","123.4","88.0","ZHIGANSK, RS","74.5","r","0.0",",r","11",",r","2",",r","0",",r","","","0",",r","1",",r","0",",r","0",",r","0",",r","19880821",",,r","","","19880823",",,r","19880817",",,r","-2.5",",r,21,","","","14.0",",,r,23,","20.4",",r,17,","316.8","r","244.5",",r","30.6",",,,r","10.45",",r","15.24",",,,r","5.65",",,,r"
"RSM00024343","1988-09","66.7667","123.4","88.0","ZHIGANSK, RS","74.5","r","0.0",",r","12",",r","6",",r","0",",r","","","0",",r","10",",r","0",",r","0",",r","0",",r","19880927",",,r","","","19880921",",,r","19880901",",,r","-4.6",",r,27,","","","8.9",",,r,21,","16.9",",r,01,","714.5","r","397.7",",r","47.4",",,,r","5.08",",r","8.48",",,,r","1.68",",,,r"
"RSM00024343","1988-10","66.7667","123.4","88.0","ZHIGANSK, RS","74.5","r","0.0",",r","27",",r","6",",r","0",",r","","","7",",r","27",",r","25",",r","0",",r","0",",r","19881030",",,r","","","19881028",",,r","19881002",",,r","-26.8",",r,30,","","","4.4",",,r,28,","7.2",",r,02,","1506.5","r","792.0",",r","44.0",",,,r","-7.21",",r","-4.00",",,,r","-10.43",",,,r"
"RSM00024343","1988-11","66.7667","123.4","88.0","ZHIGANSK, RS","74.5","r","0.0",",r","18",",r","1",",r","0",",r","","","30",",r","30",",r","30",",r","0",",r","0",",r","19881108",",,r","","","19881103",",,r","19881101",",,r","-41.6",",r,08,","","","3.1",",,r,03,","-11.8",",r,01,","2874.5","r","1368.0",",r","18.7",",,,r","-27.27",",r","-23.43",",,,r","-31.10",",,,r"
"RSM00024343","1988-12","66.7667","123.4","88.0","ZHIGANSK, RS","74.5","r","0.0",",r","12",",r","0",",r","0",",r","","","31",",r","31",",r","31",",r","0",",r","0",",r","19881203",",,r","","","19881230","+,,r","19881213",",,r","-45.3",",r,03,","","","2.4",",,r,30,+","-18.4",",r,13,","4426.5","r","1552.0",",r","11.9",",,,r","-31.73",",r","-27.99",",,,r","-35.47",",,,r"
"RSM00024343","1989-01","66.7667","123.4","88.0","ZHIGANSK, RS","0.0","r","0.0",",r","15",",r","0",",r","0",",r","","","31",",r","31",",r","31",",r","0",",r","0",",r","19890125",",,r","","","19890128","+,,r","19890131",",,r","-49.3",",r,25,","","","0.8",",,r,28,+","-27.3",",r,31,","6210.2","r","1783.7",",r","9.0",",,,r","-39.21",",r","-36.16",",,,r","-42.25",",,,r"
"RSM00024343","1989-02","66.7667","123.4","88.0","ZHIGANSK, RS","0.0","r","0.0",",r","20",",r","0",",r","0",",r","","","28",",r","28",",r","28",",r","0",",r","0",",r","19890215",",,r","","","19890212",",,r","19890213",",,r","-43.8",",r,15,","","","1.8",",,r,12,","-17.0",",r,13,","7507.9","r","1297.7",",r","15.2",",,,r","-28.01",",r","-24.88",",,,r","-31.15",",,,r"
"RSM00024343","1989-03","66.7667","123.4","88.0","ZHIGANSK, RS","0.0","r","0.0",",r","17",",r","2",",r","0",",r","","","21",",r","31",",r","29",",r","0",",r","0",",r","19890305",",,r","","","19890311",",,r","19890326",",,r","-32.3",",r,05,","","","3.8",",,r,11,","2.2",",r,26,","8578.6","r","1070.7",",r","22.4",",,,r","-16.21",",r","-11.41",",,,r","-21.00",",,,r"
"RSM00024343","1989-04","66.7667","123.4","88.0","ZHIGANSK, RS","0.0","r","0.0",",r","11",",r","2",",r","0",",r","","","14",",r","30",",r","25",",r","0",",r","0",",r","19890408",",,r","","","19890415",",,r","19890424",",,r","-33.0",",r,08,","","","4.0",",,r,15,","6.0",",r,24,","9514.4","r","935.8",",r","18.0",",,,r","-12.86",",r","-7.41",",,,r","-18.31",",,,r"
"RSM00024343","1989-05","66.7667","123.4","88.0","ZHIGANSK, RS","0.0","r","0.0",",r","8",",r","5",",r","0",",r","","","0",",r","24",",r","0",",r","0",",r","0",",r","19890502",",,r","","","19890523",",,r","19890522",",,r","-11.9",",r,02,","","","16.0",",,r,23,","10.4",",r,22,","10034.9","r","520.5",",r","47.5",",,,r","1.54",",r","5.51",",,,r","-2.43",",,,r"
"RSM00024343","1989-06","66.7667","123.4","88.0","ZHIGANSK, RS","0.0","r","0.0",",r","13",",r","6",",r","0",",r","","","0",",r","2",",r","0",",r","2",",r","0",",r","19890602",",,r","","","19890610",",,r","19890607",",,r","-1.4",",r,02,","","","12.7",",,r,10,","23.2",",r,07,","10284.5","r","249.6",",r","45.6",",,,r","10.01",",r","14.59",",,,r","5.43",",,,r"
"RSM00024343","1989-07","66.7667","123.4","88.0","ZHIGANSK, RS","3.1","r","3.1",",r","8",",r","2",",r","0",",r","","","0",",r","0",",r","0",",r","11",",r","0",",r","19890709",",,r","","","19890702",",,r","19890707",",,r","3.6",",r,09,","","","13.7",",,r,02,","27.1",",r,07,","147.1","r","147.1",",r","27.4",",,,r","13.69",",r","18.88",",,,r","8.50",",,,r"
"RSM00024343","1989-08","66.7667","123.4","88.0","ZHIGANSK, RS","3.1","r","0.0",",r","18",",r","13",",r","1",",r","","","0",",r","0",",r","0",",r","0",",r","0",",r","19890811",",,r","","","19890808",",,r","19890820",",,r","0.6",",r,11,","","","27.2",",,r,08,","20.6",",r,20,","390.8","r","243.7",",r","128.3",",,,r","10.47",",r","14.79",",,,r","6.15",",,,r"
"RSM00024343","1989-09","66.7667","123.4","88.0","ZHIGANSK, RS","3.1","r","0.0",",r","12",",r","6",",r","0",",r","","","0",",r","19",",r","6",",r","2",",r","0",",r","19890925",",,r","","","19890927",",,r","19890902",",,r","-9.0",",r,25,","","","10.2",",,r,27,","22.2",",r,02,","848.0","r","457.2",",r","49.8",",,,r","3.09",",r","6.60",",,,r","-0.41",",,,r"
"RSM00024343","1989-10","66.7667","123.4","88.0","ZHIGANSK, RS","3.1","r","0.0",",r","17",",r","4",",r","0",",r","","","15",",r","31",",r","25",",r","0",",r","0",",r","19891029",",,r","","","19891003",",,r","19891002",",,r","-29.5",",r,29,","","","3.8",",,r,03,","2.5",",r,02,","1797.1","r","949.1",",r","25.6",",,,r","-12.28",",r","-9.24",",,,r","-15.33",",,,r"
"RSM00024343","1989-11","66.7667","123.4","88.0","ZHIGANSK, RS","3.1","r","0.0",",r","17",",r","3",",r","0",",r","","","29",",r","30",",r","30",",r","0",",r","0",",r","19891120",",,r","","","19891116",",,r","19891101",",,r","-52.8",",r,20,","","","3.7",",,r,16,","-9.5",",r,01,","3281.6","r","1484.5",",r","25.7",",,,r","-31.15",",r","-27.69",",,,r","-34.61",",,,r"
"RSM00024343","1989-12","66.7667","123.4","88.0","ZHIGANSK, RS","3.1","r","0.0",",r","12",",r","1",",r","0",",r","","","31",",r","31",",r","31",",r","0",",r","0",",r","19891217",",,r","","","19891201",",,r","19891201",",,r","-49.0",",r,17,","","","3.1",",,r,01,","-15.6",",r,01,","4902.9","r","1621.3",",r","10.1",",,,r","-33.97",",r","-30.47",",,,r","-37.46",",,,r"
"RSM00024343","1990-01","66.7667","123.4","88.0","ZHIGANSK, RS","0.0","r","0.0",",r","9",",r","0",",r","0",",r","","","31",",r","31",",r","31",",r","0",",r","0",",r","19900117",",,r","","","19900104",",,r","19900105",",,r","-51.4",",r,17,","","","1.1",",,r,04,","-28.5",",r,05,","6814.1","r","1911.2",",r","5.3",",,,r","-43.32",",r","-41.00",",,,r","-45.64",",,,r"
"RSM00024343","1990-02","66.7667","123.4","88.0","ZHIGANSK, RS","0.0","r","0.0",",r","7",",r","0",",r","0",",r","","","28",",r","28",",r","28",",r","0",",r","0",",r","19900202",",,r","","","19900217",",,r","19900228",",,r","-50.3",",r,02,","","","1.7",",,r,17,","-13.5",",r,28,","8326.1","r","1512.0",",r","7.7",",,,r","-35.67",",r","-32.94",",,,r","-38.39",",,,r"
"RSM00024343","1990-03","66.7667","123.4","88.0","ZHIGANSK, RS","0.0","r","0.0",",r","18",",r","3",",r","0",",r","","","16",",r","31",",r","30",",r","0",",r","0",",r","19900310",",,r","","","19900308",",,r","19900328",",,r","-30.5",",r,10,","","","4.2",",,r,08,","2.8",",r,28,","9304.8","r","978.7",",r","28.0",",,,r","-13.24",",r","-8.90",",,,r","-17.57",",,,r"
"RSM00024343","1990-04","66.7667","123.4","88.0","ZHIGANSK, RS","0.0","r","0.0",",r","7",",r","1",",r","0",",r","","","10",",r","30",",r","24",",r","0",",r","0",",r","19900411",",,r","","","19900413",",,r","19900430",",,r","-26.9",",r,11,","","","5.9",",,r,13,","3.9",",r,30,","10162.5","r","857.7",",r","13.9",",,,r","-10.26",",r","-4.87",",,,r","-15.64",",,,r"
"RSM00024343","1990-05","66.7667","123.4","88.0","ZHIGANSK, RS","2.2","r","2.2",",r","8",",r","4",",r","0",",r","","","0",",r","15",",r","1",",r","3",",r","0",",r","19900509",",,r","","","19900517",",,r","19900524",",,r","-9.5",",r,09,","","","9.8",",,r,17,","28.5",",r,24,","10579.9","r","417.4",",r","25.9",",,,r","4.94",",r","10.10",",,,r","-0.22",",,,r"
"RSM00024343","1990-06","66.7667","123.4","88.0","ZHIGANSK, RS","23.1","r","20.9",",r","5",",r","0",",r","0",",r","","","0",",r","0",",r","0",",r","13",",r","0",",r","19900601",",,r","","","19900619",",,r","19900615",",,r","0.6",",r,01,","","","1.5",",,r,19,","29.8",",r,15,","10721.6","r","141.7",",r","4.3",",,,r","14.31",",r","19.88",",,,r","8.73",",,,r"
"RSM00024343","1990-07","66.7667","123.4","88.0","ZHIGANSK, RS","33.1","r","10.0",",r","13",",r","5",",r","1",",r","","","0",",r","0",",r","0",",r","9",",r","0",",r","19900719",",,r","","","19900703",",,r","19900709",",,r","2.0",",r,19,","","","31.4",",,r,03,","27.7",",r,09,","162.7","r","162.7",",r","62.6",",,,r","13.41",",r","17.96",",,,r","8.85",",,,r"
"RSM00024343","1990-08","66.7667","123.4","88.0","ZHIGANSK, RS","37.5","r","4.4",",r","9",",r","4",",r","0",",r","","","0",",r","2",",r","0",",r","10",",r","0",",r","19900831",",,r","","","19900817",",,r","19900805",",,r","-0.2",",r,31,","","","7.2",",,r,17,","27.2",",r,05,","330.6","r","167.9",",r","29.1",",,,r","13.06",",r","18.17",",,,r","7.95",",,,r"
"RSM00024343","1990-09","66.7667","123.4","88.0","ZHIGANSK, RS","37.5","r","0.0",",r","6",",r","0",",r","0",",r","","","0",",r","24",",r","2",",r","0",",r","0",",r","19900926",",,r","","","19900927",",,r","19900907",",,r","-7.5",",r,26,","","","2.1",",,r,27,","12.6",",r,07,","802.5","r","471.9",",r","7.0",",,,r","2.60",",r","7.49",",,,r","-2.28",",,,r"
"RSM00024343","1990-10","66.7667","123.4","88.0","ZHIGANSK, RS","37.5","r","0.0",",r","25",",r","9",",r","0",",r","","","10",",r","30",",r","23",",r","0",",r","0",",r","19901031",",,r","","","19901014",",,r","19901016",",,r","-30.5",",r,31,","","","14.4",",,r,14,","4.5",",r,16,","1653.7","r","851.2",",r","66.1",",,,r","-9.13",",r","-5.59",",,,r","-12.66",",,,r"
"RSM00024343","1990-11","66.7667","123.4","88.0","ZHIGANSK, RS","37.5","r","0.0",",r","17",",r","0",",r","0",",r","","","30",",r","30",",r","30",",r","0",",r","0",",r","19901125",",,r","","","19901118",",,r","19901101",",,r","-44.6",",r,25,","","","2.4",",,r,18,","-15.4",",r,01,","3162.1","r","1508.4",",r","13.4",",,,r","-31.95",",r","-28.32",",,,r","-35.57",",,,r"
"RSM00024343","1990-12","66.7667","123.4","88.0","ZHIGANSK, RS","37.5","r","0.0",",r","17",",r","0",",r","0",",r","","","31",",r","31",",r","31",",r","0",",r","0",",r","19901227",",,r","","","19901218",",,r","19901203",",,r","-52.5",",r,27,","","","1.8",",,r,18,","-18.4",",r,03,","4870.8","r","1708.7",",r","14.0",",,,r","-36.79",",r","-33.37",",,,r","-40.20",",,,r"
"RSM00024343","1991-01","66.7667","123.4","88.0","ZHIGANSK, RS","0.0","r","0.0",",r","17",",r","1",",r","0",",r","","","31",",r","31",",r","31",",r","0",",r","0",",r","19910109",",,r","","","19910101",",,r","19910128",",,r","-47.0",",r,09,","","","4.5",",,r,01,","-16.1",",r,28,","6438.9","r","1568.1",",r","17.2",",,,r","-32.25",",r","-29.39",",,,r","-35.11",",,,r"
"RSM00024343","1991-02","66.7667","123.4","88.0","ZHIGANSK, RS","0.0","r","0.0",",r","11",",r","0",",r","0",",r","","","28",",r","28",",r","28",",r","0",",r","0",",r","19910217",",,r","","","19910225",",,r","19910210",",,r","-53.3",",r,17,","","","1.0",",,r,25,","-21.2",",r,10,","7951.4","r","1512.5",",r","7.0",",,,r","-35.68",",r","-32.07",",,,r","-39.30",",,,r"
"RSM00024343","1991-03","66.7667","123.4","88.0","ZHIGANSK, RS","0.0","r","0.0",",r","7",",r","1",",r","0",",r","","","29",",r","31",",r","31",",r","0",",r","0",",r","19910320",",,r","","","19910329",",,r","19910331",",,r","-37.5",",r,20,","","","2.7",",,r,29,","-1.8",",r,31,","9284.6","r","1333.2",",r","6.7",",,,r","-24.67",",r","-20.42",",,,r","-28.93",",,,r"
"RSM00024343","1991-04","66.7667","123.4","88.0","ZHIGANSK, RS","0.0","r","0.0",",r","8",",r","2",",r","0",",r","","","13",",r","30",",r","24",",r","0",",r","0",",r","19910413",",,r","","","19910410",",,r","19910427",",,r","-29.6",",r,13,","","","6.6",",,r,10,","5.4",",r,27,","10175.9","r","891.3",",r","20.6",",,,r","-11.38",",r","-5.22",",,,r","-17.53",",,,r"
"RSM00024343","1991-05","66.7667","123.4","88.0","ZHIGANSK, RS","0.0","r","0.0",",r","9",",r","3",",r","0",",r","","","0",",r","24",",r","6",",r","0",",r","0",",r","19910505",",,r","","","19910503",",,r","19910531",",,r","-13.4",",r,05,","","","6.0",",,r,03,","17.1",",r,31,","10756.0","r","580.1",",r","20.5",",,,r","-0.38",",r","3.99",",,,r","-4.75",",,,r"
"RSM00024343","1991-06","66.7667","123.4","88.0","ZHIGANSK, RS","0.0","r","0.0",",r","13",",r","4",",r","0",",r","","","0",",r","7",",r","0",",r","1",",r","0",",r","19910605",",,r","","","19910626",",,r","19910630",",,r","-3.1",",r,05,","","","14.0",",,r,26,","22.6",",r,30,","11062.1","r","306.1",",r","45.5",",,,r","8.13",",r","12.16",",,,r","4.10",",,,r"
"RSM00024343","1991-07","66.7667","123.4","88.0","ZHIGANSK, RS","83.4","r","83.4",",r","7",",r","6",",r","0",",r","","","0",",r","0",",r","0",",r","22",",r","4",",r","19910721",",,r","","","19910728",",,r","19910707",",,r","3.0",",r,21,","","","10.0",",,r,28,","33.6",",r,07,","55.7","r","55.7",",r","39.9",",,,r","19.23",",r","24.74",",,,r","13.72",",,,r"
"RSM00024343","1991-08","66.7667","123.4","88.0","ZHIGANSK, RS","103.8","r","20.4",",r","8",",r","4",",r","0",",r","","","0",",r","1",",r","0",",r","12",",r","0",",r","19910829",",,r","","","19910816",",,r","19910809",",,r","-0.4",",r,29,","","","10.9",",,r,16,","26.8",",r,09,","203.5","r","147.8",",r","35.5",",,,r","14.23",",r","18.39",",,,r","10.06",",,,r"
"RSM00024343","1991-09","66.7667","123.4","88.0","ZHIGANSK, RS","103.8","r","0.0",",r","8",",r","1",",r","0",",r","","","0",",r","12",",r","2",",r","0",",r","0",",r","19910927",",,r","","","19910911",",,r","19910915",",,r","-5.9",",r,27,","","","3.2",",,r,11,","18.6",",r,15,","596.4","r","392.9",",r","11.2",",,,r","5.24",",r","9.94",",,,r","0.53",",,,r"
"RSM00024343","1991-10","66.7667","123.4","88.0","ZHIGANSK, RS","103.8","r","0.0",",r","25",",r","7",",r","0",",r","","","12",",r","30",",r","28",",r","0",",r","0",",r","19911030",",,r","","","19911023",",,r","19911002",",,r","-32.2",",r,30,","","","9.3",",,r,23,","6.4",",r,02,","1531.5","r","935.1",",r","53.0",",,,r","-11.83",",r","-8.53",",,,r","-15.14",",,,r"
"RSM00024343","1991-11","66.7667","123.4","88.0","ZHIGANSK, RS","103.8","r","0.0",",r","15",",r","0",",r","0",",r","","","30",",r","30",",r","30",",r","0",",r","0",",r","19911124",",,r","","","19911120","+,,r","19911120",",,r","-41.1",",r,24,","","","1.6",",,r,20,+","-14.9",",r,20,","2933.4","r","1401.9",",r","9.9",",,,r","-28.40",",r","-25.13",",,,r","-31.66",",,,r"
"RSM00024343","1991-12","66.7667","123.4","88.0","ZHIGANSK, RS","103.8","r","0.0",",r","13",",r","1",",r","0",",r","","","31",",r","31",",r","31",",r","0",",r","0",",r","19911216",",,r","","","19911210",",,r","19911211",",,r","-43.1",",r,16,","","","2.8",",,r,10,","-17.1",",r,11,","4495.8","r","1562.4",",r","11.7",",,,r","-32.07",",r","-29.20",",,,r","-34.93",",,,r"
"RSM00024343","1992-01","66.7667","123.4","88.0","ZHIGANSK, RS","0.0","r","0.0",",r","18",",r","0",",r","0",",r","","","31",",r","31",",r","31",",r","0",",r","0",",r","19920107",",,r","","","19920115",",,r","19920115",",,r","-52.6",",r,07,","","","1.7",",,r,15,","-20.7",",r,15,","6218.8","r","1723.0",",r","14.9",",,,r","-37.25",",r","-34.01",",,,r","-40.49",",,,r"
"RSM00024343","1992-02","66.7667","123.4","88.0","ZHIGANSK, RS","0.0","r","0.0",",r","13",",r","0",",r","0",",r","27","2,","29",",r","29",",r","29",",r","0",",r","0",",r","19920211",",,r","19920227",",2,S","19920221",",,r","19920223",",,r","-46.3",",r,11,","500","2,,S,27,","2.2",",,r,21,","-15.1",",r,23,","7675.8","r","1457.0",",r","10.2",",,,r","-31.91",",r","-28.96",",,,r","-34.85",",,,r"
"RSM00024343","1992-03","66.7667","123.4","88.0","ZHIGANSK, RS","0.0","r","0.0",",r","9",",r","2",",r","0",",r","29","2,","26",",r","31",",r","31",",r","0",",r","0",",r","19920304",",,r","19920328",",2,S","19920323",",,r","19920323",",,r","-39.7",",r,04,","480","2,,S,28,","3.9",",,r,23,","-1.0",",r,23,","8971.2","r","1295.4",",r","13.5",",,,r","-23.45",",r","-18.48",",,,r","-28.43",",,,r"
"RSM00024343","1992-04","66.7667","123.4","88.0","ZHIGANSK, RS","0.0","r","0.0",",r","3",",r","0",",r","0",",r","28","2,","9",",r","30",",r","22",",r","0",",r","0",",r","19920406",",,r","19920403","+,2,S","19920421",",,r","19920416",",,r","-30.1",",r,06,","381","2,,S,03,+","0.4",",,r,21,","4.5",",r,16,","9820.7","r","849.5",",r","1.0",",,,r","-9.99",",r","-4.95",",,,r","-15.02",",,,r"
"RSM00024343","1992-05","66.7667","123.4","88.0","ZHIGANSK, RS","0.0","r","0.0",",r","14",",r","4",",r","0",",r","","","0",",r","25",",r","1",",r","0",",r","0",",r","19920502",",,r","","","19920516",",,r","19920526",",,r","-7.6",",r,02,","","","9.7",",,r,16,","15.8",",r,26,","10331.9","r","511.2",",r","35.1",",,,r","1.84",",r","5.87",",,,r","-2.19",",,,r"
"RSM00024343","1992-06","66.7667","123.4","88.0","ZHIGANSK, RS","4.5","r","4.5",",r","13",",r","7",",r","0",",r","","","0",",r","3",",r","0",",r","8",",r","0",",r","19920604",",,r","","","19920629",",,r","19920616",",,r","-2.5",",r,04,","","","12.5",",,r,29,","28.3",",r,16,","10505.7","r","173.8",",r","52.0",",,,r","12.69",",r","17.37",",,,r","8.01",",,,r"
"RSM00024343","1992-07","66.7667","123.4","88.0","ZHIGANSK, RS","17.8","r","13.3",",r","7",",r","3",",r","0",",r","","","0",",r","0",",r","0",",r","13",",r","0",",r","19920731",",,r","","","19920718",",,r","19920724",",,r","2.1",",r,31,","","","20.5",",,r,18,","28.0",",r,24,","110.7","r","110.7",",r","36.4",",,,r","15.19",",r","20.42",",,,r","9.96",",,,r"
"RSM00024343","1992-08","66.7667","123.4","88.0","ZHIGANSK, RS","20.2","r","2.4",",r","7",",r","0",",r","0",",r","","","0",",r","5",",r","0",",r","6",",r","0",",r","19920825",",,r","","","19920802",",,r","19920813",",,r","-5.4",",r,25,","","","1.6",",,r,02,","29.2",",r,13,","352.7","r","242.0",",r","6.3",",,,r","10.60",",r","15.89",",,,r","5.32",",,,r"
"RSM00024343","1992-09","66.7667","123.4","88.0","ZHIGANSK, RS","20.2","r","0.0",",r","13",",r","6",",r","0",",r","","","0",",r","17",",r","1",",r","0",",r","0",",r","19920930",",,r","","","19920929",",,r","19920901",",,r","-11.1",",r,30,","","","6.8",",,r,29,","16.7",",r,01,","806.3","r","453.6",",r","32.5",",,,r","3.21",",r","6.51",",,,r","-0.09",",,,r"
"RSM00024343","1992-10","66.7667","123.4","88.0","ZHIGANSK, RS","20.2","r","0.0",",r","25",",r","12",",r","0",",r","29","2,","11",",r","31",",r","26",",r","0",",r","0",",r","19921031",",,r","19921026",",2,S","19921009",",,r","19921026",",,r","-32.9",",r,31,","320","2,,S,26,","7.9",",,r,09,","1.4",",r,26,","1732.0","r","925.7",",r","69.2",",,,r","-11.53",",r","-6.97",",,,r","-16.09",",,,r"
"RSM00024343","1992-11","66.7667","123.4","88.0","ZHIGANSK, RS","20.2","r","0.0",",r","12",",r","0",",r","0",",r","30",",","30",",r","30",",r","30",",r","0",",r","0",",r","19921123",",,r","19921124",",,S","19921109",",,r","19921101",",,r","-45.9",",r,23,","391",",,S,24,","2.4",",,r,09,","-20.1",",r,01,","3318.2","r","1586.2",",r","9.7",",,,r","-34.54",",r","-31.44",",,,r","-37.64",",,,r"
"RSM00024343","1992-12","66.7667","123.4","88.0","ZHIGANSK, RS","20.2","r","0.0",",r","21",",r","0",",r","0",",r","28","2,","31",",r","31",",r","31",",r","0",",r","0",",r","19921221",",,r","19921231","+,2,S","19921217",",,r","19921219",",,r","-49.1",",r,21,","381","2,,S,31,+","2.3",",,r,17,","-17.3",",r,19,","4883.0","r","1564.8",",r","20.7",",,,r","-32.15",",r","-28.95",",,,r","-35.34",",,,r"
"RSM00024343","1993-01","66.7667","123.4","88.0","ZHIGANSK, RS","0.0","r","0.0",",r","16",",r","0",",r","0",",r","29","2,","31",",r","31",",r","31",",r","0",",r","0",",r","19930124",",,r","19930131","+,2,S","19930125",",,r","19930116",",,r","-50.3",",r,24,","429","2,,S,31,+","1.3",",,r,25,","-23.3",",r,16,","6504.9","r","1621.9",",r","14.6",",,,r","-33.99",",r","-30.78",",,,r","-37.20",",,,r"
"RSM00024343","1993-02","66.7667","123.4","88.0","ZHIGANSK, RS","0.0","r","0.0",",r","14",",r","2",",r","0",",r","28",",","28",",r","28",",r","28",",r","0",",r","0",",r","19930203",",,r","19930228","+,,S","19930228",",,r","19930210",",,r","-53.1",",r,03,","500",",,S,28,+","3.6",",,r,28,","-14.9",",r,10,","7920.0","r","1415.1",",r","14.9",",,,r","-32.21",",r","-28.42",",,,r","-35.99",",,,r"
"RSM00024343","1993-03","66.7667","123.4","88.0","ZHIGANSK, RS","0.0","r","0.0",",r","9",",r","2",",r","0",",r","29","2,","26",",r","31",",r","31",",r","0",",r","0",",r","19930304",",,r","19930323",",2,S","19930329",",,r","19930329",",,r","-44.3",",r,04,","569","2,,S,23,","7.4",",,r,29,","-5.8",",r,29,","9186.8","r","1266.8",",r","20.8",",,,r","-22.53",",r","-17.54",",,,r","-27.52",",,,r"
"RSM00024343","1993-04","66.7667","123.4","88.0","ZHIGANSK, RS","0.0","r","0.0",",r","7","2,r","1","2,r","0","2,r","","","14",",r","30",",r","26",",r","0",",r","0",",r","19930401",",,r","","","19930416",",2,r","19930430",",,r","-33.1",",r,01,","","","3.9","2,,r,16,","5.0",",r,30,","10112.0","r","925.2",",r","10.8","2,,,r","-12.51",",r","-6.75",",,,r","-18.26",",,,r"
"RSM00024343","1993-05","66.7667","123.4","88.0","ZHIGANSK, RS","0.0","r","0.0",",r","10",",r","3",",r","0",",r","","","0",",r","19",",r","2",",r","0",",r","0",",r","19930511",",,r","","","19930507",",,r","19930526",",,r","-11.6",",r,11,","","","9.4",",,r,07,","15.3",",r,26,","10595.4","r","483.4",",r","30.0",",,,r","2.74",",r","6.87",",,,r","-1.39",",,,r"
"RSM00024343","1993-06","66.7667","123.4","88.0","ZHIGANSK, RS","19.0","r","19.0",",r","8",",r","4",",r","0",",r","","","0",",r","3",",r","0",",r","6",",r","0",",r","19930614","+,,r","","","19930622",",,r","19930627",",,r","-0.4",",r,14,+","","","12.3",",,r,22,","31.6",",r,27,","10796.7","r","201.3",",r","43.3",",,,r","12.26",",r","17.48",",,,r","7.04",",,,r"
"RSM00024343","1993-07","66.7667","123.4","88.0","ZHIGANSK, RS","29.4","r","10.4",",r","11",",r","5",",r","1",",r","","","0",",r","0",",r","0",",r","15",",r","0",",r","19930731","+,,r","","","19930729",",,r","19930726",",,r","3.7",",r,31,+","","","39.8",",,r,29,","26.0",",r,26,","91.8","r","91.8",",r","75.2",",,,r","15.71",",r","20.83",",,,r","10.58",",,,r"
"RSM00024343","1993-08","66.7667","123.4","88.0","ZHIGANSK, RS","35.1","r","5.7",",r","9",",r","5",",r","0",",r","","","0",",r","4",",r","0",",r","9",",r","0",",r","19930826",",,r","","","19930812",",,r","19930808",",,r","-4.8",",r,26,","","","12.4",",,r,12,","26.0",",r,08,","297.7","r","205.9",",r","33.3",",,,r","11.88",",r","16.90",",,,r","6.85",",,,r"
"RSM00024343","1993-09","66.7667","123.4","88.0","ZHIGANSK, RS","35.1","r","0.0",",r","15",",r","8",",r","0",",r","","","0",",r","15",",r","0",",r","0",",r","0",",r","19930918",",,r","","","19930908",",,r","19930903",",,r","-4.1",",r,18,","","","11.6",",,r,08,","16.7",",r,03,","730.9","r","433.2",",r","47.4",",,,r","3.89",",r","7.19",",,,r","0.59",",,,r"
"RSM00024343","1993-10","66.7667","123.4","88.0","ZHIGANSK, RS","35.1","r","0.0",",r","23",",r","7",",r","0",",r","","","11",",r","31",",r","26",",r","0",",r","0",",r","19931026",",,r","","","19931029",",,r","19931001",",,r","-32.0",",r,26,","","","4.7",",,r,29,","3.8",",r,01,","1643.9","r","913.0",",r","39.4",",,,r","-11.12",",r","-7.54",",,,r","-14.70",",,,r"
"RSM00024343","1993-11","66.7667","123.4","88.0","ZHIGANSK, RS","35.1","r","0.0",",r","14",",r","1",",r","0",",r","29","1,","30",",r","30",",r","30",",r","0",",r","0",",r","19931130",",,r","19931130","+,1,S","19931111",",,r","19931112",",,r","-47.8",",r,30,","231","1,,S,30,+","3.9",",,r,11,","-17.8",",r,12,","3133.1","r","1489.2",",r","17.1",",,,r","-31.31",",r","-28.20",",,,r","-34.41",",,,r"
"RSM00024343","1993-12","66.7667","123.4","88.0","ZHIGANSK, RS","35.1","r","0.0",",r","13",",r","1",",r","0",",r","28","3,","31",",r","31",",r","31",",r","0",",r","0",",r","19931217",",,r","19931224","+,3,S","19931202",",,r","19931225",",,r","-58.1",",r,17,","330","3,,S,24,+","3.1",",,r,02,","-21.2",",r,25,","4980.0","r","1846.9",",r","17.2",",,,r","-41.24",",r","-37.82",",,,r","-44.67",",,,r"
"RSM00024343","1994-01","66.7667","123.4","88.0","ZHIGANSK, RS","0.0","r","0.0",",r","12",",r","0",",r","0",",r","29","2,","31",",r","31",",r","31",",r","0",",r","0",",r","19940118",",,r","19940131","+,2,S","19940104",",,r","19940129","+,,r","-54.7",",r,18,","340","2,,S,31,+","2.0",",,r,04,","-30.4",",r,29,+","6917.5","r","1937.5",",r","9.2",",,,r","-44.17",",r","-41.37",",,,r","-46.97",",,,r"
"RSM00024343","1994-02","66.7667","123.4","88.0","ZHIGANSK, RS","0.0","r","0.0",",r","7",",r","0",",r","0",",r","27","1,","28",",r","28",",r","28",",r","0",",r","0",",r","19940203",",,r","19940228","+,1,S","19940204",",,r","19940228",",,r","-46.5",",r,03,","351","1,,S,28,+","1.3",",,r,04,","-23.0",",r,28,","8402.0","r","1484.5",",r","4.2",",,,r","-34.69",",r","-30.91",",,,r","-38.46",",,,r"
"RSM00024343","1994-03","66.7667","123.4","88.0","ZHIGANSK, RS","0.0","r","0.0",",r","5",",r","0",",r","0",",r","30","1,","29",",r","31",",r","31",",r","0",",r","0",",r","19940302",",,r","19940318","+,1,S","19940312",",,r","19940326",",,r","-42.8",",r,02,","381","1,,S,18,+","1.6",",,r,12,","-7.1",",r,26,","9687.7","r","1285.7",",r","4.2",",,,r","-23.14",",r","-18.05",",,,r","-28.24",",,,r"
"RSM00024343","1994-04","66.7667","123.4","88.0","ZHIGANSK, RS","0.0","r","0.0",",r","3",",r","0",",r","0",",r","28","2,","15",",r","30",",r","25",",r","0",",r","0",",r","19940427",",,r","19940403","+,2,S","19940407",",,r","19940430",",,r","-26.1",",r,27,","340","2,,S,03,+","1.4",",,r,07,","8.5",",r,30,","10582.3","r","894.6",",r","2.7",",,,r","-11.49",",r","-5.42",",,,r","-17.56",",,,r"
"RSM00024343","1994-05","66.7667","123.4","88.0","ZHIGANSK, RS","0.0","r","0.0",",r","10",",r","1",",r","0",",r","","","0",",r","15",",r","0",",r","0",",r","0",",r","19940506",",,r","","","19940525",",,r","19940529",",,r","-6.6",",r,06,","","","3.2",",,r,25,","18.1",",r,29,","11031.7","r","449.4",",r","12.2",",,,r","3.84",",r","7.94",",,,r","-0.26",",,,r"
"RSM00024343","1994-06","66.7667","123.4","88.0","ZHIGANSK, RS","1.9","r","1.9",",r","18",",r","8",",r","0",",r","","","0",",r","3",",r","0",",r","9",",r","0",",r","19940608",",,r","","","19940618",",,r","19940630",",,r","-3.2",",r,08,","","","8.3",",,r,18,","27.2",",r,30,","11214.6","r","182.9",",r","51.0",",,,r","12.30",",r","17.61",",,,r","6.98",",,,r"
"RSM00024343","1994-07","66.7667","123.4","88.0","ZHIGANSK, RS","18.1","r","16.2",",r","8",",r","4",",r","0",",r","","","0",",r","0",",r","0",",r","15",",r","0",",r","19940728",",,r","","","19940714",",,r","19940713",",,r","2.8",",r,28,","","","12.8",",,r,14,","29.6",",r,13,","110.4","r","110.4",",r","44.2",",,,r","15.29",",r","20.81",",,,r","9.78",",,,r"
"RSM00024343","1994-08","66.7667","123.4","88.0","ZHIGANSK, RS","18.1","r","0.0",",r","9",",r","0",",r","0",",r","","","0",",r","1",",r","0",",r","4",",r","0",",r","19940816",",,r","","","19940814",",,r","19940818",",,r","-0.6",",r,16,","","","1.6",",,r,14,","23.2",",r,18,","360.3","r","249.9",",r","9.8",",,,r","10.27",",r","15.71",",,,r","4.83",",,,r"
"RSM00024343","1994-09","66.7667","123.4","88.0","ZHIGANSK, RS","18.1","r","0.0",",r","12",",r","5",",r","0",",r","","","0",",r","13",",r","0",",r","0",",r","0",",r","19940926",",,r","","","19940921",",,r","19940907",",,r","-7.6",",r,26,","","","8.9",",,r,21,","19.6",",r,07,","750.5","r","390.2",",r","32.4",",,,r","5.33",",r","9.89",",,,r","0.76",",,,r"
"RSM00024343","1994-10","66.7667","123.4","88.0","ZHIGANSK, RS","18.1","r","0.0",",r","21",",r","5",",r","0",",r","","","6",",r","30",",r","20",",r","0",",r","0",",r","19941030",",,r","","","19941008",",,r","19941016",",,r","-32.3",",r,30,","","","11.6",",,r,08,","4.7",",r,16,","1569.0","r","818.5",",r","46.1",",,,r","-8.07",",r","-4.84",",,,r","-11.31",",,,r"
"RSM00024343","1994-11","66.7667","123.4","88.0","ZHIGANSK, RS","18.1","r","0.0",",r","15",",r","3",",r","0",",r","28","2,","30",",r","30",",r","30",",r","0",",r","0",",r","19941120",",,r","19941121","+,2,S","19941116",",,r","19941126",",,r","-43.8",",r,20,","279","2,,S,21,+","4.9",",,r,16,","-11.3",",r,26,","3014.8","r","1445.8",",r","22.8",",,,r","-29.86",",r","-25.99",",,,r","-33.73",",,,r"
"RSM00024343","1994-12","66.7667","123.4","88.0","ZHIGANSK, RS","18.1","r","0.0",",r","9",",r","0",",r","0",",r","28","3,","31",",r","31",",r","31",",r","0",",r","0",",r","19941230","+,,r","19941231","+,3,S","19941206",",,r","19941202","+,,r","-49.4",",r,30,+","300","3,,S,31,+","1.6",",,r,06,","-22.1",",r,02,+","4724.9","r","1710.1",",r","7.5",",,,r","-36.83",",r","-33.18",",,,r","-40.49",",,,r"
"RSM00024343","1995-01","66.7667","123.4","88.0","ZHIGANSK, RS","0.0","r","0.0",",r","13",",r","1",",r","0",",r","30","1,","31",",r","31",",r","31",",r","0",",r","0",",r","19950117",",,r","19950124","+,1,S","19950101",",,r","19950103",",,r","-48.3",",r,17,","330","1,,S,24,+","3.0",",,r,01,","-24.3",",r,03,","6445.2","r","1720.3",",r","14.6",",,,r","-37.16",",r","-33.61",",,,r","-40.71",",,,r"
"RSM00024343","1995-02","66.7667","123.4","88.0","ZHIGANSK, RS","0.0","r","0.0",",r","15",",r","1",",r","0",",r","26","2,","28",",r","28",",r","28",",r","0",",r","0",",r","19950208",",,r","19950206",",2,S","19950220",",,r","19950216",",,r","-38.2",",r,08,","391","2,,S,06,","2.9",",,r,20,","-16.1",",r,16,","7695.5","r","1250.3",",r","13.0",",,,r","-26.32",",r","-22.78",",,,r","-29.86",",,,r"
"RSM00024343","1995-03","66.7667","123.4","88.0","ZHIGANSK, RS","0.0","r","0.0",",r","10","1,r","1","1,r","0","1,r","26","5,","31",",r","31",",r","31",",r","0",",r","0",",r","19950316",",,r","19950308","+,5,S","19950331",",1,r","19950331",",,r","-43.4",",r,16,","419","5,,S,08,+","2.6","1,,r,31,","-5.0",",r,31,","9018.9","r","1323.4",",r","11.8","1,,,r","-24.36",",r","-18.75",",,,r","-29.97",",,,r"
"RSM00024343","1995-04","66.7667","123.4","88.0","ZHIGANSK, RS","0.0","r","0.0",",r","2",",r","1",",r","0",",r","28","2,","12",",r","30",",r","29",",r","0",",r","0",",r","19950405",",,r","19950402",",2,S","19950401",",,r","19950418",",,r","-22.9",",r,05,","511","2,,S,02,","8.3",",,r,01,","0.3",",r,18,","9897.8","r","878.9",",r","8.9",",,,r","-10.96",",r","-5.77",",,,r","-16.16",",,,r"
"RSM00024343","1995-05","66.7667","123.4","88.0","ZHIGANSK, RS","0.0","r","0.0",",r","10",",r","3",",r","0",",r","26","2,","0",",r","25",",r","9",",r","0",",r","0",",r","19950504",",,r","19950506","+,2,S","19950525",",,r","19950529",",,r","-17.4",",r,04,","371","2,,S,06,+","6.7",",,r,25,","16.6",",r,29,","10499.7","r","601.9",",r","25.2",",,,r","-1.08",",r","2.83",",,,r","-5.00",",,,r"
"RSM00024343","1995-06","66.7667","123.4","88.0","ZHIGANSK, RS","11.0","r","11.0",",r","8",",r","3",",r","0",",r","","","0",",r","0",",r","0",",r","8",",r","0",",r","19950605",",,r","","","19950619",",,r","19950629",",,r","2.8",",r,05,","","","12.5",",,r,19,","28.5",",r,29,","10643.9","r","144.2",",r","27.2",",,,r","13.90",",r","18.90",",,,r","8.89",",,,r"
"RSM00024343","1995-07","66.7667","123.4","88.0","ZHIGANSK, RS","29.4","r","18.4",",r","9",",r","5",",r","0",",r","","","0",",r","0",",r","0",",r","18",",r","0",",r","19950704",",,r","","","19950707",",,r","19950721",",,r","6.4",",r,04,","","","9.2",",,r,07,","29.0",",r,21,","77.1","r","77.1",",r","29.9",",,,r","16.44",",r","21.61",",,,r","11.28",",,,r"
"RSM00024343","1995-08","66.7667","123.4","88.0","ZHIGANSK, RS","36.7","r","7.3",",r","9",",r","3",",r","0",",r","","","0",",r","0",",r","0",",r","12",",r","0",",r","19950820","+,,r","","","19950802",",,r","19950829",",,r","0.2",",r,20,+","","","8.2",",,r,02,","26.2",",r,29,","238.6","r","161.5",",r","26.6",",,,r","13.36",",r","19.33",",,,r","7.38",",,,r"
"RSM00024343","1995-09","66.7667","123.4","88.0","ZHIGANSK, RS","36.7","r","0.0",",r","22",",r","6",",r","0",",r","","","0",",r","15",",r","1",",r","0",",r","0",",r","19950913",",,r","","","19950916",",,r","19950906",",,r","-7.5",",r,13,","","","17.3",",,r,16,","17.6",",r,06,","675.5","r","436.9",",r","56.2",",,,r","3.77",",r","7.20",",,,r","0.34",",,,r"
"RSM00024343","1995-10","66.7667","123.4","88.0","ZHIGANSK, RS","36.7","r","0.0",",r","24",",r","10",",r","0",",r","28","3,","7",",r","31",",r","26",",r","0",",r","0",",r","19951031",",,r","19951026",",3,S","19951013",",,r","19951018",",,r","-31.1",",r,31,","559","3,,S,26,","10.8",",,r,13,","3.5",",r,18,","1472.6","r","797.1",",r","71.6",",,,r","-7.38",",r","-3.84",",,,r","-10.92",",,,r"
"RSM00024343","1995-11","66.7667","123.4","88.0","ZHIGANSK, RS","36.7","r","0.0",",r","12","1,r","2","1,r","0","1,r","27","3,","29",",r","30",",r","30",",r","0",",r","0",",r","19951128",",,r","19951117",",3,S","19951101",",1,r","19951102",",,r","-41.7",",r,28,","381","3,,S,17,","4.3","1,,r,01,","-10.1",",r,02,","2932.1","r","1459.5",",r","14.8","1,,,r","-30.32",",r","-26.35",",,,r","-34.29",",,,r"
"RSM00024343","1995-12","66.7667","123.4","88.0","ZHIGANSK, RS","36.7","r","0.0",",r","21",",r","1",",r","0",",r","29","2,","31",",r","31",",r","31",",r","0",",r","0",",r","19951222",",,r","19951227","+,2,S","19951229",",,r","19951211",",,r","-47.3",",r,22,","320","2,,S,27,+","3.8",",,r,29,","-23.4",",r,11,","4513.3","r","1581.2",",r","19.3",",,,r","-32.67",",r","-29.59",",,,r","-35.75",",,,r"
"RSM00024343","1996-01","66.7667","123.4","88.0","ZHIGANSK, RS","0.0","r","0.0",",r","12",",r","0",",r","0",",r","29","2,","31",",r","31",",r","31",",r","0",",r","0",",r","19960119",",,r","19960131","+,2,S","19960110",",,r","19960110",",,r","-55.8",",r,19,","320","2,,S,31,+","1.6",",,r,10,","-17.9",",r,10,","6283.0","r","1769.7",",r","9.4",",,,r","-38.75",",r","-34.90",",,,r","-42.61",",,,r"
"RSM00024343","1996-02","66.7667","123.4","88.0","ZHIGANSK, RS","0.0","r","0.0",",r","19",",r","1",",r","0",",r","26","3,","29",",r","29",",r","29",",r","0",",r","0",",r","19960216",",,r","19960229","+,3,S","19960225",",,r","19960222",",,r","-46.2",",r,16,","429","3,,S,29,+","4.1",",,r,25,","-17.4",",r,22,","7778.7","r","1495.7",",r","19.9",",,,r","-33.24",",r","-29.59",",,,r","-36.90",",,,r"
"RSM00024343","1996-03","66.7667","123.4","88.0","ZHIGANSK, RS","0.0","r","0.0",",r","6",",r","0",",r","0",",r","28","3,","31",",r","31",",r","31",",r","0",",r","0",",r","19960302",",,r","19960311","+,3,S","19960305",",,r","19960329",",,r","-46.0",",r,02,","429","3,,S,11,+","2.1",",,r,05,","-8.4",",r,29,","9124.4","r","1345.7",",r","7.6",",,,r","-25.08",",r","-20.20",",,,r","-29.95",",,,r"
"RSM00024343","1996-04","66.7667","123.4","88.0","ZHIGANSK, RS","0.0","r","0.0",",r","4",",r","1",",r","0",",r","27","3,","7",",r","30",",r","21",",r","0",",r","0",",r","19960401",",,r","19960405",",3,S","19960425",",,r","19960430",",,r","-22.4",",r,01,","490","3,,S,05,","3.4",",,r,25,","5.0",",r,30,","9941.4","r","817.0",",r","5.3",",,,r","-8.90",",r","-3.07",",,,r","-14.74",",,,r"
"RSM00024343","1996-05","66.7667","123.4","88.0","ZHIGANSK, RS","0.0","r","0.0",",r","12",",r","6",",r","0",",r","22","4,","0",",r","26",",r","2",",r","0",",r","0",",r","19960501",",,r","19960502","+,4,S","19960513",",,r","19960517",",,r","-7.4",",r,01,","399","4,,S,02,+","13.4",",,r,13,","9.8",",r,17,","10470.5","r","529.1",",r","51.3",",,,r","1.27",",r","5.20",",,,r","-2.67",",,,r"
"RSM00024343","1996-06","66.7667","123.4","88.0","ZHIGANSK, RS","3.2","r","3.2",",r","11",",r","2",",r","0",",r","","","0",",r","6",",r","0",",r","5",",r","0",",r","19960602",",,r","","","19960618",",,r","19960615",",,r","-4.4",",r,02,","","","12.5",",,r,18,","27.8",",r,15,","10730.5","r","260.0",",r","27.9",",,,r","9.77",",r","14.82",",,,r","4.73",",,,r"
"RSM00024343","1996-07","66.7667","123.4","88.0","ZHIGANSK, RS","18.2","r","15.0",",r","12",",r","4",",r","0",",r","","","0",",r","0",",r","0",",r","10",",r","0",",r","19960730",",,r","","","19960719",",,r","19960709",",,r","2.1",",r,30,","","","10.4",",,r,19,","31.8",",r,09,","127.7","r","127.7",",r","34.5",",,,r","14.70",",r","19.91",",,,r","9.48",",,,r"
"RSM00024343","1996-08","66.7667","123.4","88.0","ZHIGANSK, RS","18.2","r","0.0",",r","18",",r","9",",r","0",",r","","","0",",r","1",",r","0",",r","2",",r","0",",r","19960827",",,r","","","19960810",",,r","19960803",",,r","0.0",",r,27,","","","13.1",",,r,10,","22.6",",r,03,","361.5","r","233.8",",r","69.8",",,,r","10.79",",r","14.88",",,,r","6.71",",,,r"
"RSM00024343","1996-09","66.7667","123.4","88.0","ZHIGANSK, RS","18.2","r","0.0",",r","12",",r","4",",r","0",",r","","","0",",r","15",",r","0",",r","0",",r","0",",r","19960927",",,r","","","19960923",",,r","19960911",",,r","-7.9",",r,27,","","","12.9",",,r,23,","14.4",",r,11,","810.8","r","449.3",",r","32.6",",,,r","3.36",",r","7.21",",,,r","-0.50",",,,r"
"RSM00024343","1996-10","66.7667","123.4","88.0","ZHIGANSK, RS","18.2","r","0.0",",r","14",",r","2",",r","0",",r","27","4,","9",",r","31",",r","25",",r","0",",r","0",",r","19961028",",,r","19961031","+,4,S","19961003",",,r","19961001",",,r","-34.3",",r,28,","211","4,,S,31,+","10.4",",,r,03,","2.1",",r,01,","1758.9","r","948.1",",r","26.7",",,,r","-12.25",",r","-8.41",",,,r","-16.09",",,,r"
"RSM00024343","1996-11","66.7667","123.4","88.0","ZHIGANSK, RS","18.2","r","0.0",",r","19",",r","1",",r","0",",r","29","1,","27",",r","30",",r","30",",r","0",",r","0",",r","19961107",",,r","19961130","+,1,S","19961117",",,r","19961123",",,r","-37.3",",r,07,","330","1,,S,30,+","2.6",",,r,17,","-10.9",",r,23,","3068.4","r","1309.5",",r","19.6",",,,r","-25.32",",r","-21.43",",,,r","-29.20",",,,r"
"RSM00024343","1996-12","66.7667","123.4","88.0","ZHIGANSK, RS","18.2","r","0.0",",r","11",",r","0",",r","0",",r","29","2,","31",",r","31",",r","31",",r","0",",r","0",",r","19961219",",,r","19961203",",2,S","19961206",",,r","19961201",",,r","-49.8",",r,19,","351","2,,S,03,","1.1",",,r,06,","-24.8",",r,01,","4858.0","r","1789.6",",r","7.3",",,,r","-39.40",",r","-36.47",",,,r","-42.32",",,,r"
"RSM00024343","1997-01","66.7667","123.4","88.0","ZHIGANSK, RS","0.0","S","0.0",",r","8",",r","0",",r","0",",r","","","31",",r","31",",r","31",",r","0",",r","0",",r","19970116",",,r","","","19970110",",,r","19970110",",,r","-50.2",",r,16,","","","2.2",",,r,10,","-19.7",",r,10,","6545.1","S","1687.1",",r","8.8",",,,r","-36.09",",r","-32.29",",,,r","-39.89",",,,r"
"RSM00024343","1997-02","66.7667","123.4","88.0","ZHIGANSK, RS","0.0","S","0.0",",r","9",",r","0",",r","0",",r","26","2,","28",",r","28",",r","28",",r","0",",r","0",",r","19970221",",,r","19970228","+,2,S","19970205",",,r","19970203",",,r","-46.4",",r,21,","351","2,,S,28,+","1.5",",,r,05,","-18.6",",r,03,","7977.3","S","1432.2",",r","7.9",",,,r","-32.82",",r","-28.98",",,,r","-36.66",",,,r"
"RSM00024343","1997-03","66.7667","123.4","88.0","ZHIGANSK, RS","0.0","S","0.0",",r","7",",r","2",",r","0",",r","29","2,","28",",r","31",",r","31",",r","0",",r","0",",r","19970301",",,r","19970331","+,2,S","19970323",",,r","19970318",",,r","-45.2",",r,01,","419","2,,S,31,+","4.2",",,r,23,","-4.3",",r,18,","9265.6","S","1288.3",",r","11.9",",,,r","-23.23",",r","-17.97",",,,r","-28.48",",,,r"
"RSM00024343","1997-04","66.7667","123.4","88.0","ZHIGANSK, RS","0.0","S","0.0",",r","7",",r","3",",r","0",",r","28","2,","6",",r","30",",r","17",",r","0",",r","0",",r","19970401",",,r","19970408",",2,S","19970424",",,r","19970423",",,r","-25.5",",r,01,","470","2,,S,08,","8.5",",,r,24,","11.9",",r,23,","10001.4","S","735.8",",r","21.2",",,,r","-6.20",",r","0.11",",,,r","-12.50",",,,r"
"RSM00024343","1997-05","66.7667","123.4","88.0","ZHIGANSK, RS","0.0","S","0.0",",r","6",",r","3",",r","0",",r","","","0",",r","21",",r","6",",r","0",",r","0",",r","19970504",",,r","","","19970528",",,r","19970522",",,r","-12.4",",r,04,","","","7.6",",,r,28,","18.8",",r,22,","10519.4","S","518.0",",r","20.6",",,,r","1.62",",r","5.78",",,,r","-2.53",",,,r"
"RSM00024343","1997-06","66.7667","123.4","88.0","ZHIGANSK, RS","0.0","S","0.0",",r","11",",r","5",",r","0",",r","","","0",",r","0",",r","0",",r","8",",r","0",",r","19970612",",,r","","","19970629",",,r","19970626",",,r","0.2",",r,12,","","","15.0",",,r,29,","24.0",",r,26,","10686.6","S","167.2",",r","49.2",",,,r","12.76",",r","17.89",",,,r","7.63",",,,r"
"RSM00024343","1997-07","66.7667","123.4","88.0","ZHIGANSK, RS","31.9","S","31.9",",r","8",",r","5",",r","0",",r","","","0",",r","0",",r","0",",r","22",",r","0",",r","19970719",",,r","","","19970721",",,r","19970714",",,r","3.6",",r,19,","","","8.3",",,r,21,","30.3",",r,14,","34.2","S","34.2",",r","30.8",",,,r","18.26",",r","23.45",",,,r","13.07",",,,r"
"RSM00024343","1997-08","66.7667","123.4","88.0","ZHIGANSK, RS","32.2","S","0.3",",r","17",",r","9",",r","1",",r","","","0",",r","0",",r","0",",r","5",",r","0",",r","19970822",",,r","","","19970808",",,r","19970801",",,r","1.0",",r,22,","","","32.8",",,r,08,","23.3",",r,01,","216.9","S","182.7",",r","103.0",",,,r","12.45",",r","16.69",",,,r","8.21",",,,r"
"RSM00024343","1997-09","66.7667","123.4","88.0","ZHIGANSK, RS","32.2","S","0.0",",r","15",",r","8",",r","0",",r","","","0",",r","19",",r","1",",r","0",",r","0",",r","19970909",",,r","","","19970901",",,r","19970907",",,r","-8.1",",r,09,","","","19.5",",,r,01,","9.8",",r,07,","693.6","S","476.7",",r","75.8",",,,r","2.44",",r","5.82",",,,r","-0.94",",,,r"
"RSM00024343","1997-10","66.7667","123.4","88.0","ZHIGANSK, RS","","","","","21","2,r","3","2,r","0","2,r","26","5,","","","","","","","","","","","","","19971014",",5,S","19971025",",2,r","","","","","399","5,,S,14,","7.9","2,,r,25,","","","","","","","38.3","2,,,r","","","","","",""
"RSM00024343","1997-11","66.7667","123.4","88.0","ZHIGANSK, RS","","","","","","","","","","","29","1,","","","","","28","2,S","0","2,S","0","2,S","","","19971130","+,1,S","","","19971105",",2,S","","","231","1,,S,30,+","","","-6.8","2,S,05,","","","","","","","","","-26.77","2,,,S","",""
"RSM00024343","1997-12","66.7667","123.4","88.0","ZHIGANSK, RS","","","","","24","2,r","2","2,r","0","2,r","26","5,","","","","","","","","","","","","","19971231","+,5,S","19971213","+,2,r","","","","","249","5,,S,31,+","2.6","2,,r,13,+","","","","","","","24.3","2,,,r","","","","","",""
"RSM00024343","1998-02","66.7667","123.4","88.0","ZHIGANSK, RS","","","0.0",",r","16",",r","3",",r","0",",r","25","3,","28",",r","28",",r","28",",r","0",",r","0",",r","19980216",",,r","19980227","+,3,S","19980217",",,r","19980224",",,r","-50.5",",r,16,","391","3,,S,27,+","6.1",",,r,17,","-11.9",",r,24,","","","1433.5",",r","25.2",",,,r","-32.86",",r","-28.21",",,,r","-37.51",",,,r"
"RSM00024343","1998-03","66.7667","123.4","88.0","ZHIGANSK, RS","","","0.0",",r","12",",r","1",",r","0",",r","30","1,","30",",r","31",",r","31",",r","0",",r","0",",r","19980303",",,r","19980311","+,1,S","19980309",",,r","19980309",",,r","-43.2",",r,03,","470","1,,S,11,+","2.9",",,r,09,","-3.6",",r,09,","","","1347.9",",r","15.8",",,,r","-25.15",",r","-19.44",",,,r","-30.85",",,,r"
"RSM00024343","1998-04","66.7667","123.4","88.0","ZHIGANSK, RS","","","0.0",",r","4",",r","2",",r","0",",r","28","2,","9",",r","30",",r","30",",r","0",",r","0",",r","19980401",",,r","19980411","+,2,S","19980405",",,r","19980405",",,r","-29.4",",r,01,","500","2,,S,11,+","3.2",",,r,05,","-0.1",",r,05,","","","874.0",",r","7.5",",,,r","-10.80",",r","-4.81",",,,r","-16.79",",,,r"
"RSM00024343","1998-05","66.7667","123.4","88.0","ZHIGANSK, RS","","","0.0",",r","6",",r","5",",r","0",",r","24","4,","0",",r","22",",r","4",",r","0",",r","0",",r","19980501",",,r","19980502","+,4,S","19980519",",,r","19980531",",,r","-16.3",",r,01,","419","4,,S,02,+","12.5",",,r,19,","16.0",",r,31,","","","564.6",",r","36.3",",,,r","0.12",",r","4.78",",,,r","-4.54",",,,r"
"RSM00024343","1998-06","66.7667","123.4","88.0","ZHIGANSK, RS","","","19.1",",r","13",",r","4",",r","0",",r","","","0",",r","0",",r","0",",r","12",",r","0",",r","19980606",",,r","","","19980628",",,r","19980613",",,r","0.4",",r,06,","","","9.6",",,r,28,","31.8",",r,13,","","","128.7",",r","31.5",",,,r","14.68",",r","20.06",",,,r","9.30",",,,r"
"RSM00024343","1998-07","66.7667","123.4","88.0","ZHIGANSK, RS","","","29.9",",r","10",",r","5",",r","0",",r","","","0",",r","0",",r","0",",r","17",",r","0",",r","19980727",",,r","","","19980710",",,r","19980703",",,r","5.7",",r,27,","","","11.9",",,r,10,","30.9",",r,03,","66.2","r","66.2",",r","47.8",",,,r","17.16",",r","22.54",",,,r","11.78",",,,r"
"RSM00024343","1998-09","66.7667","123.4","88.0","ZHIGANSK, RS","","","0.0",",r","22",",r","12",",r","0",",r","","","0",",r","21",",r","10",",r","0",",r","0",",r","19980928",",,r","","","19980901",",,r","19980906",",,r","-11.2",",r,28,","","","9.7",",,r,01,","15.8",",r,06,","","","500.3",",r","67.0",",,,r","1.66",",r","4.98",",,,r","-1.67",",,,r"
"RSM00024343","1998-10","66.7667","123.4","88.0","ZHIGANSK, RS","","","","","15","4,r","5","4,r","0","4,r","30","1,","","","","","","","","","","","","","19981028","+,1,S","19981023",",4,r","","","","","269","1,,S,28,+","5.5","4,,r,23,","","","","","","","30.4","4,,,r","","","","","",""
"RSM00024343","1998-11","66.7667","123.4","88.0","ZHIGANSK, RS","","","","","5","5,r","0","5,r","0","5,r","29","1,","","","","","","","","","","","","","19981130","+,1,S","19981114",",5,r","","","","","290","1,,S,30,+","2.4","5,,r,14,","","","","","","","7.9","5,,,r","","","","","",""
"RSM00024343","1998-12","66.7667","123.4","88.0","ZHIGANSK, RS","","","0.0",",r","11",",r","0",",r","0",",r","27","4,","31",",r","31",",r","31",",r","0",",r","0",",r","19981214",",,r","19981231","+,4,S","19981204",",,r","19981223",",,r","-49.2",",r,14,","320","4,,S,31,+","1.2",",,r,04,","-25.6",",r,23,","","","1751.4",",r","7.2",",,,r","-38.16",",r","-35.47",",,,r","-40.86",",,,r"
"RSM00024343","1999-01","66.7667","123.4","88.0","ZHIGANSK, RS","0.0","r","0.0",",r","11",",r","0",",r","0",",r","","","31",",r","31",",r","31",",r","0",",r","0",",r","19990126",",,r","","","19990104",",,r","19990113",",,r","-52.3",",r,26,","","","1.6",",,r,04,","-22.9",",r,13,","","","1711.5",",r","9.1",",,,r","-36.88",",r","-33.52",",,,r","-40.23",",,,r"
"RSM00024343","1999-02","66.7667","123.4","88.0","ZHIGANSK, RS","0.0","r","0.0",",r","9",",r","2",",r","0",",r","27","1,","28",",r","28",",r","28",",r","0",",r","0",",r","19990211",",,r","19990221","+,1,S","19990220",",,r","19990220",",,r","-46.0",",r,11,","399","1,,S,21,+","3.5",",,r,20,","-10.4",",r,20,","","","1450.0",",r","12.9",",,,r","-33.45",",r","-29.71",",,,r","-37.20",",,,r"
"RSM00024343","1999-03","66.7667","123.4","88.0","ZHIGANSK, RS","0.0","r","0.0",",r","5",",r","0",",r","0",",r","29","2,","31",",r","31",",r","31",",r","0",",r","0",",r","19990318",",,r","19990315",",2,S","19990319",",,r","19990331",",,r","-39.6",",r,18,","391","2,,S,15,","0.6",",,r,19,","-14.2",",r,31,","","","1413.9",",r","2.7",",,,r","-27.28",",r","-22.24",",,,r","-32.31",",,,r"
"RSM00024343","1999-04","66.7667","123.4","88.0","ZHIGANSK, RS","0.0","r","0.0",",r","7",",r","2",",r","0",",r","26","4,","12",",r","30",",r","22",",r","0",",r","0",",r","19990401",",,r","19990405","+,4,S","19990407",",,r","19990416",",,r","-26.6",",r,01,","371","4,,S,05,+","4.8",",,r,07,","4.4",",r,16,","","","836.1",",r","11.0",",,,r","-9.54",",r","-3.88",",,,r","-15.19",",,,r"
"RSM00024343","1999-05","66.7667","123.4","88.0","ZHIGANSK, RS","0.0","r","0.0",",r","10",",r","5",",r","0",",r","","","0",",r","20",",r","1",",r","0",",r","0",",r","19990507",",,r","","","19990523",",,r","19990526",",,r","-11.6",",r,07,","","","5.6",",,r,23,","15.0",",r,26,","","","494.5",",r","22.6",",,,r","2.38",",r","6.85",",,,r","-2.09",",,,r"
"RSM00024343","1999-06","66.7667","123.4","88.0","ZHIGANSK, RS","6.5","r","6.5",",r","13",",r","7",",r","0",",r","","","0",",r","2",",r","0",",r","11",",r","0",",r","19990601",",,r","","","19990630",",,r","19990618",",,r","-3.0",",r,01,","","","14.0",",,r,30,","27.8",",r,18,","","","149.6",",r","56.3",",,,r","13.56",",r","18.85",",,,r","8.27",",,,r"
"RSM00024343","1999-07","66.7667","123.4","88.0","ZHIGANSK, RS","62.0","r","55.5",",r","9",",r","3",",r","0",",r","","","0",",r","0",",r","0",",r","17",",r","0",",r","19990710",",,r","","","19990704",",,r","19990716",",,r","5.1",",r,10,","","","8.2",",,r,04,","31.9",",r,16,","68.6","r","68.6",",r","20.4",",,,r","17.91",",r","23.77",",,,r","12.04",",,,r"
"RSM00024343","1999-08","66.7667","123.4","88.0","ZHIGANSK, RS","62.0","r","0.0",",r","10",",r","10",",r","0",",r","","","0",",r","1",",r","0",",r","6",",r","0",",r","19990819",",,r","","","19990806",",,r","19990825",",,r","-0.3",",r,19,","","","22.6",",,r,06,","23.6",",r,25,","286.3","r","217.7",",r","75.2",",,,r","11.31",",r","16.75",",,,r","5.87",",,,r"
"RSM00024343","1999-09","66.7667","123.4","88.0","ZHIGANSK, RS","62.0","r","0.0",",r","10",",r","2",",r","0",",r","","","0",",r","16",",r","2",",r","0",",r","0",",r","19990930",",,r","","","19990929",",,r","19990901",",,r","-11.5",",r,30,","","","3.0",",,r,29,","19.6",",r,01,","711.8","r","425.5",",r","14.7",",,,r","4.15",",r","9.01",",,,r","-0.71",",,,r"
"RSM00024343","1999-10","66.7667","123.4","88.0","ZHIGANSK, RS","62.0","r","0.0",",r","21",",r","3",",r","0",",r","","","11",",r","31",",r","31",",r","0",",r","0",",r","19991018",",,r","","","19991013","+,,r","19991004",",,r","-26.0",",r,18,","","","4.2",",,r,13,+","-3.2",",r,04,","1647.3","r","935.5",",r","29.2",",,,r","-11.84",",r","-8.39",",,,r","-15.30",",,,r"
"RSM00024343","1999-11","66.7667","123.4","88.0","ZHIGANSK, RS","","","","","16",",r","4",",r","0",",r","29","1,","","","","","","","","","","","","","19991124","+,1,S","19991102",",,r","","","","","290","1,,S,24,+","6.9",",,r,02,","","","","","","","30.1",",,,r","","","","","",""
"RSM00024343","1999-12","66.7667","123.4","88.0","ZHIGANSK, RS","","","0.0",",r","12",",r","1",",r","0",",r","29","2,","31",",r","31",",r","31",",r","0",",r","0",",r","19991209",",,r","19991224","+,2,S","19991218",",,r","19991225",",,r","-51.4",",r,09,","320","2,,S,24,+","2.6",",,r,18,","-15.6",",r,25,","","","1702.0",",r","13.2",",,,r","-36.57",",r","-33.62",",,,r","-39.52",",,,r"
"RSM00024343","2000-01","66.7667","123.4","88.0","ZHIGANSK, RS","0.0","r","0.0",",r","13",",r","0",",r","0",",r","30","1,","31",",r","31",",r","31",",r","0",",r","0",",r","20000117",",,r","20000131","+,1,S","20000115",",,r","20000110",",,r","-48.2",",r,17,","259","1,,S,31,+","1.5",",,r,15,","-28.9",",r,10,","","","1745.2",",r","8.3",",,,r","-37.96",",r","-34.47",",,,r","-41.45",",,,r"
"RSM00024343","2000-02","66.7667","123.4","88.0","ZHIGANSK, RS","0.0","r","0.0",",r","3",",r","0",",r","0",",r","28","1,","29",",r","29",",r","29",",r","0",",r","0",",r","20000227",",,r","20000203",",1,S","20000213",",,r","20000211",",,r","-44.9",",r,27,","371","1,,S,03,","0.8",",,r,13,","-18.8",",r,11,","","","1473.1",",r","2.6",",,,r","-32.46",",r","-28.03",",,,r","-36.89",",,,r"
"RSM00024343","2000-03","66.7667","123.4","88.0","ZHIGANSK, RS","0.0","r","0.0",",r","4",",r","1",",r","0",",r","31",",","30",",r","31",",r","31",",r","0",",r","0",",r","20000302","+,,r","20000330",",,S","20000330",",,r","20000331",",,r","-40.1",",r,02,+","340",",,S,30,","3.2",",,r,30,","-5.6",",r,31,","","","1271.0",",r","5.9",",,,r","-22.67",",r","-17.16",",,,r","-28.17",",,,r"
"RSM00024343","2000-04","66.7667","123.4","88.0","ZHIGANSK, RS","0.0","r","0.0",",r","8",",r","1",",r","0",",r","29",",","7",",r","28",",r","16",",r","0",",r","0",",r","20000409",",,r","20000414","+,,S","20000428",",,r","20000424",",,r","-26.8",",r,09,","310",",,S,14,+","3.1",",,r,28,","6.9",",r,24,","","","741.3",",r","11.4",",,,r","-6.38",",r","-1.07",",,,r","-11.68",",,,r"
"RSM00024343","2000-05","66.7667","123.4","88.0","ZHIGANSK, RS","0.0","r","0.0",",r","6",",r","2",",r","0",",r","","","0",",r","19",",r","3",",r","0",",r","0",",r","20000503",",,r","","","20000512",",,r","20000530",",,r","-14.8",",r,03,","","","9.3",",,r,12,","17.8",",r,30,","","","474.3",",r","17.1",",,,r","3.03",",r","8.14",",,,r","-2.07",",,,r"
"RSM00024343","2000-06","66.7667","123.4","88.0","ZHIGANSK, RS","9.4","r","9.4",",r","18",",r","11",",r","0",",r","","","0",",r","1",",r","0",",r","7",",r","0",",r","20000622",",,r","","","20000615",",,r","20000619",",,r","-0.6",",r,22,","","","19.4",",,r,15,","30.8",",r,19,","","","186.6",",r","106.6",",,,r","12.43",",r","17.49",",,,r","7.36",",,,r"
"RSM00024343","2000-07","66.7667","123.4","88.0","ZHIGANSK, RS","17.1","r","7.7",",r","12",",r","8",",r","1",",r","","","0",",r","0",",r","0",",r","13",",r","0",",r","20000707",",,r","","","20000728",",,r","20000726",",,r","3.8",",r,07,","","","73.7",",,r,28,","26.8",",r,26,","108.0","r","108.0",",r","136.2",",,,r","15.10",",r","19.73",",,,r","10.46",",,,r"
"RSM00024343","2000-08","66.7667","123.4","88.0","ZHIGANSK, RS","18.4","r","1.3",",r","6",",r","4",",r","0",",r","","","0",",r","4",",r","0",",r","5",",r","0",",r","20000825",",,r","","","20000809",",,r","20000808",",,r","-1.5",",r,25,","","","17.7",",,r,09,","25.9",",r,08,","338.9","r","230.9",",r","45.1",",,,r","10.93",",r","16.16",",,,r","5.69",",,,r"
"RSM00024343","2000-09","66.7667","123.4","88.0","ZHIGANSK, RS","18.4","r","0.0",",r","16",",r","9",",r","0",",r","","","0",",r","14",",r","0",",r","0",",r","0",",r","20000928",",,r","","","20000926",",,r","20000903",",,r","-6.9",",r,28,","","","13.7",",,r,26,","11.5",",r,03,","802.8","r","463.9",",r","69.0",",,,r","2.87",",r","5.72",",,,r","0.02",",,,r"
"RSM00024343","2000-10","66.7667","123.4","88.0","ZHIGANSK, RS","18.4","r","0.0",",r","13",",r","4",",r","0",",r","27","4,","17",",r","30",",r","25",",r","0",",r","0",",r","20001031",",,r","20001011",",4,S","20001011",",,r","20001002",",,r","-32.1",",r,31,","170","4,,S,11,","11.7",",,r,11,","4.9",",r,02,","1812.8","r","1010.0",",r","28.5",",,,r","-14.25",",r","-10.84",",,,r","-17.65",",,,r"
"RSM00024343","2000-11","66.7667","123.4","88.0","ZHIGANSK, RS","18.4","r","0.0",",r","14",",r","1",",r","0",",r","27","3,","30",",r","30",",r","30",",r","0",",r","0",",r","20001128",",,r","20001130","+,3,S","20001108",",,r","20001118",",,r","-42.2",",r,28,","191","3,,S,30,+","3.7",",,r,08,","-17.1",",r,18,","3215.5","r","1402.7",",r","15.2",",,,r","-28.42",",r","-25.32",",,,r","-31.53",",,,r"
"RSM00024343","2000-12","66.7667","123.4","88.0","ZHIGANSK, RS","18.4","r","0.0",",r","7",",r","1",",r","0",",r","31",",","31",",r","31",",r","31",",r","0",",r","0",",r","20001228","+,,r","20001224",",,S","20001210",",,r","20001222",",,r","-48.1",",r,28,+","231",",,S,24,","2.5",",,r,10,","-29.9",",r,22,","5072.0","r","1856.5",",r","6.8",",,,r","-41.55",",r","-38.92",",,,r","-44.18",",,,r"
"RSM00024343","2001-01","66.7667","123.4","88.0","ZHIGANSK, RS","0.0","r","0.0",",r","12",",r","1",",r","0",",r","29","2,","31",",r","31",",r","31",",r","0",",r","0",",r","20010101",",,r","20010121",",2,S","20010123",",,r","20010123",",,r","-48.4",",r,01,","239","2,,S,21,","2.5",",,r,23,","-24.9",",r,23,","6821.7","r","1749.7",",r","13.0",",,,r","-38.11",",r","-35.42",",,,r","-40.80",",,,r"
"RSM00024343","2001-02","66.7667","123.4","88.0","ZHIGANSK, RS","0.0","r","0.0",",r","7",",r","1",",r","0",",r","27","1,","28",",r","28",",r","28",",r","0",",r","0",",r","20010202",",,r","20010225",",1,S","20010213",",,r","20010225",",,r","-49.3",",r,02,","269","1,,S,25,","2.5",",,r,13,","-25.4",",r,25,","8413.5","r","1591.8",",r","6.6",",,,r","-38.52",",r","-35.53",",,,r","-41.50",",,,r"
"RSM00024343","2001-03","66.7667","123.4","88.0","ZHIGANSK, RS","0.0","r","0.0",",r","6",",r","1",",r","0",",r","31",",","28",",r","31",",r","31",",r","0",",r","0",",r","20010304",",,r","20010313",",,S","20010312",",,r","20010329",",,r","-38.1",",r,04,","269",",,S,13,","4.9",",,r,12,","-3.5",",r,29,","9707.7","r","1294.2",",r","8.8",",,,r","-23.42",",r","-18.77",",,,r","-28.06",",,,r"
"RSM00024343","2001-04","66.7667","123.4","88.0","ZHIGANSK, RS","0.0","r","0.0",",r","11",",r","4",",r","0",",r","27","3,","19",",r","30",",r","25",",r","0",",r","0",",r","20010415",",,r","20010415",",3,S","20010424",",,r","20010426",",,r","-32.0",",r,15,","340","3,,S,15,","6.9",",,r,24,","5.6",",r,26,","10661.7","r","954.0",",r","27.5",",,,r","-13.47",",r","-7.00",",,,r","-19.93",",,,r"
"RSM00024343","2001-05","66.7667","123.4","88.0","ZHIGANSK, RS","0.0","r","0.0",",r","11",",r","5",",r","0",",r","","","0",",r","14",",r","1",",r","0",",r","0",",r","20010514",",,r","","","20010531",",,r","20010523",",,r","-9.0",",r,14,","","","9.1",",,r,31,","17.8",",r,23,","11110.2","r","448.5",",r","33.9",",,,r","3.87",",r","8.28",",,,r","-0.55",",,,r"
"RSM00024343","2001-06","66.7667","123.4","88.0","ZHIGANSK, RS","2.4","r","2.4",",r","7",",r","2",",r","0",",r","","","0",",r","3",",r","0",",r","15",",r","0",",r","20010604",",,r","","","20010601",",,r","20010609",",,r","-2.7",",r,04,","","","3.4",",,r,01,","26.7",",r,09,","11261.0","r","150.8",",r","10.1",",,,r","13.39",",r","19.10",",,,r","7.68",",,,r"
"RSM00024343","2001-07","66.7667","123.4","88.0","ZHIGANSK, RS","74.8","r","72.4",",r","6",",r","2",",r","0",",r","","","0",",r","0",",r","0",",r","30",",r","0",",r","20010730",",,r","","","20010706",",,r","20010702",",,r","9.2",",r,30,","","","7.2",",,r,06,","31.0",",r,02,","5.4","r","5.4",",r","16.6",",,,r","20.50",",r","26.25",",,,r","14.75",",,,r"
"RSM00024343","2001-08","66.7667","123.4","88.0","ZHIGANSK, RS","76.6","r","1.8",",r","10",",r","6",",r","0",",r","","","0",",r","4",",r","0",",r","4",",r","0",",r","20010830",",,r","","","20010804",",,r","20010801",",,r","-1.9",",r,30,","","","24.2",",,r,04,","26.3",",r,01,","230.5","r","225.1",",r","70.8",",,,r","11.13",",r","16.71",",,,r","5.55",",,,r"
"RSM00024343","2001-10","66.7667","123.4","88.0","ZHIGANSK, RS","","","","","","","","","","","28","3,","","","","","","","","","","","","","20011020","+,3,S","","","","","","","239","3,,S,20,+","","","","","","","","","","","","","","","",""
"RSM00024343","2001-11","66.7667","123.4","88.0","ZHIGANSK, RS","","","","","18",",r","8",",r","0",",r","29","1,","","","","","","","","","","","","","20011124","+,1,S","20011114",",,r","","","","","409","1,,S,24,+","4.6",",,r,14,","","","","","","","39.0",",,,r","","","","","",""
"RSM00024343","2001-12","66.7667","123.4","88.0","ZHIGANSK, RS","","","0.0",",r","16",",r","1",",r","0",",r","30","1,","31",",r","31",",r","31",",r","0",",r","0",",r","20011231",",,r","20011231","+,1,S","20011224",",,r","20011224",",,r","-46.8",",r,31,","391","1,,S,31,+","3.0",",,r,24,","-21.7",",r,24,","","","1660.0",",r","22.4",",,,r","-35.22",",r","-32.46",",,,r","-37.97",",,,r"
"RSM00024343","2002-01","66.7667","123.4","88.0","ZHIGANSK, RS","0.0","r","0.0",",r","21",",r","1",",r","0",",r","29","2,","31",",r","31",",r","31",",r","0",",r","0",",r","20020126",",,r","20020122",",2,S","20020122",",,r","20020122",",,r","-52.3",",r,26,","399","2,,S,22,","2.9",",,r,22,","-20.2",",r,22,","","","1679.1",",r","20.5",",,,r","-35.83",",r","-32.49",",,,r","-39.17",",,,r"
"RSM00024343","2002-02","66.7667","123.4","88.0","ZHIGANSK, RS","0.0","r","0.0",",r","17",",r","5",",r","0",",r","26","2,","28",",r","28",",r","28",",r","0",",r","0",",r","20020209",",,r","20020228","+,2,S","20020219",",,r","20020221",",,r","-51.4",",r,09,","419","2,,S,28,+","4.9",",,r,19,","-13.7",",r,21,","","","1441.9",",r","28.6",",,,r","-33.16",",r","-28.78",",,,r","-37.55",",,,r"
"RSM00024343","2002-03","66.7667","123.4","88.0","ZHIGANSK, RS","0.0","r","0.0",",r","6",",r","2",",r","0",",r","30","1,","27",",r","31",",r","31",",r","0",",r","0",",r","20020303",",,r","20020309","+,1,S","20020312",",,r","20020312",",,r","-39.3",",r,03,","419","1,,S,09,+","5.1",",,r,12,","-5.8",",r,12,","","","1176.4",",r","14.4",",,,r","-19.62",",r","-13.74",",,,r","-25.49",",,,r"
"RSM00024343","2002-04","66.7667","123.4","88.0","ZHIGANSK, RS","0.0","r","0.0",",r","5",",r","3",",r","0",",r","28","2,","14",",r","30",",r","23",",r","0",",r","0",",r","20020422","+,,r","20020429",",2,S","20020425",",,r","20020424",",,r","-25.9",",r,22,+","381","2,,S,29,","4.1",",,r,25,","3.8",",r,24,","","","859.5",",r","13.4",",,,r","-10.32",",r","-3.69",",,,r","-16.95",",,,r"
"RSM00024343","2002-05","66.7667","123.4","88.0","ZHIGANSK, RS","0.0","r","0.0",",r","12",",r","3",",r","0",",r","18","2,","1",",r","25",",r","4",",r","0",",r","0",",r","20020501",",,r","20020504",",2,S","20020506",",,r","20020531",",,r","-19.7",",r,01,","381","2,,S,04,","6.6",",,r,06,","19.0",",r,31,","","","565.9",",r","23.1",",,,r","0.08",",r","4.99",",,,r","-4.83",",,,r"
"RSM00024343","2002-06","66.7667","123.4","88.0","ZHIGANSK, RS","9.5","r","9.5",",r","12",",r","5",",r","0",",r","","","0",",r","0",",r","0",",r","14",",r","0",",r","20020606",",,r","","","20020626",",,r","20020630",",,r","2.4",",r,06,","","","15.9",",,r,26,","30.4",",r,30,","","","123.1",",r","56.1",",,,r","14.55",",r","20.00",",,,r","9.10",",,,r"
"RSM00024343","2002-07","66.7667","123.4","88.0","ZHIGANSK, RS","38.5","r","29.0",",r","10",",r","4",",r","0",",r","","","0",",r","0",",r","0",",r","20",",r","0",",r","20020718",",,r","","","20020726",",,r","20020710",",,r","3.8",",r,18,","","","19.0",",,r,26,","30.0",",r,10,","69.2","r","69.2",",r","40.0",",,,r","17.04",",r","22.46",",,,r","11.61",",,,r"
"RSM00024343","2002-08","66.7667","123.4","88.0","ZHIGANSK, RS","39.3","r","0.8",",r","9",",r","2",",r","0",",r","","","0",",r","0",",r","0",",r","9",",r","0",",r","20020825",",,r","","","20020827",",,r","20020802",",,r","0.5",",r,25,","","","6.3",",,r,27,","25.2",",r,02,","216.3","r","147.1",",r","19.5",",,,r","13.61",",r","18.25",",,,r","8.97",",,,r"
"RSM00024343","2002-09","66.7667","123.4","88.0","ZHIGANSK, RS","39.3","r","0.0",",r","20",",r","10",",r","0",",r","","","0",",r","20",",r","8",",r","0",",r","0",",r","20020926",",,r","","","20020924",",,r","20020908",",,r","-17.1",",r,26,","","","9.4",",,r,24,","15.8",",r,08,","721.7","r","505.4",",r","68.1",",,,r","1.49",",r","5.46",",,,r","-2.48",",,,r"
"RSM00024343","2002-10","66.7667","123.4","88.0","ZHIGANSK, RS","39.3","r","0.0",",r","9",",r","1",",r","0",",r","","","7",",r","31",",r","29",",r","0",",r","0",",r","20021016",",,r","","","20021009",",,r","20021007",",,r","-24.5",",r,16,","","","8.5",",,r,09,","1.2",",r,07,","1603.5","r","881.8",",r","15.2",",,,r","-10.11",",r","-7.07",",,,r","-13.15",",,,r"
"RSM00024343","2002-11","66.7667","123.4","88.0","ZHIGANSK, RS","39.3","r","0.0",",r","16",",r","4",",r","0",",r","27","3,","29",",r","30",",r","30",",r","0",",r","0",",r","20021130",",,r","20021130","+,3,S","20021104",",,r","20021105",",,r","-39.6",",r,30,","249","3,,S,30,+","5.7",",,r,04,","-13.8",",r,05,","2901.7","r","1298.2",",r","31.2",",,,r","-24.94",",r","-21.94",",,,r","-27.94",",,,r"
"RSM00024343","2002-12","66.7667","123.4","88.0","ZHIGANSK, RS","39.3","r","0.0",",r","8",",r","0",",r","0",",r","27","4,","31",",r","31",",r","31",",r","0",",r","0",",r","20021206",",,r","20021212",",4,S","20021212",",,r","20021210",",,r","-52.0",",r,06,","269","4,,S,12,","1.9",",,r,12,","-28.1",",r,10,","4741.4","r","1839.7",",r","6.0",",,,r","-41.01",",r","-38.08",",,,r","-43.94",",,,r"
"RSM00024343","2003-01","66.7667","123.4","88.0","ZHIGANSK, RS","0.0","r","0.0",",r","16",",r","0",",r","0",",r","30","1,","31",",r","31",",r","31",",r","0",",r","0",",r","20030119",",,r","20030107","+,1,S","20030115",",,r","20030131",",,r","-49.0",",r,19,","259","1,,S,07,+","2.1",",,r,15,","-28.4",",r,31,","6484.8","r","1743.4",",r","15.9",",,,r","-37.90",",r","-35.51",",,,r","-40.30",",,,r"
"RSM00024343","2003-02","66.7667","123.4","88.0","ZHIGANSK, RS","0.0","r","0.0",",r","14",",r","1",",r","0",",r","27","1,","28",",r","28",",r","28",",r","0",",r","0",",r","20030210",",,r","20030212","+,1,S","20030226",",,r","20030227",",,r","-46.4",",r,10,","269","1,,S,12,+","3.3",",,r,26,","-16.5",",r,27,","7853.5","r","1368.7",",r","17.4",",,,r","-30.55",",r","-27.10",",,,r","-34.00",",,,r"
"RSM00024343","2003-03","66.7667","123.4","88.0","ZHIGANSK, RS","0.0","r","0.0",",r","18",",r","3",",r","0",",r","31",",","20",",r","31",",r","31",",r","0",",r","0",",r","20030302",",,r","20030328","+,,S","20030316",",,r","20030329",",,r","-38.2",",r,02,","361",",,S,28,+","3.5",",,r,16,","-0.6",",r,29,","8955.5","r","1102.0",",r","21.1",",,,r","-17.22",",r","-12.07",",,,r","-22.36",",,,r"
"RSM00024343","2003-04","66.7667","123.4","88.0","ZHIGANSK, RS","0.0","r","0.0",",r","15",",r","6",",r","0",",r","30",",","9",",r","30",",r","22",",r","0",",r","0",",r","20030404",",,r","20030424",",,S","20030424",",,r","20030423","+,,r","-29.0",",r,04,","399",",,S,24,","6.8",",,r,24,","3.2",",r,23,+","9779.3","r","823.8",",r","36.4",",,,r","-9.13",",r","-3.80",",,,r","-14.46",",,,r"
"RSM00024343","2003-05","66.7667","123.4","88.0","ZHIGANSK, RS","0.0","r","0.0",",r","10",",r","3",",r","0",",r","19","5,","0",",r","26",",r","7",",r","0",",r","0",",r","20030502",",,r","20030503",",5,S","20030520",",,r","20030512",",,r","-14.2",",r,02,","419","5,,S,03,","5.0",",,r,20,","13.3",",r,12,","10337.6","r","558.3",",r","20.3",",,,r","0.32",",r","4.46",",,,r","-3.81",",,,r"
"RSM00024343","2003-06","66.7667","123.4","88.0","ZHIGANSK, RS","3.3","r","3.3",",r","10",",r","5",",r","0",",r","","","0",",r","3",",r","0",",r","4",",r","0",",r","20030606",",,r","","","20030604",",,r","20030627",",,r","-2.0",",r,06,","","","16.3",",,r,04,","29.8",",r,27,","10584.2","r","246.6",",r","47.9",",,,r","10.23",",r","15.24",",,,r","5.21",",,,r"
"RSM00024343","2003-07","66.7667","123.4","88.0","ZHIGANSK, RS","46.3","r","43.0",",r","13",",r","8",",r","0",",r","","","0",",r","0",",r","0",",r","21",",r","0",",r","20030705",",,r","","","20030723",",,r","20030722",",,r","5.0",",r,05,","","","16.8",",,r,23,","31.7",",r,22,","59.4","r","59.4",",r","54.7",",,,r","17.80",",r","23.40",",,,r","12.20",",,,r"
"RSM00024343","2003-08","66.7667","123.4","88.0","ZHIGANSK, RS","55.7","r","9.4",",r","7",",r","6",",r","0",",r","","","0",",r","1",",r","0",",r","7",",r","0",",r","20030827",",,r","","","20030828",",,r","20030809",",,r","-0.3",",r,27,","","","15.1",",,r,28,","28.3",",r,09,","259.2","r","199.8",",r","45.9",",,,r","12.19",",r","16.82",",,,r","7.57",",,,r"
"RSM00024343","2003-09","66.7667","123.4","88.0","ZHIGANSK, RS","55.7","r","0.0",",r","12",",r","2",",r","0",",r","","","0",",r","14",",r","0",",r","3",",r","0",",r","20030917",",,r","","","20030921",",,r","20030905",",,r","-2.3",",r,17,","","","9.4",",,r,21,","23.4",",r,05,","630.3","r","371.1",",r","24.8",",,,r","5.96",",r","9.79",",,,r","2.13",",,,r"
"RSM00024343","2003-10","66.7667","123.4","88.0","ZHIGANSK, RS","55.7","r","0.0",",r","22",",r","8",",r","0",",r","30","1,","7",",r","31",",r","25",",r","0",",r","0",",r","20031031",",,r","20031031","+,1,S","20031006",",,r","20031005","+,,r","-29.7",",r,31,","231","1,,S,31,+","15.3",",,r,06,","2.5",",r,05,+","1515.4","r","885.1",",r","71.1",",,,r","-10.22",",r","-7.18",",,,r","-13.25",",,,r"
"RSM00024343","2003-11","66.7667","123.4","88.0","ZHIGANSK, RS","55.7","r","0.0",",r","11",",r","0",",r","0",",r","29","1,","30",",r","30",",r","30",",r","0",",r","0",",r","20031127",",,r","20031123","+,1,S","20031105",",,r","20031105",",,r","-42.2",",r,27,","310","1,,S,23,+","2.3",",,r,05,","-17.7",",r,05,","2971.1","r","1455.7",",r","12.5",",,,r","-30.19",",r","-26.79",",,,r","-33.59",",,,r"
"RSM00024343","2003-12","66.7667","123.4","88.0","ZHIGANSK, RS","55.7","r","0.0",",r","16","1,r","3","1,r","0","1,r","31",",","31",",r","31",",r","31",",r","0",",r","0",",r","20031224",",,r","20031218","+,,S","20031211",",1,r","20031212",",,r","-47.7",",r,24,","381",",,S,18,+","7.1","1,,r,11,","-16.1",",r,12,","4593.2","r","1622.1",",r","27.2","1,,,r","-33.99",",r","-30.90",",,,r","-37.08",",,,r"
"RSM00024343","2004-01","66.7667","123.4","88.0","ZHIGANSK, RS","0.0","r","0.0",",r","14",",r","1",",r","0",",r","29","2,","31",",r","31",",r","31",",r","0",",r","0",",r","20040119",",,r","20040125","+,2,S","20040125",",,r","20040115",",,r","-49.2",",r,19,","381","2,,S,25,+","2.6",",,r,25,","-27.1",",r,15,","6391.7","r","1798.5",",r","14.7",",,,r","-39.68",",r","-36.50",",,,r","-42.87",",,,r"
"RSM00024343","2004-02","66.7667","123.4","88.0","ZHIGANSK, RS","0.0","r","0.0",",r","7",",r","0",",r","0",",r","29",",","29",",r","29",",r","29",",r","0",",r","0",",r","20040211",",,r","20040229","+,,S","20040204",",,r","20040229",",,r","-50.8",",r,11,","399",",,S,29,+","2.0",",,r,04,","-26.4",",r,29,","8018.7","r","1627.0",",r","6.9",",,,r","-37.77",",r","-34.24",",,,r","-41.30",",,,r"
"RSM00024343","2004-03","66.7667","123.4","88.0","ZHIGANSK, RS","0.0","r","0.0",",r","6",",r","1",",r","0",",r","31",",","28",",r","31",",r","31",",r","0",",r","0",",r","20040302",",,r","20040315","+,,S","20040309",",,r","20040314",",,r","-41.6",",r,02,","490",",,S,15,+","6.1",",,r,09,","-6.8",",r,14,","9354.3","r","1335.6",",r","12.7",",,,r","-24.75",",r","-19.06",",,,r","-30.44",",,,r"
"RSM00024343","2004-04","66.7667","123.4","88.0","ZHIGANSK, RS","0.0","r","0.0",",r","2",",r","0",",r","0",",r","30",",","12",",r","30",",r","26",",r","0",",r","0",",r","20040403","+,,r","20040407","+,,S","20040428",",,r","20040427",",,r","-24.0",",r,03,+","450",",,S,07,+","2.0",",,r,28,","6.2",",r,27,","10201.3","r","847.0",",r","3.6",",,,r","-9.90",",r","-3.81",",,,r","-15.99",",,,r"
"RSM00024343","2004-05","66.7667","123.4","88.0","ZHIGANSK, RS","0.0","r","0.0",",r","2",",r","0",",r","0",",r","","","0",",r","25",",r","7",",r","0",",r","0",",r","20040503",",,r","","","20040523",",,r","20040521",",,r","-17.0",",r,03,","","","1.7",",,r,23,","11.4",",r,21,","10769.3","r","568.0",",r","2.1",",,,r","0.01",",r","4.41",",,,r","-4.38",",,,r"
"RSM00024343","2004-06","66.7667","123.4","88.0","ZHIGANSK, RS","0.0","r","0.0",",r","7",",r","4",",r","0",",r","","","0",",r","2",",r","0",",r","1",",r","0",",r","20040603",",,r","","","20040618",",,r","20040627",",,r","-3.5",",r,03,","","","9.0",",,r,18,","21.7",",r,27,","11045.4","r","276.1",",r","31.0",",,,r","9.13",",r","14.01",",,,r","4.25",",,,r"
"RSM00024343","2004-07","66.7667","123.4","88.0","ZHIGANSK, RS","13.7","r","13.7",",r","4",",r","2",",r","0",",r","","","0",",r","0",",r","0",",r","13",",r","0",",r","20040728",",,r","","","20040704",",,r","20040708",",,r","1.4",",r,28,","","","7.4",",,r,04,","28.1",",r,08,","139.4","r","139.4",",r","13.1",",,,r","14.28",",r","19.67",",,,r","8.89",",,,r"
"RSM00024343","2004-08","66.7667","123.4","88.0","ZHIGANSK, RS","13.7","r","0.0",",r","9",",r","3",",r","0",",r","","","0",",r","1",",r","0",",r","3",",r","0",",r","20040828",",,r","","","20040814",",,r","20040808",",,r","-0.7",",r,28,","","","11.3",",,r,14,","23.8",",r,08,","340.5","r","201.1",",r","30.3",",,,r","11.85",",r","16.50",",,,r","7.19",",,,r"
"RSM00024343","2004-09","66.7667","123.4","88.0","ZHIGANSK, RS","13.7","r","0.0",",r","12",",r","6",",r","0",",r","","","0",",r","20",",r","5",",r","0",",r","0",",r","20040927",",,r","","","20040909",",,r","20040910",",,r","-12.3",",r,27,","","","15.3",",,r,09,","14.6",",r,10,","793.7","r","453.2",",r","44.7",",,,r","3.23",",r","7.27",",,,r","-0.82",",,,r"
"RSM00024343","2004-10","66.7667","123.4","88.0","ZHIGANSK, RS","13.7","r","0.0",",r","16",",r","4",",r","0",",r","30","1,","13",",r","31",",r","31",",r","0",",r","0",",r","20041030",",,r","20041022","+,1,S","20041017",",,r","20041006","+,,r","-37.5",",r,30,","170","1,,S,22,+","7.0",",,r,17,","-1.9",",r,06,+","1799.1","r","1005.4",",r","31.5",",,,r","-14.10",",r","-10.69",",,,r","-17.50",",,,r"
"RSM00024343","2004-11","66.7667","123.4","88.0","ZHIGANSK, RS","13.7","r","0.0",",r","23",",r","6",",r","0",",r","28","2,","28",",r","30",",r","30",",r","0",",r","0",",r","20041130",",,r","20041124",",2,S","20041117",",,r","20041103",",,r","-46.9",",r,30,","361","2,,S,24,","7.7",",,r,17,","-9.9",",r,03,","3090.4","r","1291.3",",r","55.2",",,,r","-24.71",",r","-21.41",",,,r","-28.01",",,,r"
"RSM00024343","2004-12","66.7667","123.4","88.0","ZHIGANSK, RS","13.7","r","0.0",",r","15",",r","2",",r","0",",r","30","1,","31",",r","31",",r","31",",r","0",",r","0",",r","20041220","+,,r","20041231","+,1,S","20041222",",,r","20041225",",,r","-53.0",",r,20,+","371","1,,S,31,+","6.3",",,r,22,","-19.2",",r,25,","4986.2","r","1895.8",",r","19.7",",,,r","-42.82",",r","-40.15",",,,r","-45.49",",,,r"
"RSM00024343","2005-01","66.7667","123.4","88.0","ZHIGANSK, RS","0.0","r","0.0",",r","10",",r","0",",r","0",",r","31",",","31",",r","31",",r","31",",r","0",",r","0",",r","20050119",",,r","20050131","+,,S","20050104",",,r","20050127",",,r","-47.9",",r,19,","399",",,S,31,+","1.8",",,r,04,","-22.6",",r,27,","6756.9","r","1770.7",",r","10.0",",,,r","-38.79",",r","-35.25",",,,r","-42.33",",,,r"
"RSM00024343","2005-02","66.7667","123.4","88.0","ZHIGANSK, RS","0.0","r","0.0",",r","4",",r","0",",r","0",",r","28",",","28",",r","28",",r","28",",r","0",",r","0",",r","20050219",",,r","20050228","+,,S","20050204",",,r","20050213",",,r","-47.4",",r,19,","409",",,S,28,+","1.2",",,r,04,","-22.1",",r,13,","8252.8","r","1495.9",",r","2.9",",,,r","-35.09",",r","-30.95",",,,r","-39.23",",,,r"
"RSM00024343","2005-03","66.7667","123.4","88.0","ZHIGANSK, RS","0.0","r","0.0",",r","9",",r","2",",r","0",",r","31",",","29",",r","31",",r","31",",r","0",",r","0",",r","20050301",",,r","20050309","+,,S","20050304",",,r","20050329",",,r","-40.9",",r,01,","419",",,S,09,+","6.5",",,r,04,","-5.4",",r,29,","9539.9","r","1287.1",",r","16.5",",,,r","-23.19",",r","-17.60",",,,r","-28.77",",,,r"
"RSM00024343","2005-04","66.7667","123.4","88.0","ZHIGANSK, RS","0.0","r","0.0",",r","10",",r","4",",r","0",",r","30",",","6",",r","30",",r","8",",r","0",",r","0",",r","20050406",",,r","20050406","+,,S","20050404",",,r","20050420",",,r","-24.3",",r,06,","450",",,S,06,+","6.8",",,r,04,","5.2",",r,20,","10229.6","r","689.7",",r","30.0",",,,r","-4.66",",r","1.36",",,,r","-10.68",",,,r"
"RSM00024343","2005-05","66.7667","123.4","88.0","ZHIGANSK, RS","0.0","r","0.0",",r","7",",r","4",",r","0",",r","","","0",",r","20",",r","0",",r","0",",r","0",",r","20050514",",,r","","","20050529",",,r","20050508","+,,r","-6.7",",r,14,","","","13.0",",,r,29,","16.5",",r,08,+","10654.9","r","425.3",",r","29.8",",,,r","4.61",",r","9.64",",,,r","-0.41",",,,r"
"RSM00024343","2005-06","66.7667","123.4","88.0","ZHIGANSK, RS","14.0","r","14.0",",r","5",",r","2",",r","0",",r","","","0",",r","0",",r","0",",r","17",",r","0",",r","20050614","+,,r","","","20050616",",,r","20050630",",,r","3.0",",r,14,+","","","4.7",",,r,16,","30.0",",r,30,","10763.1","r","108.2",",r","8.9",",,,r","15.19",",r","21.01",",,,r","9.37",",,,r"
"RSM00024343","2005-07","66.7667","123.4","88.0","ZHIGANSK, RS","50.2","r","36.2",",r","8",",r","4",",r","0",",r","","","0",",r","0",",r","0",",r","17",",r","0",",r","20050729",",,r","","","20050731",",,r","20050701",",,r","0.9",",r,29,","","","20.7",",,r,31,","31.4",",r,01,","92.8","r","92.8",",r","56.6",",,,r","16.50",",r","21.57",",,,r","11.44",",,,r"
"RSM00024343","2005-08","66.7667","123.4","88.0","ZHIGANSK, RS","50.2","r","0.0",",r","18",",r","11",",r","1",",r","","","0",",r","2",",r","0",",r","0",",r","0",",r","20050829",",,r","","","20050807",",,r","20050814",",,r","-1.0",",r,29,","","","34.4",",,r,07,","18.9",",r,14,","352.6","r","259.8",",r","167.6",",,,r","9.95",",r","13.78",",,,r","6.12",",,,r"
"RSM00024343","2005-10","66.7667","123.4","88.0","ZHIGANSK, RS","","","","","25",",r","7",",r","0",",r","28","3,","","","","","","","","","","","","","20051017",",3,S","20051009",",,r","","","","","330","3,,S,17,","14.9",",,r,09,","","","","","","","74.6",",,,r","","","","","",""
"RSM00024343","2005-11","66.7667","123.4","88.0","ZHIGANSK, RS","","","0.0",",r","9",",r","0",",r","0",",r","30",",","28",",r","30",",r","30",",r","0",",r","0",",r","20051130",",,r","20051130","+,,S","20051120",",,r","20051101",",,r","-41.1",",r,30,","351",",,S,30,+","2.4",",,r,20,","-6.5",",r,01,","","","1251.8",",r","9.0",",,,r","-23.39",",r","-19.68",",,,r","-27.11",",,,r"
"RSM00024343","2005-12","66.7667","123.4","88.0","ZHIGANSK, RS","","","0.0",",r","8",",r","1",",r","0",",r","30","1,","31",",r","31",",r","31",",r","0",",r","0",",r","20051221",",,r","20051224","+,1,S","20051213",",,r","20051206",",,r","-45.6",",r,21,","381","1,,S,24,+","2.5",",,r,13,","-12.6",",r,06,","","","1510.0",",r","10.9",",,,r","-30.38",",r","-26.77",",,,r","-33.98",",,,r"
"RSM00024343","2006-01","66.7667","123.4","88.0","ZHIGANSK, RS","0.0","r","0.0",",r","12",",r","2",",r","0",",r","31",",","31",",r","31",",r","31",",r","0",",r","0",",r","20060110",",,r","20060131","+,,S","20060122","+,,r","20060129","+,,r","-49.7",",r,10,","371",",,S,31,+","3.0",",,r,22,+","-33.0",",r,29,+","","","1867.1",",r","13.2",",,,r","-41.90",",r","-39.43",",,,r","-44.36",",,,r"
"RSM00024343","2006-02","66.7667","123.4","88.0","ZHIGANSK, RS","0.0","r","0.0",",r","10",",r","0",",r","0",",r","28",",","28",",r","28",",r","28",",r","0",",r","0",",r","20060212",",,r","20060228","+,,S","20060226",",,r","20060228",",,r","-45.0",",r,12,","409",",,S,28,+","1.3",",,r,26,","-20.8",",r,28,","","","1466.3",",r","9.6",",,,r","-34.04",",r","-30.28",",,,r","-37.80",",,,r"
"RSM00024343","2006-03","66.7667","123.4","88.0","ZHIGANSK, RS","0.0","r","0.0",",r","7",",r","1",",r","0",",r","30","1,","31",",r","31",",r","31",",r","0",",r","0",",r","20060305",",,r","20060331","+,1,S","20060313",",,r","20060331",",,r","-40.9",",r,05,","460","1,,S,31,+","5.9",",,r,13,","-8.8",",r,31,","","","1308.8",",r","15.7",",,,r","-23.89",",r","-18.93",",,,r","-28.84",",,,r"
"RSM00024343","2006-04","66.7667","123.4","88.0","ZHIGANSK, RS","0.0","r","0.0",",r","3",",r","1",",r","0",",r","30",",","23",",r","30",",r","29",",r","0",",r","0",",r","20060405",",,r","20060428","+,,S","20060420",",,r","20060420",",,r","-29.5",",r,05,","470",",,S,28,+","3.2",",,r,20,","1.5",",r,20,","","","1011.8",",r","4.6",",,,r","-15.40",",r","-10.03",",,,r","-20.76",",,,r"
"RSM00024343","2006-05","66.7667","123.4","88.0","ZHIGANSK, RS","0.0","r","0.0",",r","5",",r","1",",r","0",",r","","","0",",r","17",",r","5",",r","0",",r","0",",r","20060501",",,r","","","20060513",",,r","20060529",",,r","-13.8",",r,01,","","","3.0",",,r,13,","19.5",",r,29,","","","485.2",",r","9.1",",,,r","2.68",",r","7.36",",,,r","-2.00",",,,r"
"RSM00024343","2006-06","66.7667","123.4","88.0","ZHIGANSK, RS","1.5","r","1.5",",r","9",",r","6",",r","0",",r","","","0",",r","2",",r","0",",r","5",",r","0",",r","20060605",",,r","","","20060622",",,r","20060617",",,r","-0.5",",r,05,","","","13.5",",,r,22,","27.5",",r,17,","","","225.7",",r","50.5",",,,r","10.86",",r","16.15",",,,r","5.57",",,,r"
"RSM00024343","2006-07","66.7667","123.4","88.0","ZHIGANSK, RS","21.0","r","19.5",",r","16",",r","6",",r","0",",r","","","0",",r","0",",r","0",",r","17",",r","0",",r","20060720","+,,r","","","20060718",",,r","20060727",",,r","4.6",",r,20,+","","","14.6",",,r,18,","28.7",",r,27,","75.4","r","75.4",",r","50.8",",,,r","16.53",",r","21.73",",,,r","11.33",",,,r"
"RSM00024343","2006-08","66.7667","123.4","88.0","ZHIGANSK, RS","25.9","r","4.9",",r","13",",r","6",",r","0",",r","","","0",",r","1",",r","0",",r","10",",r","0",",r","20060831",",,r","","","20060811",",,r","20060804",",,r","-0.2",",r,31,","","","19.9",",,r,11,","26.6",",r,04,","265.7","r","190.3",",r","69.9",",,,r","12.35",",r","17.27",",,,r","7.43",",,,r"
"RSM00024343","2006-09","66.7667","123.4","88.0","ZHIGANSK, RS","25.9","r","0.0",",r","17",",r","6",",r","0",",r","","","0",",r","12",",r","0",",r","0",",r","0",",r","20060907",",,r","","","20060904",",,r","20060916",",,r","-6.0",",r,07,","","","21.9",",,r,04,","16.1",",r,16,","680.7","r","415.0",",r","57.0",",,,r","4.50",",r","8.25",",,,r","0.75",",,,r"
"RSM00024343","2006-10","66.7667","123.4","88.0","ZHIGANSK, RS","25.9","r","0.0",",r","20",",r","4",",r","0",",r","27","2,","10",",r","31",",r","28",",r","0",",r","0",",r","20061028",",,r","20061031","+,2,S","20061002",",,r","20061001",",,r","-32.9",",r,28,","180","2,,S,31,+","13.3",",,r,02,","3.8",",r,01,","1608.0","r","927.3",",r","47.4",",,,r","-11.58",",r","-8.44",",,,r","-14.72",",,,r"
"RSM00024343","2006-11","66.7667","123.4","88.0","ZHIGANSK, RS","25.9","r","0.0",",r","10",",r","0",",r","0",",r","30",",","30",",r","30",",r","30",",r","0",",r","0",",r","20061128",",,r","20061130","+,,S","20061117",",,r","20061112",",,r","-41.6",",r,28,","191",",,S,30,+","1.4",",,r,17,","-12.7",",r,12,","3014.6","r","1406.6",",r","9.0",",,,r","-28.56",",r","-25.41",",,,r","-31.70",",,,r"
"RSM00024343","2006-12","66.7667","123.4","88.0","ZHIGANSK, RS","25.9","r","0.0",",r","13",",r","5",",r","0",",r","31",",","31",",r","31",",r","31",",r","0",",r","0",",r","20061212",",,r","20061223",",,S","20061221",",,r","20061221",",,r","-43.5",",r,12,","409",",,S,23,","4.3",",,r,21,","-20.2",",r,21,","4570.7","r","1556.1",",r","23.0",",,,r","-31.86",",r","-28.79",",,,r","-34.94",",,,r"
"RSM00024343","2007-01","66.7667","123.4","88.0","ZHIGANSK, RS","0.0","r","0.0",",r","18",",r","4",",r","0",",r","31",",","31",",r","31",",r","31",",r","0",",r","0",",r","20070130",",,r","20070131","+,,S","20070122",",,r","20070126",",,r","-42.3",",r,30,","391",",,S,31,+","3.5",",,r,22,","-19.0",",r,26,","6113.8","r","1543.1",",r","28.1",",,,r","-31.45",",r","-27.94",",,,r","-34.95",",,,r"
"RSM00024343","2007-02","66.7667","123.4","88.0","ZHIGANSK, RS","0.0","r","0.0",",r","12",",r","0",",r","0",",r","28",",","28",",r","28",",r","28",",r","0",",r","0",",r","20070215",",,r","20070228","+,,S","20070201",",,r","20070228",",,r","-48.0",",r,15,","439",",,S,28,+","2.4",",,r,01,","-19.1",",r,28,","7695.4","r","1581.6",",r","11.0",",,,r","-38.15",",r","-34.64",",,,r","-41.67",",,,r"
"RSM00024343","2007-03","66.7667","123.4","88.0","ZHIGANSK, RS","0.0","r","0.0",",r","3",",r","0",",r","0",",r","29","2,","30",",r","31",",r","31",",r","0",",r","0",",r","20070302",",,r","20070322","+,2,S","20070305",",,r","20070330",",,r","-36.9",",r,02,","450","2,,S,22,+","1.1",",,r,05,","-3.5",",r,30,","8926.3","r","1230.9",",r","2.3",",,,r","-21.37",",r","-15.46",",,,r","-27.29",",,,r"
"RSM00024343","2007-04","66.7667","123.4","88.0","ZHIGANSK, RS","0.0","r","0.0",",r","7",",r","2",",r","0",",r","30",",","1",",r","30",",r","12",",r","0",",r","0",",r","20070403",",,r","20070430","+,,S","20070427",",,r","20070415",",,r","-21.0",",r,03,","450",",,S,30,+","18.5",",,r,27,","6.6",",r,15,","9639.6","r","713.3",",r","25.5",",,,r","-5.44",",r","0.69",",,,r","-11.58",",,,r"
"RSM00024343","2007-05","66.7667","123.4","88.0","ZHIGANSK, RS","0.0","r","0.0",",r","13",",r","4",",r","0",",r","","","0",",r","17",",r","0",",r","0",",r","0",",r","20070504",",,r","","","20070531","+,,r","20070530",",,r","-12.0",",r,04,","","","10.2",",,r,31,+","17.2",",r,30,","10084.5","r","444.9",",r","41.0",",,,r","3.98",",r","8.75",",,,r","-0.78",",,,r"
"RSM00024343","2007-06","66.7667","123.4","88.0","ZHIGANSK, RS","2.2","r","2.2",",r","12",",r","6",",r","1",",r","","","0",",r","0",",r","0",",r","12",",r","0",",r","20070612",",,r","","","20070618",",,r","20070627",",,r","1.6",",r,12,","","","30.5",",,r,18,","26.5",",r,27,","10236.8","r","152.3",",r","88.2",",,,r","13.33",",r","18.49",",,,r","8.17",",,,r"
"RSM00024343","2007-07","66.7667","123.4","88.0","ZHIGANSK, RS","8.7","r","6.5",",r","14",",r","10",",r","0",",r","","","0",",r","0",",r","0",",r","7",",r","0",",r","20070713",",,r","","","20070710",",,r","20070727",",,r","1.9",",r,13,","","","11.2",",,r,10,","26.3",",r,27,","137.8","r","137.8",",r","62.7",",,,r","14.10",",r","18.84",",,,r","9.36",",,,r"
"RSM00024343","2007-08","66.7667","123.4","88.0","ZHIGANSK, RS","12.0","r","3.3",",r","10",",r","5",",r","0",",r","","","0",",r","1",",r","0",",r","9",",r","0",",r","20070824",",,r","","","20070821",",,r","20070802",",,r","-1.7",",r,24,","","","7.9",",,r,21,","26.6",",r,02,","315.1","r","177.3",",r","33.3",",,,r","12.72",",r","17.89",",,,r","7.55",",,,r"
"RSM00024343","2007-09","66.7667","123.4","88.0","ZHIGANSK, RS","12.0","r","0.0",",r","13",",r","8",",r","0",",r","","","0",",r","14",",r","0",",r","0",",r","0",",r","20070915","+,,r","","","20070912",",,r","20070902",",,r","-2.9",",r,15,+","","","16.2",",,r,12,","15.9",",r,02,","719.2","r","404.1",",r","67.6",",,,r","4.86",",r","8.49",",,,r","1.23",",,,r"
"RSM00024343","2007-10","66.7667","123.4","88.0","ZHIGANSK, RS","12.0","r","0.0",",r","28",",r","7",",r","0",",r","24","2,","6",",r","31",",r","28",",r","0",",r","0",",r","20071024",",,r","20071031",",2,S","20071006",",,r","20071015",",,r","-23.7",",r,24,","269","2,,S,31,","7.8",",,r,06,","1.0",",r,15,","1562.7","r","843.5",",r","57.3",",,,r","-8.88",",r","-6.07",",,,r","-11.68",",,,r"
"RSM00024343","2007-11","66.7667","123.4","88.0","ZHIGANSK, RS","12.0","r","0.0",",r","18",",r","4",",r","0",",r","30",",","26",",r","30",",r","30",",r","0",",r","0",",r","20071129",",,r","20071121",",,S","20071109",",,r","20071109",",,r","-41.5",",r,29,","340",",,S,21,","6.5",",,r,09,","-1.3",",r,09,","2935.6","r","1372.9",",r","34.1",",,,r","-27.43",",r","-23.27",",,,r","-31.59",",,,r"
"RSM00024343","2007-12","66.7667","123.4","88.0","ZHIGANSK, RS","12.0","r","0.0",",r","13",",r","2",",r","0",",r","31",",","31",",r","31",",r","31",",r","0",",r","0",",r","20071222",",,r","20071231",",,S","20071227",",,r","20071206",",,r","-49.2",",r,22,","460",",,S,31,","3.3",",,r,27,","-21.0",",r,06,","4597.0","r","1661.4",",r","17.3",",,,r","-35.26",",r","-32.03",",,,r","-38.49",",,,r"
"RSM00024343","2008-01","66.7667","123.4","88.0","ZHIGANSK, RS","0.0","r","0.0",",r","15",",r","3",",r","0",",r","30","1,","31",",r","31",",r","31",",r","0",",r","0",",r","20080110",",,r","20080122",",1,S","20080122",",,r","20080102",",,r","-48.1",",r,10,","500","1,,S,22,","3.8",",,r,22,","-22.8",",r,02,","6347.5","r","1750.5",",r","20.8",",,,r","-38.14",",r","-35.14",",,,r","-41.14",",,,r"
"RSM00024343","2008-02","66.7667","123.4","88.0","ZHIGANSK, RS","0.0","r","0.0",",r","18",",r","4",",r","0",",r","28","1,","29",",r","29",",r","29",",r","0",",r","0",",r","20080209",",,r","20080229","+,1,S","20080215",",,r","20080217",",,r","-46.5",",r,09,","551","1,,S,29,+","6.1",",,r,15,","-12.7",",r,17,","7792.4","r","1444.9",",r","35.0",",,,r","-31.49",",r","-27.34",",,,r","-35.64",",,,r"
"RSM00024343","2008-03","66.7667","123.4","88.0","ZHIGANSK, RS","0.0","r","0.0",",r","15",",r","5",",r","0",",r","30","1,","22",",r","31",",r","29",",r","0",",r","0",",r","20080314",",,r","20080322","+,1,S","20080317",",,r","20080330",",,r","-36.3",",r,14,","719","1,,S,22,+","5.4",",,r,17,","2.7",",r,30,","8873.5","r","1081.1",",r","28.8",",,,r","-16.54",",r","-10.73",",,,r","-22.35",",,,r"
"RSM00024343","2008-04","66.7667","123.4","88.0","ZHIGANSK, RS","0.0","r","0.0",",r","8",",r","3",",r","0",",r","29","1,","12",",r","30",",r","23",",r","0",",r","0",",r","20080406",",,r","20080413","+,1,S","20080403",",,r","20080429",",,r","-31.0",",r,06,","691","1,,S,13,+","7.7",",,r,03,","5.5",",r,29,","9753.1","r","879.6",",r","25.9",",,,r","-10.99",",r","-4.76",",,,r","-17.21",",,,r"
"RSM00024343","2008-05","66.7667","123.4","88.0","ZHIGANSK, RS","0.0","r","0.0",",r","10",",r","3",",r","0",",r","","","0",",r","17",",r","2",",r","0",",r","0",",r","20080502",",,r","","","20080518",",,r","20080527","+,,r","-13.7",",r,02,","","","16.6",",,r,18,","18.8",",r,27,+","10203.8","r","450.7",",r","39.1",",,,r","3.80",",r","8.89",",,,r","-1.30",",,,r"
"RSM00024343","2008-06","66.7667","123.4","88.0","ZHIGANSK, RS","14.9","r","14.9",",r","13",",r","6",",r","0",",r","","","0",",r","1",",r","0",",r","13",",r","0",",r","20080606",",,r","","","20080610",",,r","20080627",",,r","-0.8",",r,06,","","","11.1",",,r,10,","28.4",",r,27,","10358.8","r","155.0",",r","46.2",",,,r","13.66",",r","18.92",",,,r","8.41",",,,r"
"RSM00024343","2008-07","66.7667","123.4","88.0","ZHIGANSK, RS","48.1","r","33.2",",r","9",",r","4",",r","0",",r","","","0",",r","0",",r","0",",r","16",",r","0",",r","20080731",",,r","","","20080727",",,r","20080711",",,r","2.1",",r,31,","","","11.8",",,r,27,","31.9",",r,11,","118.7","r","118.7",",r","30.6",",,,r","15.57",",r","20.38",",,,r","10.77",",,,r"
"RSM00024343","2008-08","66.7667","123.4","88.0","ZHIGANSK, RS","50.6","r","2.5",",r","14",",r","4",",r","0",",r","","","0",",r","0",",r","0",",r","8",",r","0",",r","20080801",",,r","","","20080821",",,r","20080815",",,r","0.8",",r,01,","","","13.2",",,r,21,","24.8",",r,15,","254.1","r","135.4",",r","45.0",",,,r","14.05",",r","19.33",",,,r","8.76",",,,r"
"RSM00024343","2008-09","66.7667","123.4","88.0","ZHIGANSK, RS","50.6","r","0.0",",r","7",",r","2",",r","0",",r","","","0",",r","20",",r","0",",r","0",",r","0",",r","20080926",",,r","","","20080910",",,r","20080902",",,r","-9.2",",r,26,","","","10.2",",,r,10,","18.9",",r,02,","702.7","r","448.6",",r","18.1",",,,r","3.38",",r","7.94",",,,r","-1.18",",,,r"
"RSM00024343","2008-10","66.7667","123.4","88.0","ZHIGANSK, RS","50.6","r","0.0",",r","23",",r","7",",r","0",",r","28","3,","1",",r","31",",r","25",",r","0",",r","0",",r","20081013",",,r","20081031","+,3,S","20081006",",,r","20081003",",,r","-19.3",",r,13,","259","3,,S,31,+","9.4",",,r,06,","3.6",",r,03,","1463.4","r","760.7",",r","55.7",",,,r","-6.21",",r","-3.45",",,,r","-8.96",",,,r"
"RSM00024343","2008-11","66.7667","123.4","88.0","ZHIGANSK, RS","50.6","r","0.0",",r","9",",r","2",",r","0",",r","30",",","30",",r","30",",r","30",",r","0",",r","0",",r","20081127",",,r","20081112","+,,S","20081109",",,r","20081101",",,r","-44.7",",r,27,","310",",,S,12,+","5.5",",,r,09,","-6.7",",r,01,","2934.6","r","1471.2",",r","16.9",",,,r","-30.71",",r","-27.60",",,,r","-33.82",",,,r"
"RSM00024343","2008-12","66.7667","123.4","88.0","ZHIGANSK, RS","50.6","r","0.0",",r","17",",r","0",",r","0",",r","31",",","31",",r","31",",r","31",",r","0",",r","0",",r","20081217",",,r","20081231","+,,S","20081231","+,,r","20081231",",,r","-52.7",",r,17,","330",",,S,31,+","1.5",",,r,31,+","-20.3",",r,31,","4777.4","r","1842.8",",r","15.9",",,,r","-41.11",",r","-38.52",",,,r","-43.70",",,,r"
"RSM00024343","2009-01","66.7667","123.4","88.0","ZHIGANSK, RS","0.0","r","0.0",",r","15",",r","3",",r","0",",r","31",",","31",",r","31",",r","31",",r","0",",r","0",",r","20090128",",,r","20090131","+,,S","20090117",",,r","20090101",",,r","-43.1",",r,28,","381",",,S,31,+","4.9",",,r,17,","-18.4",",r,01,","6371.7","r","1594.3",",r","18.5",",,,r","-33.10",",r","-30.04",",,,r","-36.16",",,,r"
"RSM00024343","2009-02","66.7667","123.4","88.0","ZHIGANSK, RS","0.0","r","0.0",",r","3",",r","0",",r","0",",r","28",",","28",",r","28",",r","28",",r","0",",r","0",",r","20090206",",,r","20090228","+,,S","20090217","+,,r","20090215",",,r","-49.6",",r,06,","381",",,S,28,+","0.6",",,r,17,+","-29.6",",r,15,","8010.9","r","1639.2",",r","1.9",",,,r","-40.21",",r","-36.31",",,,r","-44.11",",,,r"
"RSM00024343","2009-03","66.7667","123.4","88.0","ZHIGANSK, RS","0.0","r","0.0",",r","14",",r","0",",r","0",",r","31",",","28",",r","31",",r","30",",r","0",",r","0",",r","20090305",",,r","20090329","+,,S","20090301",",,r","20090330",",,r","-42.5",",r,05,","419",",,S,29,+","1.2",",,r,01,","1.5",",r,30,","9317.7","r","1306.8",",r","8.6",",,,r","-23.82",",r","-18.25",",,,r","-29.39",",,,r"
"RSM00024343","2009-04","66.7667","123.4","88.0","ZHIGANSK, RS","0.0","r","0.0",",r","7",",r","3",",r","0",",r","30",",","10",",r","28",",r","17",",r","0",",r","0",",r","20090414",",,r","20090411",",,S","20090411",",,r","20090422",",,r","-29.3",",r,14,","511",",,S,11,","13.4",",,r,11,","10.8",",r,22,","10081.4","r","763.7",",r","25.7",",,,r","-7.13",",r","-1.32",",,,r","-12.93",",,,r"
"RSM00024343","2009-05","66.7667","123.4","88.0","ZHIGANSK, RS","0.0","r","0.0",",r","9",",r","4",",r","0",",r","","","0",",r","24",",r","1",",r","0",",r","0",",r","20090511",",,r","","","20090520",",,r","20090530",",,r","-7.4",",r,11,","","","4.2",",,r,20,","17.1",",r,30,","10591.4","r","510.0",",r","16.6",",,,r","1.88",",r","6.07",",,,r","-2.31",",,,r"
"RSM00024343","2009-06","66.7667","123.4","88.0","ZHIGANSK, RS","17.4","r","17.4",",r","12",",r","4",",r","0",",r","","","0",",r","0",",r","0",",r","12",",r","0",",r","20090609",",,r","","","20090612",",,r","20090630",",,r","2.1",",r,09,","","","5.9",",,r,12,","30.0",",r,30,","10729.5","r","138.1",",r","22.6",",,,r","14.31",",r","19.92",",,,r","8.69",",,,r"
"RSM00024343","2009-07","66.7667","123.4","88.0","ZHIGANSK, RS","35.2","r","17.8",",r","8",",r","4",",r","1",",r","","","0",",r","0",",r","0",",r","15",",r","0",",r","20090727",",,r","","","20090705",",,r","20090713",",,r","4.4",",r,27,","","","37.9",",,r,05,","32.1",",r,13,","92.7","r","92.7",",r","69.7",",,,r","15.92",",r","21.55",",,,r","10.28",",,,r"
"RSM00024343","2009-08","66.7667","123.4","88.0","ZHIGANSK, RS","35.2","r","0.0",",r","13",",r","5",",r","1",",r","","","0",",r","0",",r","0",",r","5",",r","0",",r","20090828",",,r","","","20090808",",,r","20090822",",,r","0.2",",r,28,","","","32.9",",,r,08,","23.9",",r,22,","302.3","r","209.6",",r","73.3",",,,r","11.57",",r","16.69",",,,r","6.45",",,,r"
"RSM00024343","2009-09","66.7667","123.4","88.0","ZHIGANSK, RS","35.2","r","0.0",",r","13",",r","4",",r","0",",r","","","0",",r","16",",r","0",",r","1",",r","0",",r","20090925",",,r","","","20090909",",,r","20090901",",,r","-8.3",",r,25,","","","19.8",",,r,09,","21.5",",r,01,","709.1","r","406.8",",r","45.9",",,,r","4.77",",r","9.56",",,,r","-0.02",",,,r"
"RSM00024343","2009-10","66.7667","123.4","88.0","ZHIGANSK, RS","35.2","r","0.0",",r","20",",r","1",",r","0",",r","20","5,","9",",r","30",",r","23",",r","0",",r","0",",r","20091030","+,,r","20091027",",5,S","20091023",",,r","20091001",",,r","-26.7",",r,30,+","160","5,,S,27,","3.3",",,r,23,","6.2",",r,01,","1552.4","r","843.3",",r","20.9",",,,r","-8.87",",r","-5.77",",,,r","-11.97",",,,r"
"RSM00024343","2009-11","66.7667","123.4","88.0","ZHIGANSK, RS","35.2","r","0.0","1,r","14",",r","1",",r","0",",r","30",",","30",",r","30",",r","29","1,r","0","1,r","0","1,r","20091127",",,r","20091130","+,,S","20091113",",,r","20091116",",1,r","-43.5",",r,27,","231",",,S,30,+","3.1",",,r,13,","-20.2","1,r,16,","2959.6","r","1407.2","1,r","17.7",",,,r","-30.37","1,r","-27.52","1,,,r","-33.21",",,,r"
"RSM00024343","2009-12","66.7667","123.4","88.0","ZHIGANSK, RS","35.2","r","0.0",",r","7",",r","0",",r","0",",r","31",",","31",",r","31",",r","31",",r","0",",r","0",",r","20091226",",,r","20091231","+,,S","20091208",",,r","20091214",",,r","-47.0",",r,26,","239",",,S,31,+","1.7",",,r,08,","-25.9",",r,14,","4708.3","r","1748.7",",r","6.6",",,,r","-38.08",",r","-35.67",",,,r","-40.48",",,,r"
"RSM00024343","2010-01","66.7667","123.4","88.0","ZHIGANSK, RS","0.0","r","0.0",",r","13",",r","1",",r","0",",r","31",",","31",",r","31",",r","31",",r","0",",r","0",",r","20100102",",,r","20100126","+,,S","20100122",",,r","20100108",",,r","-44.9",",r,02,","269",",,S,26,+","5.4",",,r,22,","-23.9",",r,08,","6366.4","r","1658.1",",r","13.9",",,,r","-35.15",",r","-32.14",",,,r","-38.17",",,,r"
"RSM00024343","2010-02","66.7667","123.4","88.0","ZHIGANSK, RS","0.0","r","0.0",",r","7",",r","0",",r","0",",r","28",",","28",",r","28",",r","28",",r","0",",r","0",",r","20100213",",,r","20100228","+,,S","20100219","+,,r","20100201",",,r","-45.9",",r,13,","269",",,S,28,+","1.0",",,r,19,+","-19.8",",r,01,","7829.9","r","1463.5",",r","5.1",",,,r","-33.94",",r","-30.25",",,,r","-37.63",",,,r"
"RSM00024343","2010-03","66.7667","123.4","88.0","ZHIGANSK, RS","0.0","r","0.0",",r","4",",r","1",",r","0",",r","31",",","29",",r","31",",r","31",",r","0",",r","0",",r","20100305",",,r","20100325","+,,S","20100308",",,r","20100329",",,r","-40.0",",r,05,","300",",,S,25,+","3.1",",,r,08,","-3.6",",r,29,","9112.7","r","1282.8",",r","7.0",",,,r","-23.05",",r","-17.69",",,,r","-28.40",",,,r"
"RSM00024343","2010-04","66.7667","123.4","88.0","ZHIGANSK, RS","0.0","r","0.0",",r","8",",r","2",",r","0",",r","30",",","8",",r","30",",r","17",",r","0",",r","0",",r","20100405",",,r","20100404","+,,S","20100429",",,r","20100421",",,r","-25.4",",r,05,","269",",,S,04,+","9.8",",,r,29,","7.8",",r,21,","9902.4","r","789.7",",r","19.3",",,,r","-7.99",",r","-2.68",",,,r","-13.31",",,,r"
"RSM00024343","2010-05","66.7667","123.4","88.0","ZHIGANSK, RS","0.0","r","0.0",",r","7",",r","0",",r","0",",r","","","0",",r","7",",r","2",",r","0",",r","0",",r","20100504",",,r","","","20100523",",,r","20100522",",,r","-11.1",",r,04,","","","1.6",",,r,23,","19.2",",r,22,","10267.4","r","365.0",",r","6.4",",,,r","6.56",",r","11.81",",,,r","1.31",",,,r"
"RSM00024343","2010-06","66.7667","123.4","88.0","ZHIGANSK, RS","3.8","r","3.8",",r","13",",r","8",",r","0",",r","","","0",",r","0",",r","0",",r","9",",r","0",",r","20100606",",,r","","","20100622",",,r","20100614",",,r","1.1",",r,06,","","","9.2",",,r,22,","28.8",",r,14,","10435.2","r","167.8",",r","51.9",",,,r","12.87",",r","18.58",",,,r","7.15",",,,r"
"RSM00024343","2010-07","66.7667","123.4","88.0","ZHIGANSK, RS","66.4","r","62.6",",r","10",",r","6",",r","1",",r","","","0",",r","0",",r","0",",r","23",",r","0",",r","20100731",",,r","","","20100720",",,r","20100716",",,r","4.2",",r,31,","","","33.7",",,r,20,","31.3",",r,16,","49.5","r","49.5",",r","93.9",",,,r","18.75",",r","24.48",",,,r","13.03",",,,r"
"RSM00024343","2010-08","66.7667","123.4","88.0","ZHIGANSK, RS","66.4","r","0.0",",r","11",",r","6",",r","0",",r","","","0",",r","1",",r","0",",r","2",",r","0",",r","20100818",",,r","","","20100819",",,r","20100805",",,r","-0.5",",r,18,","","","15.4",",,r,19,","23.4",",r,05,","238.1","r","188.6",",r","51.8",",,,r","12.25",",r","17.90",",,,r","6.60",",,,r"
"RSM00024343","2010-09","66.7667","123.4","88.0","ZHIGANSK, RS","66.4","r","0.0",",r","12",",r","4",",r","0",",r","","","0",",r","16",",r","2",",r","0",",r","0",",r","20100930",",,r","","","20100902",",,r","20100901",",,r","-6.6",",r,30,","","","13.7",",,r,02,","14.5",",r,01,","668.1","r","430.0",",r","47.4",",,,r","4.00",",r","8.17",",,,r","-0.17",",,,r"
"RSM00024343","2010-10","66.7667","123.4","88.0","ZHIGANSK, RS","66.4","r","0.0",",r","20",",r","8",",r","0",",r","28","2,","10",",r","31",",r","28",",r","0",",r","0",",r","20101029",",,r","20101029","+,2,S","20101021",",,r","20101003",",,r","-35.0",",r,29,","300","2,,S,29,+","6.7",",,r,21,","2.7",",r,03,","1590.3","r","922.2",",r","53.4",",,,r","-11.41",",r","-7.95",",,,r","-14.88",",,,r"
"RSM00024343","2010-11","66.7667","123.4","88.0","ZHIGANSK, RS","66.4","r","0.0",",r","18",",r","6",",r","0",",r","29","1,","23",",r","30",",r","30",",r","0",",r","0",",r","20101130",",,r","20101119","+,1,S","20101102",",,r","20101111",",,r","-49.1",",r,30,","381","1,,S,19,+","12.2",",,r,02,","-10.6",",r,11,","2897.3","r","1307.0",",r","54.8",",,,r","-25.24",",r","-21.94",",,,r","-28.53",",,,r"
"RSM00024343","2010-12","66.7667","123.4","88.0","ZHIGANSK, RS","66.4","r","0.0",",r","10",",r","0",",r","0",",r","30","1,","31",",r","31",",r","31",",r","0",",r","0",",r","20101222",",,r","20101229","+,1,S","20101227",",,r","20101227",",,r","-52.7",",r,22,","419","1,,S,29,+","1.4",",,r,27,","-21.2",",r,27,","4684.0","r","1786.7",",r","6.8",",,,r","-39.30",",r","-35.72",",,,r","-42.88",",,,r"
"RSM00024343","2011-01","66.7667","123.4","88.0","ZHIGANSK, RS","0.0","r","0.0",",r","15",",r","1",",r","0",",r","31",",","31",",r","31",",r","31",",r","0",",r","0",",r","20110111",",,r","20110129",",,S","20110102",",,r","20110105",",,r","-47.5",",r,11,","490",",,S,29,","3.5",",,r,02,","-17.5",",r,05,","6304.1","r","1620.1",",r","17.5",",,,r","-33.93",",r","-30.24",",,,r","-37.61",",,,r"
"RSM00024343","2011-02","66.7667","123.4","88.0","ZHIGANSK, RS","0.0","r","0.0",",r","9",",r","2",",r","0",",r","28",",","28",",r","28",",r","28",",r","0",",r","0",",r","20110205",",,r","20110226",",,S","20110201",",,r","20110228",",,r","-51.0",",r,05,","500",",,S,26,","3.9",",,r,01,","-20.9",",r,28,","7871.8","r","1567.7",",r","15.6",",,,r","-37.66",",r","-33.74",",,,r","-41.58",",,,r"
"RSM00024343","2011-03","66.7667","123.4","88.0","ZHIGANSK, RS","0.0","r","0.0",",r","14",",r","3",",r","0",",r","30","1,","18",",r","31",",r","30",",r","0",",r","0",",r","20110301",",,r","20110330",",1,S","20110317",",,r","20110327",",,r","-40.0",",r,01,","511","1,,S,30,","4.2",",,r,17,","6.5",",r,27,","8992.4","r","1120.6",",r","20.2",",,,r","-17.81",",r","-12.98",",,,r","-22.65",",,,r"
"RSM00024343","2011-04","66.7667","123.4","88.0","ZHIGANSK, RS","0.0","r","0.0",",r","8",",r","3",",r","0",",r","30",",","9",",r","29",",r","17",",r","0",",r","0",",r","20110414",",,r","20110415","+,,S","20110411",",,r","20110424",",,r","-24.0",",r,14,","541",",,S,15,+","14.7",",,r,11,","11.1",",r,24,","9692.2","r","699.8",",r","32.8",",,,r","-4.99",",r","0.42",",,,r","-10.40",",,,r"
"RSM00024343","2011-05","66.7667","123.4","88.0","ZHIGANSK, RS","0.0","r","0.0",",r","3",",r","2",",r","0",",r","","","0",",r","17",",r","5",",r","1",",r","0",",r","20110510",",,r","","","20110516",",,r","20110531",",,r","-11.9",",r,10,","","","4.2",",,r,16,","22.4",",r,31,","10164.4","r","472.2",",r","7.9",",,,r","3.10",",r","8.50",",,,r","-2.30",",,,r"
"RSM00024343","2011-06","66.7667","123.4","88.0","ZHIGANSK, RS","0.0","r","0.0",",r","13",",r","7",",r","0",",r","","","0",",r","0",",r","0",",r","2",",r","0",",r","20110615",",,r","","","20110621",",,r","20110601",",,r","2.8",",r,15,","","","17.8",",,r,21,","23.6",",r,01,","10362.3","r","197.9",",r","76.1",",,,r","11.74",",r","16.36",",,,r","7.11",",,,r"
"RSM00024343","2011-07","66.7667","123.4","88.0","ZHIGANSK, RS","37.3","r","37.3",",r","13",",r","4",",r","0",",r","","","0",",r","0",",r","0",",r","21",",r","2",",r","20110723",",,r","","","20110725",",,r","20110715",",,r","6.6",",r,23,","","","24.4",",,r,25,","33.6",",r,15,","56.1","r","56.1",",r","52.9",",,,r","17.73",",r","23.23",",,,r","12.23",",,,r"
"RSM00024343","2011-08","66.7667","123.4","88.0","ZHIGANSK, RS","56.0","r","18.7",",r","10",",r","5",",r","0",",r","","","0",",r","0",",r","0",",r","14",",r","0",",r","20110826",",,r","","","20110821",",,r","20110809",",,r","0.9",",r,26,","","","8.7",",,r,21,","29.9",",r,09,","172.4","r","116.3",",r","36.9",",,,r","15.18",",r","20.45",",,,r","9.91",",,,r"
"RSM00024343","2011-09","66.7667","123.4","88.0","ZHIGANSK, RS","56.0","r","0.0",",r","8",",r","1",",r","0",",r","","","0",",r","21",",r","0",",r","0",",r","0",",r","20110919",",,r","","","20110908",",,r","20110902",",,r","-8.0",",r,19,","","","3.1",",,r,08,","16.7",",r,02,","659.6","r","487.2",",r","9.0",",,,r","2.09",",r","5.99",",,,r","-1.81",",,,r"
"RSM00024343","2011-10","66.7667","123.4","88.0","ZHIGANSK, RS","56.0","r","0.0",",r","21",",r","13",",r","0",",r","25","5,","9",",r","31",",r","21",",r","0",",r","0",",r","20111031",",,r","20111025",",5,S","20111024",",,r","20111003","+,,r","-32.7",",r,31,","429","5,,S,25,","12.8",",,r,24,","4.5",",r,03,+","1508.0","r","848.4",",r","92.4",",,,r","-9.03",",r","-5.77",",,,r","-12.29",",,,r"
"RSM00024343","2011-11","66.7667","123.4","88.0","ZHIGANSK, RS","56.0","r","0.0",",r","16",",r","4",",r","0",",r","30",",","30",",r","30",",r","30",",r","0",",r","0",",r","20111129",",,r","20111109",",,S","20111108",",,r","20111109",",,r","-44.9",",r,29,","579",",,S,09,","13.7",",,r,08,","-6.5",",r,09,","2903.9","r","1395.9",",r","43.2",",,,r","-28.20",",r","-24.73",",,,r","-31.67",",,,r"
"RSM00024343","2011-12","66.7667","123.4","88.0","ZHIGANSK, RS","56.0","r","0.0",",r","14",",r","2",",r","0",",r","31",",","31",",r","31",",r","31",",r","0",",r","0",",r","20111224",",,r","20111231","+,,S","20111208",",,r","20111208",",,r","-49.1",",r,24,","599",",,S,31,+","4.4",",,r,08,","-25.0",",r,08,","4573.7","r","1669.8",",r","19.7",",,,r","-35.53",",r","-32.62",",,,r","-38.44",",,,r"
"RSM00024343","2012-01","66.7667","123.4","88.0","ZHIGANSK, RS","0.0","r","0.0",",r","10",",r","1",",r","0",",r","31",",","31",",r","31",",r","31",",r","0",",r","0",",r","20120114","+,,r","20120130","+,,S","20120119",",,r","20120129",",,r","-48.3",",r,14,+","610",",,S,30,+","4.5",",,r,19,","-19.1",",r,29,","6224.9","r","1651.2",",r","14.4",",,,r","-34.93",",r","-31.98",",,,r","-37.88",",,,r"
"RSM00024343","2012-02","66.7667","123.4","88.0","ZHIGANSK, RS","0.0","r","0.0",",r","10",",r","3",",r","0",",r","29",",","29",",r","29",",r","29",",r","0",",r","0",",r","20120222",",,r","20120229","+,,S","20120203",",,r","20120201",",,r","-43.6",",r,22,","630",",,S,29,+","5.8",",,r,03,","-23.0",",r,01,","7699.8","r","1474.9",",r","19.5",",,,r","-32.52",",r","-28.66",",,,r","-36.39",",,,r"
"RSM00024343","2012-03","66.7667","123.4","88.0","ZHIGANSK, RS","0.0","r","0.0",",r","4",",r","1",",r","0",",r","31",",","31",",r","31",",r","31",",r","0",",r","0",",r","20120312",",,r","20120312","+,,S","20120309",",,r","20120331",",,r","-44.1",",r,12,","650",",,S,12,+","4.2",",,r,09,","-8.6",",r,31,","9081.5","r","1381.7",",r","6.0",",,,r","-26.24",",r","-20.56",",,,r","-31.92",",,,r"
"RSM00024343","2012-04","66.7667","123.4","88.0","ZHIGANSK, RS","0.0","r","0.0",",r","2",",r","1",",r","0",",r","29","1,","7",",r","30",",r","26",",r","0",",r","0",",r","20120405",",,r","20120408","+,1,S","20120421",",,r","20120416",",,r","-23.7",",r,05,","640","1,,S,08,+","5.3",",,r,21,","3.5",",r,16,","9889.1","r","807.6",",r","5.7",",,,r","-8.59",",r","-3.19",",,,r","-13.98",",,,r"
"RSM00024343","2012-05","66.7667","123.4","88.0","ZHIGANSK, RS","0.0","r","0.0",",r","11",",r","5",",r","0",",r","","","0",",r","14",",r","3",",r","1",",r","0",",r","20120502",",,r","","","20120515",",,r","20120531",",,r","-14.4",",r,02,","","","16.0",",,r,15,","22.5",",r,31,","10312.5","r","423.4",",r","44.1",",,,r","4.67",",r","9.36",",,,r","-0.02",",,,r"
"RSM00024343","2012-06","66.7667","123.4","88.0","ZHIGANSK, RS","22.4","r","22.4",",r","8",",r","6",",r","0",",r","","","0",",r","0",",r","0",",r","16",",r","0",",r","20120608",",,r","","","20120620",",,r","20120614",",,r","1.3",",r,08,","","","18.9",",,r,20,","31.3",",r,14,","10447.1","r","134.6",",r","58.8",",,,r","14.59",",r","20.89",",,,r","8.29",",,,r"
"RSM00024343","2012-07","66.7667","123.4","88.0","ZHIGANSK, RS","41.7","r","19.3",",r","4",",r","3",",r","1",",r","","","0",",r","0",",r","0",",r","21",",r","0",",r","20120707",",,r","","","20120709",",,r","20120726",",,r","4.2",",r,07,","","","25.7",",,r,09,","29.4",",r,26,","61.3","r","61.3",",r","58.8",",,,r","16.98",",r","22.95",",,,r","11.01",",,,r"
"RSM00024343","2012-08","66.7667","123.4","88.0","ZHIGANSK, RS","44.8","r","3.1",",r","13",",r","10",",r","0",",r","","","0",",r","0",",r","0",",r","5",",r","0",",r","20120830",",,r","","","20120802",",,r","20120801",",,r","1.2",",r,30,","","","21.7",",,r,02,","26.2",",r,01,","270.5","r","209.2",",r","83.4",",,,r","11.68",",r","16.37",",,,r","7.00",",,,r"
"RSM00024343","2012-09","66.7667","123.4","88.0","ZHIGANSK, RS","44.8","r","0.0",",r","9",",r","6",",r","0",",r","","","0",",r","12",",r","0",",r","0",",r","0",",r","20120922",",,r","","","20120903",",,r","20120911",",,r","-4.9",",r,22,","","","16.9",",,r,03,","16.3",",r,11,","650.3","r","379.8",",r","44.8",",,,r","5.67",",r","10.27",",,,r","1.07",",,,r"
"RSM00024343","2012-10","66.7667","123.4","88.0","ZHIGANSK, RS","44.8","r","0.0",",r","12",",r","1",",r","0",",r","19",",","12",",r","31",",r","30",",r","0",",r","0",",r","20121028",",,r","20121021","+,,S","20121031",",,r","20121001",",,r","-29.3",",r,28,","99",",,S,21,+","3.1",",,r,31,","1.0",",r,01,","1577.5","r","927.2",",r","11.9",",,,r","-11.58",",r","-8.17",",,,r","-14.98",",,,r"
"RSM00024343","2012-11","66.7667","123.4","88.0","ZHIGANSK, RS","44.8","r","0.0",",r","10",",r","1",",r","0",",r","30",",","28",",r","30",",r","29",",r","0",",r","0",",r","20121124",",,r","20121101",",,S","20121101",",,r","20121101",",,r","-39.8",",r,24,","221",",,S,01,","6.5",",,r,01,","1.7",",r,01,","2936.2","r","1358.7",",r","14.5",",,,r","-26.96",",r","-24.12",",,,r","-29.79",",,,r"
"RSM00024343","2012-12","66.7667","123.4","88.0","ZHIGANSK, RS","44.8","r","0.0",",r","10",",r","3",",r","0",",r","31",",","31",",r","31",",r","31",",r","0",",r","0",",r","20121225",",,r","20121224","+,,S","20121218",",,r","20121228",",,r","-48.8",",r,25,","269",",,S,24,+","4.7",",,r,18,","-22.7",",r,28,","4607.2","r","1671.0",",r","18.8",",,,r","-35.57",",r","-32.46",",,,r","-38.67",",,,r"
"RSM00024343","2013-01","66.7667","123.4","88.0","ZHIGANSK, RS","0.0","E","0.0",",r","7",",r","1",",r","0",",r","31",",","31",",r","31",",r","31",",r","0",",r","0",",r","20130105",",,r","20130131","+,,S","20130118",",,r","20130101",",,r","-48.5",",r,05,","269",",,S,31,+","3.1",",,r,18,","-22.3",",r,01,","6425.1","E","1817.9",",r","7.0",",,,r","-40.31",",r","-37.85",",,,r","-42.77",",,,r"
"RSM00024343","2013-02","66.7667","123.4","88.0","ZHIGANSK, RS","0.0","E","0.0",",r","14",",r","0",",r","0",",r","28",",","28",",r","28",",r","28",",r","0",",r","0",",r","20130218","+,,r","20130228","+,,S","20130216",",,r","20130226",",,r","-47.9",",r,18,+","300",",,S,28,+","2.1",",,r,16,","-20.4",",r,26,","7992.8","E","1567.7",",r","12.4",",,,r","-37.66",",r","-33.71",",,,r","-41.60",",,,r"
"RSM00024343","2013-03","66.7667","123.4","88.0","ZHIGANSK, RS","0.0","E","0.0",",r","4",",r","0",",r","0",",r","31",",","31",",r","31",",r","31",",r","0",",r","0",",r","20130310",",,r","20130330","+,,S","20130303",",,r","20130326",",,r","-40.0",",r,10,","310",",,S,30,+","1.8",",,r,03,","-10.8",",r,26,","9337.7","E","1344.9",",r","3.6",",,,r","-25.05",",r","-20.22",",,,r","-29.88",",,,r"
"RSM00024343","2013-04","66.7667","123.4","88.0","ZHIGANSK, RS","0.0","E","0.0",",r","5",",r","3",",r","0",",r","30",",","7",",r","29",",r","19",",r","0",",r","0",",r","20130403",",,r","20130416","+,,S","20130410",",,r","20130428",",,r","-28.5",",r,03,","330",",,S,16,+","9.3",",,r,10,","8.9",",r,28,","10111.4","E","773.7",",r","17.9",",,,r","-7.46",",r","-2.04",",,,r","-12.87",",,,r"
"RSM00024343","2013-05","66.7667","123.4","88.0","ZHIGANSK, RS","0.0","E","0.0",",E","5",",E","2",",E","0",",E","","","0",",E","11",",E","0",",E","4",",E","0",",E","20130520",",,E","","","20130509",",,E","20130529",",,E","-9.2",",E,20,","","","7.8",",,E,09,","24.0",",E,29,","10438.8","E","327.4",",E","13.5",",,,E","7.77",",E","13.67",",,,E","1.87",",,,E"
"RSM00024343","2013-06","66.7667","123.4","88.0","ZHIGANSK, RS","13.0","E","13.0",",E","11",",E","4",",E","0",",E","","","0",",E","0",",E","0",",E","11",",E","0",",E","20130609",",,E","","","20130624",",,E","20130616",",,E","1.0",",E,09,","","","13.2",",,E,24,","29.0",",E,16,","10562.3","E","123.5",",E","32.6",",,,E","14.65",",E","20.68",",,,E","8.62",",,,E"
"RSM00024343","2013-07","66.7667","123.4","88.0","ZHIGANSK, RS","23.0","E","10.0",",E","5",",E","5",",E","0",",E","","","0",",E","0",",E","0",",E","18",",E","0",",E","20130704",",,E","","","20130707",",,E","20130729",",,E","1.6",",E,04,","","","14.5",",,E,07,","28.5",",E,29,","102.5","E","102.5",",E","34.9",",,,E","15.35",",E","20.83",",,,E","9.86",",,,E"
"RSM00024343","2013-08","66.7667","123.4","88.0","ZHIGANSK, RS","23.0","E","0.0",",E","9",",E","4",",E","0",",E","","","0",",E","1",",E","0",",E","4",",E","0",",E","20130823",",,E","","","20130831",",,E","20130811",",,E","-0.5",",E,23,","","","24.1",",,E,31,","22.9",",E,11,","290.8","E","188.3",",E","63.6",",,,E","12.26",",E","16.93",",,,E","7.59",",,,E"
"RSM00024343","2013-09","66.7667","123.4","88.0","ZHIGANSK, RS","23.0","E","0.0",",E","14",",E","5",",E","0",",E","","","0",",E","19",",E","2",",E","0",",E","0",",E","20130929",",,E","","","20130907",",,E","20130903",",,E","-8.2",",E,29,","","","16.2",",,E,07,","15.0",",E,03,","732.1","E","441.3",",E","46.6",",,,E","3.62",",E","7.66",",,,E","-0.41",",,,E"
"RSM00024343","2013-10","66.7667","123.4","88.0","ZHIGANSK, RS","23.0","E","0.0",",E","21",",E","11",",E","0",",E","31",",","6",",E","31",",E","30",",E","0",",E","0",",E","20131031","+,,E","20131031",",,S","20131029",",,E","20131008",",,E","-22.4",",E,31,+","419",",,S,31,","10.6",",,E,29,","0.8",",E,08,","1553.9","E","821.8",",E","73.9",",,,E","-8.18",",E","-4.56",",,,E","-11.79",",,,E"
"RSM00024343","2013-11","66.7667","123.4","88.0","ZHIGANSK, RS","23.0","E","0.0",",E","19",",E","9",",E","0",",E","30",",","26",",E","30",",E","30",",E","0",",E","0",",E","20131108",",,E","20131130","+,,S","20131101",",,E","20131101",",,E","-40.2",",E,08,","521",",,S,30,+","14.9",",,E,01,","-9.9",",E,01,","2860.1","E","1306.2",",E","64.2",",,,E","-25.21",",E","-21.40",",,,E","-29.02",",,,E"
"RSM00024343","2013-12","66.7667","123.4","88.0","ZHIGANSK, RS","","","","","18",",E","3",",E","0",",E","30","1,","","","","","","","","","","","","","20131231","+,1,S","20131211",",,E","","","","","569","1,,S,31,+","3.4",",,E,11,","","","","","","","19.8",",,,E","","","","","",""
"RSM00024343","2014-01","66.7667","123.4","88.0","ZHIGANSK, RS","","","","","11",",E","1",",E","0",",E","31",",","","","","","","","","","","","","","20140131","+,,S","20140124",",,E","","","","","589",",,S,31,+","8.2",",,E,24,","","","","","","","17.6",",,,E","","","","","",""
"RSM00024343","2014-02","66.7667","123.4","88.0","ZHIGANSK, RS","","","","","13",",E","0",",E","0",",E","28",",","","","","","","","","","","","","","20140228","+,,S","20140212",",,E","","","","","640",",,S,28,+","2.0",",,E,12,","","","","","","","12.8",",,,E","","","","","",""
"RSM00024343","2014-03","66.7667","123.4","88.0","ZHIGANSK, RS","","","","","14",",E","2",",E","0",",E","31",",","","","","","","","","","","","","","20140331","+,,S","20140313",",,E","","","","","701",",,S,31,+","3.9",",,E,13,","","","","","","","16.9",",,,E","","","","","",""
"RSM00024343","2014-04","66.7667","123.4","88.0","ZHIGANSK, RS","","","","","12",",E","6",",E","0",",E","29","1,","","","","","","","","","","","","","20140410","+,1,S","20140406",",,E","","","","","780","1,,S,10,+","7.2",",,E,06,","","","","","","","37.0",",,,E","","","","","",""
"RSM00024343","2014-05","66.7667","123.4","88.0","ZHIGANSK, RS","","","","","10",",E","2",",E","0",",E","","","","","","","","","","","","","","","","","20140504",",,E","","","","","","","11.3",",,E,04,","","","","","","","23.9",",,,E","","","","","",""
"RSM00024343","2014-06","66.7667","123.4","88.0","ZHIGANSK, RS","","","","","9",",E","7",",E","0",",E","","","","","","","","","","","","","","","","","20140630",",,E","","","","","","","22.7",",,E,30,","","","","","","","65.9",",,,E","","","","","",""
"RSM00024343","2014-07","66.7667","123.4","88.0","ZHIGANSK, RS","","","","","3","1,E","1","1,E","0","1,E","","","","","","","","","","","","","","","","","20140701",",1,E","","","","","","","9.3","1,,E,01,","","","","","","","11.7","1,,,E","","","","","",""
"RSM00024343","2014-08","66.7667","123.4","88.0","ZHIGANSK, RS","","","","","14",",E","10",",E","0",",E","","","","","","","","","","","","","","","","","20140815",",,E","","","","","","","21.5",",,E,15,","","","","","","","80.4",",,,E","","","","","",""
"RSM00024343","2014-09","66.7667","123.4","88.0","ZHIGANSK, RS","","","","","18",",E","7",",E","0",",E","","","","","","","","","","","","","","","","","20140903",",,E","","","","","","","16.7",",,E,03,","","","","","","","59.2",",,,E","","","","","",""
"RSM00024343","2014-10","66.7667","123.4","88.0","ZHIGANSK, RS","","","0.0",",E","13",",E","3",",E","0",",E","29","2,","4",",E","31",",E","29",",E","0",",E","0",",E","20141031",",,E","20141027",",2,S","20141028",",,E","20141001",",,E","-25.2",",E,31,","170","2,,S,27,","7.2",",,E,28,","1.6",",E,01,","","","811.9",",E","27.3",",,,E","-7.86",",E","-5.12",",,,E","-10.59",",,,E"
"RSM00024343","2014-11","66.7667","123.4","88.0","ZHIGANSK, RS","","","0.0",",E","14",",E","3",",E","0",",E","30",",","30",",E","30",",E","30",",E","0",",E","0",",E","20141127",",,E","20141126",",,S","20141115",",,E","20141126",",,E","-43.4",",E,27,","300",",,S,26,","7.3",",,E,15,","-16.2",",E,26,","","","1422.2",",E","30.9",",,,E","-29.07",",E","-24.78",",,,E","-33.37",",,,E"
"RSM00024343","2014-12","66.7667","123.4","88.0","ZHIGANSK, RS","","","0.0",",E","10",",E","2",",E","0",",E","30","1,","31",",E","31",",E","31",",E","0",",E","0",",E","20141218",",,E","20141231","+,1,S","20141226","+,,E","20141229",",,E","-47.8",",E,18,","419","1,,S,31,+","4.0",",,E,26,+","-20.4",",E,29,","","","1726.1",",E","16.2",",,,E","-37.35",",E","-34.76",",,,E","-39.94",",,,E"
"RSM00024343","2015-01","66.7667","123.4","88.0","ZHIGANSK, RS","0.0","E","0.0",",E","18",",E","3",",E","0",",E","29","2,","31",",E","31",",E","31",",E","0",",E","0",",E","20150103",",,E","20150123",",2,S","20150131",",,E","20150131",",,E","-49.0",",E,03,","439","2,,S,23,","8.0",",,E,31,","-20.1",",E,31,","","","1671.2",",E","27.6",",,,E","-35.58",",E","-32.19",",,,E","-38.96",",,,E"
"RSM00024343","2015-02","66.7667","123.4","88.0","ZHIGANSK, RS","0.0","E","0.0",",E","15",",E","3",",E","0",",E","27","1,","26",",E","28",",E","28",",E","0",",E","0",",E","20150205",",,E","20150219",",1,S","20150223",",,E","20150216",",,E","-50.8",",E,05,","541","1,,S,19,","4.0",",,E,23,","-11.8",",E,16,","","","1349.7",",E","25.2",",,,E","-29.87",",E","-25.90",",,,E","-33.84",",,,E"
"RSM00024343","2015-03","66.7667","123.4","88.0","ZHIGANSK, RS","0.0","E","0.0",",E","16",",E","8",",E","0",",E","31",",","20",",E","31",",E","30",",E","0",",E","0",",E","20150303",",,E","20150329","+,,S","20150323",",,E","20150325",",,E","-39.3",",E,03,","551",",,S,29,+","9.3",",,E,23,","0.8",",E,25,","","","1140.0",",E","49.7",",,,E","-18.44",",E","-13.85",",,,E","-23.04",",,,E"
"RSM00024343","2015-04","66.7667","123.4","88.0","ZHIGANSK, RS","0.0","E","0.0",",E","1",",E","1",",E","0",",E","30",",","12",",E","29",",E","19",",E","0",",E","0",",E","20150401",",,E","20150402","+,,S","20150421",",,E","20150430",",,E","-32.3",",E,01,","551",",,S,02,+","3.3",",,E,21,","7.9",",E,30,","","","835.9",",E","3.6",",,,E","-9.53",",E","-3.81",",,,E","-15.25",",,,E"
"RSM00024343","2015-05","66.7667","123.4","88.0","ZHIGANSK, RS","0.0","E","0.0",",E","6",",E","4",",E","0",",E","","","0",",E","23",",E","4",",E","0",",E","0",",E","20150503",",,E","","","20150526",",,E","20150531",",,E","-11.7",",E,03,","","","13.9",",,E,26,","13.6",",E,31,","","","508.8",",E","25.9",",,,E","1.92",",E","6.55",",,,E","-2.71",",,,E"
"RSM00024343","2015-06","66.7667","123.4","88.0","ZHIGANSK, RS","1.5","E","1.5",",E","10",",E","4",",E","0",",E","","","0",",E","0",",E","0",",E","11",",E","0",",E","20150616",",,E","","","20150626",",,E","20150608",",,E","0.3",",E,16,","","","19.2",",,E,26,","28.4",",E,08,","","","153.8",",E","34.9",",,,E","13.26",",E","18.83",",,,E","7.68",",,,E"
"RSM00024343","2015-07","66.7667","123.4","88.0","ZHIGANSK, RS","31.7","E","30.2",",E","20",",E","11",",E","0",",E","","","0",",E","0",",E","0",",E","14",",E","0",",E","20150704",",,E","","","20150718",",,E","20150708",",,E","4.5",",E,04,","","","16.9",",,E,18,","28.8",",E,08,","98.9","E","98.9",",E","84.9",",,,E","16.12",",E","20.64",",,,E","11.59",",,,E"
"RSM00024343","2015-08","66.7667","123.4","88.0","ZHIGANSK, RS","34.5","E","2.8",",E","12",",E","6",",E","0",",E","","","0",",E","0",",E","0",",E","6",",E","0",",E","20150822",",,E","","","20150819",",,E","20150806",",,E","0.5",",E,22,","","","9.9",",,E,19,","24.6",",E,06,","271.6","E","172.7",",E","38.1",",,,E","12.85",",E","17.99",",,,E","7.72",",,,E"
"RSM00024343","2015-09","66.7667","123.4","88.0","ZHIGANSK, RS","34.5","E","0.0",",E","12",",E","6",",E","0",",E","","","0",",E","14",",E","0",",E","0",",E","0",",E","20150927",",,E","","","20150913",",,E","20150909",",,E","-9.6",",E,27,","","","8.6",",,E,13,","19.4",",E,09,","672.9","E","401.3",",E","34.6",",,,E","4.96",",E","9.43",",,,E","0.48",",,,E"
"RSM00024343","2015-10","66.7667","123.4","88.0","ZHIGANSK, RS","34.5","E","0.0",",E","24",",E","10",",E","0",",E","","","6",",E","31",",E","26",",E","0",",E","0",",E","20151027",",,E","","","20151010",",,E","20151009",",,E","-27.4",",E,27,","","","9.5",",,E,10,","1.0",",E,09,","1523.2","E","850.3",",E","59.6",",,,E","-9.10",",E","-6.50",",,,E","-11.69",",,,E"
"RSM00024343","2015-11","66.7667","123.4","88.0","ZHIGANSK, RS","34.5","E","0.0",",E","13",",E","1",",E","0",",E","29","1,","28",",E","30",",E","30",",E","0",",E","0",",E","20151115",",,E","20151116","+,1,S","20151130",",,E","20151101",",,E","-36.2",",E,15,","371","1,,S,16,+","2.5",",,E,30,","-8.1",",E,01,","2800.4","E","1277.2",",E","16.5",",,,E","-24.24",",E","-21.04",",,,E","-27.44",",,,E"
"RSM00024343","2015-12","66.7667","123.4","88.0","ZHIGANSK, RS","34.5","E","0.0",",E","14",",E","4",",E","0",",E","30","1,","31",",E","31",",E","31",",E","0",",E","0",",E","20151223",",,E","20151231","+,1,S","20151216",",,E","20151203",",,E","-46.3",",E,23,","419","1,,S,31,+","5.3",",,E,16,","-20.2",",E,03,","4429.4","E","1629.0",",E","28.1",",,,E","-34.22",",E","-31.10",",,,E","-37.33",",,,E"
"RSM00024343","2016-01","66.7667","123.4","88.0","ZHIGANSK, RS","0.0","E","0.0",",E","15",",E","2",",E","0",",E","30","1,","31",",E","31",",E","31",",E","0",",E","0",",E","20160101",",,E","20160107","+,1,S","20160131",",,E","20160106",",,E","-42.1",",E,01,","460","1,,S,07,+","3.6",",,E,31,","-8.2",",E,06,","5941.1","E","1511.7",",E","22.0",",,,E","-30.43",",E","-26.89",",,,E","-33.97",",,,E"
"RSM00024343","2016-02","66.7667","123.4","88.0","ZHIGANSK, RS","0.0","E","0.0",",E","5",",E","0",",E","0",",E","29",",","29",",E","29",",E","29",",E","0",",E","0",",E","20160207",",,E","20160229","+,,S","20160201",",,E","20160220",",,E","-45.1",",E,07,","480",",,S,29,+","1.7",",,E,01,","-15.2",",E,20,","7444.9","E","1503.8",",E","6.4",",,,E","-33.52",",E","-29.70",",,,E","-37.34",",,,E"
"RSM00024343","2016-03","66.7667","123.4","88.0","ZHIGANSK, RS","0.0","E","0.0",",E","11",",E","2",",E","0",",E","29","2,","24",",E","31",",E","29",",E","0",",E","0",",E","20160303",",,E","20160328",",2,S","20160327",",,E","20160323",",,E","-35.8",",E,03,","589","2,,S,28,","8.3",",,E,27,","2.6",",E,23,","8570.5","E","1125.6",",E","18.2",",,,E","-17.98",",E","-12.24",",,,E","-23.71",",,,E"
"RSM00024343","2016-04","66.7667","123.4","88.0","ZHIGANSK, RS","0.0","E","0.0",",E","6",",E","0",",E","0",",E","30",",","8",",E","29",",E","12",",E","0",",E","0",",E","20160403",",,E","20160403","+,,S","20160429",",,E","20160426",",,E","-24.9",",E,03,","551",",,S,03,+","2.1",",,E,29,","10.0",",E,26,","9305.4","E","734.9",",E","6.9",",,,E","-6.16",",E","0.13",",,,E","-12.46",",,,E"
"RSM00024343","2016-05","66.7667","123.4","88.0","ZHIGANSK, RS","0.0","E","0.0",",E","7",",E","1",",E","0",",E","","","0",",E","22",",E","1",",E","0",",E","0",",E","20160504",",,E","","","20160501",",,E","20160530",",,E","-8.2",",E,04,","","","11.4",",,E,01,","20.2",",E,30,","9774.3","E","468.9",",E","19.6",",,,E","3.21",",E","7.95",",,,E","-1.54",",,,E"
"RSM00024343","2016-06","66.7667","123.4","88.0","ZHIGANSK, RS","16.4","E","16.4",",E","3",",E","2",",E","0",",E","","","0",",E","0",",E","0",",E","13",",E","1",",E","20160618",",,E","","","20160622",",,E","20160629",",,E","0.3",",E,18,","","","9.4",",,E,22,","34.0",",E,29,","9931.2","E","156.9",",E","18.3",",,,E","13.65",",E","20.11",",,,E","7.19",",,,E"
"RSM00024343","2016-07","66.7667","123.4","88.0","ZHIGANSK, RS","19.7","E","3.3",",E","7",",E","2",",E","0",",E","","","0",",E","0",",E","0",",E","12",",E","0",",E","20160712",",,E","","","20160730",",,E","20160719",",,E","2.9",",E,12,","","","14.5",",,E,30,","26.2",",E,19,","137.4","E","137.4",",E","28.0",",,,E","14.01",",E","19.39",",,,E","8.62",",,,E"
"RSM00024343","2016-08","66.7667","123.4","88.0","ZHIGANSK, RS","20.0","E","0.3",",E","15",",E","6",",E","0",",E","","","0",",E","4",",E","0",",E","3",",E","0",",E","20160826",",,E","","","20160802",",,E","20160801",",,E","-3.5",",E,26,","","","21.4",",,E,02,","24.1",",E,01,","389.7","E","252.3",",E","70.4",",,,E","10.20",",E","15.01",",,,E","5.40",",,,E"
"RSM00024343","2016-09","66.7667","123.4","88.0","ZHIGANSK, RS","20.0","E","0.0",",E","9",",E","4",",E","0",",E","","","0",",E","10",",E","5",",E","5",",E","0",",E","20160927",",,E","","","20160908",",,E","20160903",",,E","-8.5",",E,27,","","","10.0",",,E,08,","25.0",",E,03,","738.2","E","348.5",",E","25.7",",,,E","6.72",",E","11.79",",,,E","1.64",",,,E"
"RSM00024343","2016-10","66.7667","123.4","88.0","ZHIGANSK, RS","20.0","E","0.0",",E","17",",E","3",",E","0",",E","31",",","6",",E","31",",E","27",",E","0",",E","0",",E","20161031",",,E","20161027","+,,S","20161024",",,E","20161004",",,E","-29.5",",E,31,","191",",,S,27,+","6.0",",,E,24,","1.9",",E,04,","1584.3","E","846.1",",E","27.9",",,,E","-8.96",",E","-6.29",",,,E","-11.63",",,,E"
"RSM00024343","2016-11","66.7667","123.4","88.0","ZHIGANSK, RS","20.0","E","0.0",",E","14",",E","1",",E","0",",E","27","3,","30",",E","30",",E","30",",E","0",",E","0",",E","20161126",",,E","20161118",",3,S","20161118",",,E","20161118",",,E","-43.1",",E,26,","211","3,,S,18,","6.8",",,E,18,","-7.8",",E,18,","2996.7","E","1412.4",",E","20.3",",,,E","-28.75",",E","-25.47",",,,E","-32.03",",,,E"
"RSM00024343","2016-12","66.7667","123.4","88.0","ZHIGANSK, RS","20.0","E","0.0",",E","18",",E","1",",E","0",",E","31",",","31",",E","31",",E","31",",E","0",",E","0",",E","20161231",",,E","20161230","+,,S","20161213",",,E","20161215","+,,E","-51.5",",E,31,","269",",,S,30,+","2.7",",,E,13,","-27.5",",E,15,+","4738.0","E","1741.3",",E","19.1",",,,E","-37.84",",E","-34.99",",,,E","-40.68",",,,E"
"RSM00024343","2017-01","66.7667","123.4","88.0","ZHIGANSK, RS","0.0","E","0.0",",E","17",",E","3",",E","0",",E","31",",","31",",E","31",",E","31",",E","0",",E","0",",E","20170101",",,E","20170130",",,S","20170125",",,E","20170126",",,E","-50.4",",E,01,","340",",,S,30,","4.3",",,E,25,","-22.3",",E,26,","6439.8","E","1701.8",",E","24.4",",,,E","-36.56",",E","-33.32",",,,E","-39.81",",,,E"
"RSM00024343","2017-02","66.7667","123.4","88.0","ZHIGANSK, RS","0.0","E","0.0",",E","13",",E","3",",E","0",",E","27","1,","28",",E","28",",E","28",",E","0",",E","0",",E","20170205",",,E","20170227","+,1,S","20170201",",,E","20170226",",,E","-46.3",",E,05,","391","1,,S,27,+","5.2",",,E,01,","-20.3",",E,26,","7874.6","E","1434.8",",E","20.9",",,,E","-32.91",",E","-29.02",",,,E","-36.80",",,,E"
"RSM00024343","2017-03","66.7667","123.4","88.0","ZHIGANSK, RS","0.0","E","0.0",",E","15",",E","1",",E","0",",E","29","2,","14",",E","31",",E","28",",E","0",",E","0",",E","20170304",",,E","20170320",",2,S","20170315",",,E","20170331",",,E","-35.5",",E,04,","429","2,,S,20,","3.2",",,E,15,","3.8",",E,31,","8859.3","E","984.7",",E","19.5",",,,E","-13.43",",E","-8.62",",,,E","-18.25",",,,E"
"RSM00024343","2017-04","66.7667","123.4","88.0","ZHIGANSK, RS","0.0","E","0.0",",E","8",",E","2",",E","0",",E","29",",","2",",E","29",",E","11",",E","0",",E","0",",E","20170412",",,E","20170403",",,S","20170403",",,E","20170428","+,,E","-21.0",",E,12,","460",",,S,03,","16.8",",,E,03,","6.1",",E,28,+","9542.3","E","683.0",",E","26.4",",,,E","-4.43",",E","0.61",",,,E","-9.48",",,,E"
"RSM00024343","2017-05","66.7667","123.4","88.0","ZHIGANSK, RS","0.0","E","0.0",",E","10",",E","8",",E","0",",E","","","0",",E","22",",E","5",",E","0",",E","0",",E","20170516",",,E","","","20170514",",,E","20170531",",,E","-10.3",",E,16,","","","10.7",",,E,14,","11.9",",E,31,","10097.7","E","555.4",",E","47.9",",,,E","0.42",",E","4.31",",,,E","-3.48",",,,E"
"RSM00024343","2017-06","66.7667","123.4","88.0","ZHIGANSK, RS","10.7","E","10.7",",E","14",",E","6",",E","0",",E","","","0",",E","1",",E","0",",E","13",",E","1",",E","20170606",",,E","","","20170606",",,E","20170623",",,E","-0.8",",E,06,","","","19.7",",,E,06,","33.2",",E,23,","10250.7","E","153.0",",E","68.2",",,,E","13.59",",E","19.40",",,,E","7.77",",,,E"
"RSM00024343","2017-07","66.7667","123.4","88.0","ZHIGANSK, RS","17.1","E","6.4",",E","7",",E","4",",E","0",",E","","","0",",E","0",",E","0",",E","7",",E","0",",E","20170729",",,E","","","20170704",",,E","20170702",",,E","2.0",",E,29,","","","13.2",",,E,04,","28.6",",E,02,","144.3","E","144.3",",E","44.8",",,,E","13.88",",E","19.06",",,,E","8.70",",,,E"
"RSM00024343","2017-08","66.7667","123.4","88.0","ZHIGANSK, RS","20.5","E","3.4",",E","10",",E","4",",E","0",",E","","","0",",E","0",",E","0",",E","11",",E","0",",E","20170820",",,E","","","20170812",",,E","20170814",",,E","3.6",",E,20,","","","22.2",",,E,12,","25.7",",E,14,","285.6","E","141.3",",E","48.4",",,,E","13.89",",E","18.59",",,,E","9.18",",,,E"
"RSM00024343","2017-09","66.7667","123.4","88.0","ZHIGANSK, RS","20.5","E","0.0",",E","10",",E","5",",E","0",",E","","","0",",E","15",",E","1",",E","0",",E","0",",E","20170929",",,E","","","20170902",",,E","20170901",",,E","-5.7",",E,29,","","","10.6",",,E,02,","17.7",",E,01,","701.3","E","415.7",",E","43.4",",,,E","4.48",",E","7.95",",,,E","1.00",",,,E"
"RSM00024343","2017-10","66.7667","123.4","88.0","ZHIGANSK, RS","20.5","E","0.0",",E","25",",E","8",",E","0",",E","29","2,","7",",E","31",",E","30",",E","0",",E","0",",E","20171030",",,E","20171031","+,2,S","20171027",",,E","20171008",",,E","-30.5",",E,30,","310","2,,S,31,+","7.2",",,E,27,","2.1",",E,08,","1587.0","E","885.7",",E","55.4",",,,E","-10.24",",E","-6.88",",,,E","-13.60",",,,E"
"RSM00024343","2017-11","66.7667","123.4","88.0","ZHIGANSK, RS","20.5","E","0.0",",E","10",",E","1",",E","0",",E","29","1,","30",",E","30",",E","30",",E","0",",E","0",",E","20171130",",,E","20171122","+,1,S","20171117",",,E","20171114",",,E","-43.2",",E,30,","340","1,,S,22,+","3.3",",,E,17,","-17.6",",E,14,","3039.6","E","1452.6",",E","12.5",",,,E","-30.09",",E","-26.00",",,,E","-34.17",",,,E"
"RSM00024343","2017-12","66.7667","123.4","88.0","ZHIGANSK, RS","20.5","E","0.0",",E","14",",E","0",",E","0",",E","30","1,","31",",E","31",",E","31",",E","0",",E","0",",E","20171223",",,E","20171225",",1,S","20171214",",,E","20171201",",,E","-45.1",",E,23,","371","1,,S,25,","1.5",",,E,14,","-24.4",",E,01,","4786.0","E","1746.4",",E","13.6",",,,E","-38.00",",E","-35.07",",,,E","-40.93",",,,E"
"RSM00024343","2018-01","66.7667","123.4","88.0","ZHIGANSK, RS","0.0","E","0.0",",E","15",",E","2",",E","0",",E","29","2,","31",",E","31",",E","31",",E","0",",E","0",",E","20180118",",,E","20180107","+,2,S","20180103",",,E","20180104",",,E","-49.2",",E,18,","429","2,,S,07,+","6.7",",,E,03,","-22.8",",E,04,","6542.2","E","1756.2",",E","21.6",",,,E","-38.32",",E","-35.10",",,,E","-41.54",",,,E"
"RSM00024343","2018-02","66.7667","123.4","88.0","ZHIGANSK, RS","0.0","E","0.0",",E","9",",E","1",",E","0",",E","27","1,","28",",E","28",",E","28",",E","0",",E","0",",E","20180204",",,E","20180228","+,1,S","20180206",",,E","20180215","+,,E","-47.2",",E,04,","419","1,,S,28,+","2.8",",,E,06,","-19.7",",E,15,+","7993.5","E","1451.3",",E","12.0",",,,E","-33.50",",E","-29.68",",,,E","-37.32",",,,E"
"RSM00024343","2018-03","66.7667","123.4","88.0","ZHIGANSK, RS","0.0","E","0.0",",E","12",",E","2",",E","0",",E","31",",","27",",E","31",",E","31",",E","0",",E","0",",E","20180302",",,E","20180330",",,S","20180326",",,E","20180326",",,E","-38.4",",E,02,","569",",,S,30,","5.8",",,E,26,","-4.3",",E,26,","9289.0","E","1295.5",",E","20.0",",,,E","-23.46",",E","-17.87",",,,E","-29.04",",,,E"
"RSM00024343","2018-04","66.7667","123.4","88.0","ZHIGANSK, RS","0.0","E","0.0",",E","9",",E","4",",E","0",",E","29","1,","7",",E","29",",E","16",",E","0",",E","0",",E","20180404",",,E","20180402",",1,S","20180416",",,E","20180415",",,E","-28.6",",E,04,","541","1,,S,02,","13.0",",,E,16,","5.3",",E,15,","10044.4","E","755.4",",E","27.0",",,,E","-6.85",",E","-1.10",",,,E","-12.59",",,,E"
"RSM00024343","2018-05","66.7667","123.4","88.0","ZHIGANSK, RS","0.0","E","0.0",",E","13",",E","2",",E","0",",E","","","0",",E","21",",E","2",",E","2",",E","0",",E","20180504",",,E","","","20180508",",,E","20180524",",,E","-9.8",",E,04,","","","5.8",",,E,08,","22.6",",E,24,","10527.0","E","482.6",",E","25.8",",,,E","2.77",",E","7.32",",,,E","-1.78",",,,E"
"RSM00024343","2018-06","66.7667","123.4","88.0","ZHIGANSK, RS","28.7","E","28.7",",E","7",",E","1",",E","0",",E","","","0",",E","0",",E","0",",E","22",",E","0",",E","20180602",",,E","","","20180625",",,E","20180606",",,E","2.4",",E,02,","","","3.7",",,E,25,","30.8",",E,06,","10591.1","E","64.1",",E","9.2",",,,E","17.15",",E","23.66",",,,E","10.65",",,,E"
"RSM00024343","2018-07","66.7667","123.4","88.0","ZHIGANSK, RS","46.9","E","18.2",",E","7",",E","2",",E","1",",E","","","0",",E","0",",E","0",",E","17",",E","0",",E","20180718",",,E","","","20180705",",,E","20180704",",,E","2.4",",E,18,","","","41.0",",,E,05,","28.6",",E,04,","98.1","E","98.1",",E","50.2",",,,E","15.75",",E","21.54",",,,E","9.97",",,,E"
"RSM00024343","2018-08","66.7667","123.4","88.0","ZHIGANSK, RS","47.7","E","0.8",",E","10",",E","5",",E","0",",E","","","0",",E","0",",E","0",",E","19",",E","0",",E","20180826",",,E","","","20180823",",,E","20180808",",,E","2.7",",E,26,","","","23.9",",,E,23,","26.5",",E,08,","185.1","E","87.0",",E","47.7",",,,E","15.55",",E","21.33",",,,E","9.78",",,,E"
"RSM00024343","2018-09","66.7667","123.4","88.0","ZHIGANSK, RS","47.7","E","0.0",",E","10",",E","5",",E","0",",E","","","0",",E","20",",E","0",",E","0",",E","0",",E","20180912",",,E","","","20180901",",,E","20180916",",,E","-6.4",",E,12,","","","5.1",",,E,01,","13.1",",E,16,","631.4","E","446.3",",E","26.6",",,,E","3.46",",E","7.92",",,,E","-1.01",",,,E"
"RSM00024343","2018-10","66.7667","123.4","88.0","ZHIGANSK, RS","47.7","E","0.0",",E","17",",E","10",",E","0",",E","","","3",",E","28",",E","20",",E","0",",E","0",",E","20181023",",,E","","","20181021",",,E","20181004",",,E","-21.7",",E,23,","","","6.0",",,E,21,","3.5",",E,04,","1338.3","E","706.9",",E","47.4",",,,E","-4.47",",E","-1.98",",,,E","-6.95",",,,E"
"RSM00024343","2018-11","66.7667","123.4","88.0","ZHIGANSK, RS","47.7","E","0.0",",E","12","1,E","3","1,E","0","1,E","29","1,","27",",E","30",",E","30",",E","0",",E","0",",E","20181122",",,E","20181115","+,1,S","20181105",",1,E","20181111","+,,E","-40.1",",E,22,","279","1,,S,15,+","3.7","1,,E,05,","-7.0",",E,11,+","2705.4","E","1367.1",",E","19.4","1,,,E","-27.24",",E","-23.79",",,,E","-30.69",",,,E"
"RSM00024343","2018-12","66.7667","123.4","88.0","ZHIGANSK, RS","47.7","E","0.0",",E","14",",E","0",",E","0",",E","30","1,","31",",E","31",",E","31",",E","0",",E","0",",E","20181223",",,E","20181229","+,1,S","20181231","+,,E","20181216",",,E","-46.9",",E,23,","330","1,,S,29,+","2.4",",,E,31,+","-22.8",",E,16,","4384.9","E","1679.5",",E","16.9",",,,E","-35.84",",E","-32.40",",,,E","-39.29",",,,E"
"RSM00024343","2019-01","66.7667","123.4","88.0","ZHIGANSK, RS","0.0","S","0.0",",E","17",",E","0",",E","0",",E","30","1,","31",",E","31",",E","31",",E","0",",E","0",",E","20190116",",,E","20190130","+,1,S","20190106",",,E","20190121",",,E","-49.1",",E,16,","409","1,,S,30,+","2.3",",,E,06,","-26.0",",E,21,","6103.1","S","1718.2",",E","14.9",",,,E","-37.09",",E","-33.46",",,,E","-40.73",",,,E"
"RSM00024343","2019-02","66.7667","123.4","88.0","ZHIGANSK, RS","0.0","S","0.0",",E","14",",E","3",",E","0",",E","27","1,","28",",E","28",",E","28",",E","0",",E","0",",E","20190201",",,E","20190228","+,1,S","20190226",",,E","20190206",",,E","-44.8",",E,01,","429","1,,S,28,+","3.6",",,E,26,","-15.8",",E,06,","7449.8","S","1346.7",",E","16.5",",,,E","-29.76",",E","-26.04",",,,E","-33.49",",,,E"
"RSM00024343","2019-03","66.7667","123.4","88.0","ZHIGANSK, RS","","","","","12","4,S","3","4,S","0","4,S","27","4,","","","","","25","5,S","0","5,S","0","5,S","","","20190311","+,4,S","20190323","+,4,S","20190331",",5,S","","","569","4,,S,11,+","4.1","4,,S,23,+","1.0","5,S,31,","","","","","19.6","4,,,S","","","-14.18","5,,,S","",""
"RSM00024343","2019-04","66.7667","123.4","88.0","ZHIGANSK, RS","","","0.0",",E","12",",E","3",",E","0",",E","28","2,","5",",E","30",",E","12",",E","0",",E","0",",E","20190414",",,E","20190416","+,2,S","20190428",",,E","20190427",",,E","-24.8",",E,14,","521","2,,S,16,+","13.4",",,E,28,","6.4",",E,27,","","","720.2",",E","27.4",",,,E","-5.68",",E","0.23",",,,E","-11.58",",,,E"
"RSM00024343","2019-05","66.7667","123.4","88.0","ZHIGANSK, RS","","","","","4","5,S","2","5,S","0","5,S","","","","","","","1","5,S","0","5,S","0","5,S","","","","","20190505",",5,S","20190528",",5,S","","","","","6.6","5,,S,05,","17.7","5,S,28,","","","","","13.2","5,,,S","","","7.49","5,,,S","",""
"RSM00024343","2019-08","66.7667","123.4","88.0","ZHIGANSK, RS","","","","","6","2,S","3","2,S","0","2,S","","","","","","","0","3,S","12","3,S","0","3,S","","","","","20190823",",2,S","20190807",",3,S","","","","","7.9","2,,S,23,","26.3","3,S,07,","","","","","21.7","2,,,S","","","19.94","3,,,S","",""
"RSM00024343","2019-09","66.7667","123.4","88.0","ZHIGANSK, RS","","","","","14","4,S","5","4,S","0","4,S","","","","","","","","","","","","","","","","","20190922",",4,S","","","","","","","10.9","4,,S,22,","","","","","","","37.3","4,,,S","","","","","",""
"RSM00024343","2019-10","66.7667","123.4","88.0","ZHIGANSK, RS","","","","","20","3,S","4","3,S","0","3,S","","","","","","","","","","","","","","","","","20191007",",3,S","","","","","","","14.0","3,,S,07,","","","","","","","42.5","3,,,S","","","","","",""
"RSM00024343","2019-11","66.7667","123.4","88.0","ZHIGANSK, RS","","","","","22","4,S","2","4,S","0","4,S","27","3,","","","","","","","","","","","","","20191105",",3,S","20191103",",4,S","","","","","391","3,,S,05,","4.8","4,,S,03,","","","","","","","27.3","4,,,S","","","","","",""
"RSM00024343","2019-12","66.7667","123.4","88.0","ZHIGANSK, RS","","","","","14","3,S","0","3,S","0","3,S","30","1,","","","","","","","","","","","","","20191231","+,1,S","20191214",",3,S","","","","","450","1,,S,31,+","2.0","3,,S,14,","","","","","","","10.4","3,,,S","","","","","",""
"RSM00024343","2020-01","66.7667","123.4","88.0","ZHIGANSK, RS","","","","","21","2,S","0","2,S","0","2,S","29","2,","","","","","","","","","","","","","20200131","+,2,S","20200107",",2,S","","","","","531","2,,S,31,+","1.8","2,,S,07,","","","","","","","19.2","2,,,S","","","","","",""
"RSM00024343","2020-02","66.7667","123.4","88.0","ZHIGANSK, RS","","","","","","","","","","","27","2,","","","","","","","","","","","","","20200226",",2,S","","","","","","","719","2,,S,26,","","","","","","","","","","","","","","","",""
"RSM00024343","2020-03","66.7667","123.4","88.0","ZHIGANSK, RS","","","","","","","","","","","28","3,","","","","","","","","","","","","","20200324",",3,S","","","","","","","841","3,,S,24,","","","","","","","","","","","","","","","",""
"RSM00024343","2020-04","66.7667","123.4","88.0","ZHIGANSK, RS","","","","","7","5,S","2","5,S","0","5,S","29","1,","","","","","11","4,S","0","4,S","0","4,S","","","20200402","+,1,S","20200426",",5,S","20200409",",4,S","","","770","1,,S,02,+","7.1","5,,S,26,","10.5","4,S,09,","","","","","16.0","5,,,S","","","-0.47","4,,,S","",""
"RSM00024343","2020-05","66.7667","123.4","88.0","ZHIGANSK, RS","","","","","","","","","","","","","","","","","5","1,S","3","1,S","0","1,S","","","","","","","20200525",",1,S","","","","","","","30.1","1,S,25,","","","","","","","","","8.61","1,,,S","",""
"RSM00024343","2020-06","66.7667","123.4","88.0","ZHIGANSK, RS","","","","","7","1,S","5","1,S","0","1,S","","","","","","","0",",S","17",",S","0",",S","","","","","20200613",",1,S","20200630",",,S","","","","","13.0","1,,S,13,","31.5",",S,30,","","","","","43.0","1,,,S","","","23.33",",,,S","",""
"RSM00024343","2020-07","66.7667","123.4","88.0","ZHIGANSK, RS","","","","","10","5,S","5","5,S","1","5,S","","","","","","","","","","","","","","","","","20200721",",5,S","","","","","","","38.1","5,,S,21,","","","","","","","69.6","5,,,S","","","","","",""
"RSM00024343","2020-08","66.7667","123.4","88.0","ZHIGANSK, RS","","","","","8","3,S","3","3,S","0","3,S","","","","","","","0","2,S","7","2,S","0","2,S","","","","","20200812",",3,S","20200805",",2,S","","","","","6.1","3,,S,12,","27.6","2,S,05,","","","","","17.5","3,,,S","","","17.55","2,,,S","",""
"RSM00024343","2020-09","66.7667","123.4","88.0","ZHIGANSK, RS","","","","","","","","","","","","","","","","","0","3,S","0","3,S","0","3,S","","","","","","","20200905",",3,S","","","","","","","17.3","3,S,05,","","","","","","","","","12.30","3,,,S","",""
"RSM00024343","2020-10","66.7667","123.4","88.0","ZHIGANSK, RS","","","","","18","4,S","6","4,S","0","4,S","","","","","","","21","1,S","0","1,S","0","1,S","","","","","20201006",",4,S","20201006",",1,S","","","","","7.9","4,,S,06,","4.9","1,S,06,","","","","","38.3","4,,,S","","","-5.71","1,,,S","",""
"RSM00024343","2020-11","66.7667","123.4","88.0","ZHIGANSK, RS","","","","","","","","","","","28","2,","","","","","","","","","","","","","20201127","+,2,S","","","","","","","290","2,,S,27,+","","","","","","","","","","","","","","","",""
"RSM00024343","2020-12","66.7667","123.4","88.0","ZHIGANSK, RS","","","","","14","5,S","3","5,S","0","5,S","30","1,","","","","","","","","","","","","","20201204",",1,S","20201202",",5,S","","","","","409","1,,S,04,","5.1","5,,S,02,","","","","","","","22.5","5,,,S","","","","","",""
"RSM00024343","2021-01","66.7667","123.4","88.0","ZHIGANSK, RS","","","","","10","3,S","0","3,S","0","3,S","30","1,","","","","","","","","","","","","","20210131","+,1,S","20210107",",3,S","","","","","371","1,,S,31,+","1.5","3,,S,07,","","","","","","","5.1","3,,,S","","","","","",""
"RSM00024343","2021-03","66.7667","123.4","88.0","ZHIGANSK, RS","","","","","17","4,S","3","4,S","0","4,S","30","1,","","","","","","","","","","","","","20210331","+,1,S","20210319",",4,S","","","","","500","1,,S,31,+","5.1","4,,S,19,","","","","","","","24.2","4,,,S","","","","","",""
"RSM00024343","2021-04","66.7667","123.4","88.0","ZHIGANSK, RS","","","","","10","5,S","3","5,S","0","5,S","30",",","","","","","22","2,S","0","2,S","0","2,S","","","20210425","+,,S","20210424","+,5,S","20210430",",2,S","","","551",",,S,25,+","3.0","5,,S,24,+","8.7","2,S,30,","","","","","15.9","5,,,S","","","-4.98","2,,,S","",""
"RSM00024343","2021-05","66.7667","123.4","88.0","ZHIGANSK, RS","","","","","6","1,S","1","1,S","0","1,S","","","","","","","0","1,S","0","1,S","0","1,S","","","","","20210518",",1,S","20210526",",1,S","","","","","7.1","1,,S,18,","20.6","1,S,26,","","","","","12.2","1,,,S","","","11.31","1,,,S","",""
"RSM00024343","2021-06","66.7667","123.4","88.0","ZHIGANSK, RS","","","","","","","","","","","","","","","","","0","4,S","17","4,S","0","4,S","","","","","","","20210623",",4,S","","","","","","","30.2","4,S,23,","","","","","","","","","21.68","4,,,S","",""
"RSM00024343","2021-07","66.7667","123.4","88.0","ZHIGANSK, RS","","","","","9","3,S","5","3,S","0","3,S","","","","","","","0","3,S","22","3,S","0","3,S","","","","","20210707",",3,S","20210702",",3,S","","","","","21.1","3,,S,07,","30.5","3,S,02,","","","","","55.7","3,,,S","","","23.96","3,,,S","",""
"RSM00024343","2021-08","66.7667","123.4","88.0","ZHIGANSK, RS","","","","","8","4,S","3","4,S","0","4,S","","","","","","","0","2,S","11","2,S","0","2,S","","","","","20210826",",4,S","20210803",",2,S","","","","","15.0","4,,S,26,","28.7","2,S,03,","","","","","27.2","4,,,S","","","18.82","2,,,S","",""
"RSM00024343","2021-09","66.7667","123.4","88.0","ZHIGANSK, RS","","","","","4","5,S","0","5,S","0","5,S","","","","","","","0","1,S","0","1,S","0","1,S","","","","","20210915","+,5,S","20210913",",1,S","","","","","2.0","5,,S,15,+","18.8","1,S,13,","","","","","5.5","5,,,S","","","10.85","1,,,S","",""
"RSM00024343","2021-10","66.7667","123.4","88.0","ZHIGANSK, RS","","","","","","","","","","","","","","","","","19","5,S","0","5,S","0","5,S","","","","","","","20211003",",5,S","","","","","","","3.8","5,S,03,","","","","","","","","","-3.14","5,,,S","",""
"RSM00024343","2021-11","66.7667","123.4","88.0","ZHIGANSK, RS","","","","","","","","","","","27","3,","","","","","","","","","","","","","20211111",",3,S","","","","","","","490","3,,S,11,","","","","","","","","","","","","","","","",""
"RSM00024343","2021-12","66.7667","123.4","88.0","ZHIGANSK, RS","","","","","13","3,S","1","3,S","0","3,S","31",",","","","","","","","","","","","","","20211231","+,,S","20211205",",3,S","","","","","480",",,S,31,+","3.0","3,,S,05,","","","","","","","11.3","3,,,S","","","","","",""
"RSM00024343","2022-01","66.7667","123.4","88.0","ZHIGANSK, RS","","","","","13","4,S","0","4,S","0","4,S","30","1,","","","","","","","","","","","","","20220129",",1,S","20220124",",4,S","","","","","551","1,,S,29,","1.8","4,,S,24,","","","","","","","8.4","4,,,S","","","","","",""
"RSM00024343","2022-02","66.7667","123.4","88.0","ZHIGANSK, RS","","","","","14","3,S","0","3,S","0","3,S","28",",","","","","","","","","","","","","","20220225",",,S","20220225","+,3,S","","","","","610",",,S,25,","2.0","3,,S,25,+","","","","","","","11.8","3,,,S","","","","","",""
"RSM00024343","2022-03","66.7667","123.4","88.0","ZHIGANSK, RS","","","","","9","1,S","0","1,S","0","1,S","31",",","","","","","30","1,S","0","1,S","0","1,S","","","20220302","+,,S","20220324",",1,S","20220328",",1,S","","","589",",,S,02,+","1.5","1,,S,24,","-3.5","1,S,28,","","","","","5.5","1,,,S","","","-14.31","1,,,S","",""
"RSM00024343","2022-04","66.7667","123.4","88.0","ZHIGANSK, RS","","","","","8","4,S","3","4,S","0","4,S","28","2,","","","","","22","1,S","0","1,S","0","1,S","","","20220415",",2,S","20220418",",4,S","20220429",",1,S","","","579","2,,S,15,","4.1","4,,S,18,","6.6","1,S,29,","","","","","16.3","4,,,S","","","-2.46","1,,,S","",""
"RSM00024343","2022-05","66.7667","123.4","88.0","ZHIGANSK, RS","","","","","7",",S","4",",S","0",",S","","","","","","","2",",S","0",",S","0",",S","","","","","20220509",",,S","20220523",",,S","","","","","7.1",",,S,09,","16.8",",S,23,","","","","","21.8",",,,S","","","7.01",",,,S","",""
"RSM00024343","2022-06","66.7667","123.4","88.0","ZHIGANSK, RS","","","","","14",",S","3",",S","0",",S","","","","","","","0",",S","15",",S","1",",S","","","","","20220610",",,S","20220625",",,S","","","","","13.7",",,S,10,","32.8",",S,25,","","","","","35.4",",,,S","","","20.47",",,,S","",""
"RSM00024343","2022-07","66.7667","123.4","88.0","ZHIGANSK, RS","","","","","","","","","","","","","","","","","0","2,S","16","2,S","0","2,S","","","","","","","20220729",",2,S","","","","","","","31.6","2,S,29,","","","","","","","","","22.87","2,,,S","",""
"RSM00024343","2022-08","66.7667","123.4","88.0","ZHIGANSK, RS","","","","","","","","","","","","","","","","","0","5,S","3","5,S","0","5,S","","","","","","","20220810",",5,S","","","","","","","22.7","5,S,10,","","","","","","","","","15.81","5,,,S","",""
"RSM00024343","2022-10","66.7667","123.4","88.0","ZHIGANSK, RS","","","","","","","","","","","23","5,","","","","","","","","","","","","","20221031",",5,S","","","","","","","211","5,,S,31,","","","","","","","","","","","","","","","",""
"RSM00024343","2022-11","66.7667","123.4","88.0","ZHIGANSK, RS","","","","","19","3,S","3","3,S","0","3,S","28","2,","","","","","","","","","","","","","20221130","+,2,S","20221103",",3,S","","","","","320","2,,S,30,+","5.1","3,,S,03,","","","","","","","24.9","3,,,S","","","","","",""
"RSM00024343","2022-12","66.7667","123.4","88.0","ZHIGANSK, RS","","","","","21","2,S","3","2,S","0","2,S","30","1,","","","","","","","","","","","","","20221231","+,1,S","20221227",",2,S","","","","","391","1,,S,31,+","5.1","2,,S,27,","","","","","","","25.6","2,,,S","","","","","",""
"RSM00024343","2023-01","66.7667","123.4","88.0","ZHIGANSK, RS","","","","","10","5,S","0","5,S","0","5,S","31",",","","","","","","","","","","","","","20230131","+,,S","20230101",",5,S","","","","","439",",,S,31,+","1.5","5,,S,01,","","","","","","","6.9","5,,,S","","","","","",""
"RSM00024343","2023-02","66.7667","123.4","88.0","ZHIGANSK, RS","","","","","","","","","","","27","1,","","","","","","","","","","","","","20230226",",1,S","","","","","","","551","1,,S,26,","","","","","","","","","","","","","","","",""
"RSM00024343","2023-04","66.7667","123.4","88.0","ZHIGANSK, RS","","","","","","","","","","","29","1,","","","","","15","4,S","0","4,S","0","4,S","","","20230408",",1,S","","","20230430",",4,S","","","711","1,,S,08,","","","8.8","4,S,30,","","","","","","","","","-2.79","4,,,S","",""
"RSM00024343","2023-06","66.7667","123.4","88.0","ZHIGANSK, RS","","","","","","","","","","","","","","","","","0","5,S","14","5,S","0","5,S","","","","","","","20230625",",5,S","","","","","","","27.6","5,S,25,","","","","","","","","","20.49","5,,,S","",""
"RSM00024343","2023-08","66.7667","123.4","88.0","ZHIGANSK, RS","","","","","","","","","","","","","","","","","0","3,S","12","3,S","0","3,S","","","","","","","20230827",",3,S","","","","","","","28.5","3,S,27,","","","","","","","","","20.77","3,,,S","",""
"RSM00024343","2023-09","66.7667","123.4","88.0","ZHIGANSK, RS","","","","","","","","","","","","","","","","","0","2,S","0","2,S","0","2,S","","","","","","","20230903",",2,S","","","","","","","12.6","2,S,03,","","","","","","","","","6.95","2,,,S","",""
"RSM00024343","2023-10","66.7667","123.4","88.0","ZHIGANSK, RS","","","","","","","","","","","24","5,","","","","","21","4,S","0","4,S","0","4,S","","","20231031",",5,S","","","20231011",",4,S","","","249","5,,S,31,","","","5.8","4,S,11,","","","","","","","","","-3.67","4,,,S","",""
"RSM00024343","2023-11","66.7667","123.4","88.0","ZHIGANSK, RS","","","","","16","4,S","7","4,S","0","4,S","28","1,","","","","","","","","","","","","","20231127","+,1,S","20231120",",4,S","","","","","551","1,,S,27,+","10.9","4,,S,20,","","","","","","","49.3","4,,,S","","","","","",""
"RSM00024343","2023-12","66.7667","123.4","88.0","ZHIGANSK, RS","","","","","","","","","","","29","2,","","","","","","","","","","","","","20231231","+,2,S","","","","","","","521","2,,S,31,+","","","","","","","","","","","","","","","",""
"RSM00024343","2024-01","66.7667","123.4","88.0","ZHIGANSK, RS","","","","","","","","","","","28","3,","","","","","","","","","","","","","20240131","+,3,S","","","","","","","559","3,,S,31,+","","","","","","","","","","","","","","","",""
"RSM00024343","2024-02","66.7667","123.4","88.0","ZHIGANSK, RS","","","","","","","","","","","28","1,","","","","","29",",S","0",",S","0",",S","","","20240229","+,1,S","","","20240229",",,S","","","559","1,,S,29,+","","","-20.6",",S,29,","","","","","","","","","-32.10",",,,S","",""
"RSM00024343","2024-04","66.7667","123.4","88.0","ZHIGANSK, RS","","","","","","","","","","","25","5,","","","","","16","3,S","0","3,S","0","3,S","","","20240414","+,5,S","","","20240421",",3,S","","","620","5,,S,14,+","","","9.3","3,S,21,","","","","","","","","","-1.83","3,,,S","",""
"RSM00024343","2024-05","66.7667","123.4","88.0","ZHIGANSK, RS","","","","","","","","","","","","","","","","","5","2,S","5","2,S","0","2,S","","","","","","","20240531",",2,S","","","","","","","27.5","2,S,31,","","","","","","","","","9.66","2,,,S","",""
