"STATION","DATE","LATITUDE","LONGITUDE","ELEVATION","NAME","DP01","DP01_ATTRIBUTES","DP10","DP10_ATTRIBUTES","DP1X","DP1X_ATTRIBUTES","DSND","DSND_ATTRIBUTES","DYSD","DYSD_ATTRIBUTES","DYXP","DYXP_ATTRIBUTES","EMSD","EMSD_ATTRIBUTES","EMXP","EMXP_ATTRIBUTES","PRCP","PRCP_ATTRIBUTES"
"SWE00137976","1945-03","57.15","15.68","171.0","FAGERHULT D, SW","7",",E","2",",E","0",",E","","","","","19450320",",,E","","","3.7",",,E,20,","13.5",",,,E"
"SWE00137976","1945-04","57.15","15.68","171.0","FAGERHULT D, SW","11",",E","7",",E","0",",E","","","","","19450428",",,E","","","17.8",",,E,28,","52.0",",,,E"
"SWE00137976","1945-05","57.15","15.68","171.0","FAGERHULT D, SW","10",",E","4",",E","0",",E","","","","","19450503",",,E","","","24.1",",,E,03,","59.2",",,,E"
"SWE00137976","1945-06","57.15","15.68","171.0","FAGERHULT D, SW","13",",E","6",",E","0",",E","","","","","19450606",",,E","","","9.2",",,E,06,","43.7",",,,E"
"SWE00137976","1945-07","57.15","15.68","171.0","FAGERHULT D, SW","14",",E","11",",E","0",",E","","","","","19450701",",,E","","","14.2",",,E,01,","77.2",",,,E"
"SWE00137976","1945-08","57.15","15.68","171.0","FAGERHULT D, SW","14",",E","10",",E","3",",E","","","","","19450831",",,E","","","33.4",",,E,31,","148.6",",,,E"
"SWE00137976","1945-09","57.15","15.68","171.0","FAGERHULT D, SW","8",",E","1",",E","0",",E","","","","","19450922",",,E","","","5.2",",,E,22,","11.5",",,,E"
"SWE00137976","1945-10","57.15","15.68","171.0","FAGERHULT D, SW","12",",E","3",",E","0",",E","","","","","19451010",",,E","","","7.5",",,E,10,","29.9",",,,E"
"SWE00137976","1945-11","57.15","15.68","171.0","FAGERHULT D, SW","14",",E","7",",E","1",",E","","","","","19451109",",,E","","","32.7",",,E,09,","63.2",",,,E"
"SWE00137976","1945-12","57.15","15.68","171.0","FAGERHULT D, SW","19",",E","12",",E","0",",E","","","","","19451226",",,E","","","10.8",",,E,26,","62.6",",,,E"
"SWE00137976","1946-01","57.15","15.68","171.0","FAGERHULT D, SW","7",",E","4",",E","0",",E","","","","","19460112",",,E","","","7.3",",,E,12,","23.2",",,,E"
"SWE00137976","1946-02","57.15","15.68","171.0","FAGERHULT D, SW","14",",E","8",",E","0",",E","","","","","19460207",",,E","","","7.8",",,E,07,","48.6",",,,E"
"SWE00137976","1946-03","57.15","15.68","171.0","FAGERHULT D, SW","11",",E","4",",E","0",",E","","","","","19460322",",,E","","","7.6",",,E,22,","26.3",",,,E"
"SWE00137976","1946-04","57.15","15.68","171.0","FAGERHULT D, SW","9",",E","2",",E","0",",E","","","","","19460427",",,E","","","17.7",",,E,27,","27.2",",,,E"
"SWE00137976","1946-05","57.15","15.68","171.0","FAGERHULT D, SW","9",",E","4",",E","0",",E","","","","","19460514",",,E","","","13.1",",,E,14,","34.7",",,,E"
"SWE00137976","1946-06","57.15","15.68","171.0","FAGERHULT D, SW","17",",E","12",",E","1",",E","","","","","19460614",",,E","","","31.8",",,E,14,","112.0",",,,E"
"SWE00137976","1946-07","57.15","15.68","171.0","FAGERHULT D, SW","11",",E","7",",E","0",",E","","","","","19460716",",,E","","","11.0",",,E,16,","47.8",",,,E"
"SWE00137976","1946-08","57.15","15.68","171.0","FAGERHULT D, SW","15",",E","8",",E","0",",E","","","","","19460831",",,E","","","23.8",",,E,31,","82.2",",,,E"
"SWE00137976","1946-09","57.15","15.68","171.0","FAGERHULT D, SW","17",",E","11",",E","0",",E","","","","","19460902",",,E","","","19.3",",,E,02,","86.4",",,,E"
"SWE00137976","1946-10","57.15","15.68","171.0","FAGERHULT D, SW","5",",E","3",",E","0",",E","","","","","19461006",",,E","","","17.0",",,E,06,","37.9",",,,E"
"SWE00137976","1946-11","57.15","15.68","171.0","FAGERHULT D, SW","13",",E","6",",E","0",",E","","","","","19461120",",,E","","","4.0",",,E,20,","29.2",",,,E"
"SWE00137976","1946-12","57.15","15.68","171.0","FAGERHULT D, SW","13",",E","4",",E","0",",E","","","","","19461204",",,E","","","8.2",",,E,04,","37.4",",,,E"
"SWE00137976","1947-01","57.15","15.68","171.0","FAGERHULT D, SW","16",",E","2",",E","0",",E","","","","","19470113",",,E","","","3.4",",,E,13,","19.8",",,,E"
"SWE00137976","1947-02","57.15","15.68","171.0","FAGERHULT D, SW","7",",E","0",",E","0",",E","","","","","19470228",",,E","","","2.4",",,E,28,","7.4",",,,E"
"SWE00137976","1947-03","57.15","15.68","171.0","FAGERHULT D, SW","17",",E","5",",E","0",",E","","","","","19470307",",,E","","","10.0",",,E,07,","43.4",",,,E"
"SWE00137976","1947-04","57.15","15.68","171.0","FAGERHULT D, SW","9",",E","5",",E","0",",E","","","","","19470428",",,E","","","3.6",",,E,28,","19.3",",,,E"
"SWE00137976","1947-05","57.15","15.68","171.0","FAGERHULT D, SW","1",",E","0",",E","0",",E","","","","","19470528",",,E","","","1.1",",,E,28,","1.1",",,,E"
"SWE00137976","1947-06","57.15","15.68","171.0","FAGERHULT D, SW","9",",E","6",",E","0",",E","","","","","19470623",",,E","","","9.3",",,E,23,","34.1",",,,E"
"SWE00137976","1947-07","57.15","15.68","171.0","FAGERHULT D, SW","17",",E","11",",E","2",",E","","","","","19470718",",,E","","","38.2",",,E,18,","187.8",",,,E"
"SWE00137976","1947-08","57.15","15.68","171.0","FAGERHULT D, SW","2",",E","2",",E","0",",E","","","","","19470806",",,E","","","21.0",",,E,06,","24.6",",,,E"
"SWE00137976","1947-09","57.15","15.68","171.0","FAGERHULT D, SW","9",",E","5",",E","0",",E","","","","","19470919",",,E","","","9.4",",,E,19,","31.0",",,,E"
"SWE00137976","1947-10","57.15","15.68","171.0","FAGERHULT D, SW","5",",E","2",",E","0",",E","","","","","19471009",",,E","","","9.1",",,E,09,","13.9",",,,E"
"SWE00137976","1947-11","57.15","15.68","171.0","FAGERHULT D, SW","21",",E","12",",E","0",",E","","","","","19471109",",,E","","","13.3",",,E,09,","74.2",",,,E"
"SWE00137976","1947-12","57.15","15.68","171.0","FAGERHULT D, SW","16",",E","10",",E","0",",E","","","","","19471228",",,E","","","14.2",",,E,28,","64.7",",,,E"
"SWE00137976","1948-01","57.15","15.68","171.0","FAGERHULT D, SW","19",",E","11",",E","0",",E","","","","","19480105",",,E","","","14.0",",,E,05,","75.4",",,,E"
"SWE00137976","1948-02","57.15","15.68","171.0","FAGERHULT D, SW","10",",E","3",",E","0",",E","","","","","19480207",",,E","","","8.7",",,E,07,","25.5",",,,E"
"SWE00137976","1948-03","57.15","15.68","171.0","FAGERHULT D, SW","8",",E","2",",E","0",",E","","","","","19480316",",,E","","","8.6",",,E,16,","15.3",",,,E"
"SWE00137976","1948-04","57.15","15.68","171.0","FAGERHULT D, SW","9",",E","4",",E","0",",E","","","","","19480430",",,E","","","18.0",",,E,30,","49.8",",,,E"
"SWE00137976","1948-05","57.15","15.68","171.0","FAGERHULT D, SW","15",",E","5",",E","1",",E","","","","","19480529",",,E","","","28.2",",,E,29,","64.5",",,,E"
"SWE00137976","1948-06","57.15","15.68","171.0","FAGERHULT D, SW","11",",E","6",",E","0",",E","","","","","19480629",",,E","","","16.1",",,E,29,","44.1",",,,E"
"SWE00137976","1948-07","57.15","15.68","171.0","FAGERHULT D, SW","12",",E","11",",E","1",",E","","","","","19480708",",,E","","","30.8",",,E,08,","122.5",",,,E"
"SWE00137976","1948-08","57.15","15.68","171.0","FAGERHULT D, SW","15",",E","10",",E","0",",E","","","","","19480807",",,E","","","21.0",",,E,07,","90.5",",,,E"
"SWE00137976","1948-09","57.15","15.68","171.0","FAGERHULT D, SW","13",",E","7",",E","1",",E","","","","","19480905",",,E","","","25.5",",,E,05,","77.2",",,,E"
"SWE00137976","1948-10","57.15","15.68","171.0","FAGERHULT D, SW","13",",E","4",",E","0",",E","","","","","19481018",",,E","","","3.7",",,E,18,","23.5",",,,E"
"SWE00137976","1948-11","57.15","15.68","171.0","FAGERHULT D, SW","9","2,E","5","2,E","0","2,E","","","","","19481109",",2,E","","","7.1","2,,E,09,","26.6","2,,,E"
"SWE00137976","1948-12","57.15","15.68","171.0","FAGERHULT D, SW","9",",E","3",",E","0",",E","","","","","19481217",",,E","","","3.9",",,E,17,","16.3",",,,E"
"SWE00137976","1949-03","57.15","15.68","171.0","FAGERHULT D, SW","8",",E","3",",E","0",",E","","","","","19490313",",,E","","","4.6",",,E,13,","16.8",",,,E"
"SWE00137976","1949-04","57.15","15.68","171.0","FAGERHULT D, SW","10",",E","4",",E","0",",E","","","","","19490408",",,E","","","9.6",",,E,08,","37.7",",,,E"
"SWE00137976","1949-05","57.15","15.68","171.0","FAGERHULT D, SW","6",",E","5",",E","0",",E","","","","","19490527",",,E","","","13.5",",,E,27,","32.0",",,,E"
"SWE00137976","1949-06","57.15","15.68","171.0","FAGERHULT D, SW","12",",E","5",",E","0",",E","","","","","19490626",",,E","","","8.2",",,E,26,","41.0",",,,E"
"SWE00137976","1949-07","57.15","15.68","171.0","FAGERHULT D, SW","10",",E","4",",E","1",",E","","","","","19490728",",,E","","","34.5",",,E,28,","70.5",",,,E"
"SWE00137976","1949-08","57.15","15.68","171.0","FAGERHULT D, SW","10",",E","4",",E","0",",E","","","","","19490802",",,E","","","5.6",",,E,02,","27.5",",,,E"
"SWE00137976","1949-09","57.15","15.68","171.0","FAGERHULT D, SW","11",",E","5",",E","2",",E","","","","","19490903",",,E","","","32.1",",,E,03,","88.5",",,,E"
"SWE00137976","1949-10","57.15","15.68","171.0","FAGERHULT D, SW","11",",E","4",",E","0",",E","","","","","19491024",",,E","","","9.1",",,E,24,","32.1",",,,E"
"SWE00137976","1949-11","57.15","15.68","171.0","FAGERHULT D, SW","18",",E","12",",E","0",",E","","","","","19491108",",,E","","","15.5",",,E,08,","104.8",",,,E"
"SWE00137976","1949-12","57.15","15.68","171.0","FAGERHULT D, SW","22",",E","12",",E","0",",E","","","","","19491217",",,E","","","14.3",",,E,17,","80.9",",,,E"
"SWE00137976","1950-01","57.15","15.68","171.0","FAGERHULT D, SW","18",",E","7",",E","0",",E","","","","","19500112",",,E","","","9.7",",,E,12,","47.5",",,,E"
"SWE00137976","1950-02","57.15","15.68","171.0","FAGERHULT D, SW","14",",E","9",",E","0",",E","","","","","19500210",",,E","","","11.6",",,E,10,","65.4",",,,E"
"SWE00137976","1950-03","57.15","15.68","171.0","FAGERHULT D, SW","7",",E","3",",E","0",",E","","","","","19500313",",,E","","","4.7",",,E,13,","15.8",",,,E"
"SWE00137976","1950-04","57.15","15.68","171.0","FAGERHULT D, SW","14",",E","7",",E","0",",E","","","","","19500428",",,E","","","9.2",",,E,28,","45.0",",,,E"
"SWE00137976","1950-05","57.15","15.68","171.0","FAGERHULT D, SW","9",",E","5",",E","0",",E","","","","","19500528",",,E","","","14.3",",,E,28,","41.7",",,,E"
"SWE00137976","1950-06","57.15","15.68","171.0","FAGERHULT D, SW","7",",E","3",",E","0",",E","","","","","19500621",",,E","","","13.1",",,E,21,","27.5",",,,E"
"SWE00137976","1950-07","57.15","15.68","171.0","FAGERHULT D, SW","15",",E","7",",E","0",",E","","","","","19500729",",,E","","","20.9",",,E,29,","68.9",",,,E"
"SWE00137976","1950-08","57.15","15.68","171.0","FAGERHULT D, SW","11",",E","6",",E","0",",E","","","","","19500803",",,E","","","22.8",",,E,03,","70.9",",,,E"
"SWE00137976","1950-09","57.15","15.68","171.0","FAGERHULT D, SW","14",",E","11",",E","0",",E","","","","","19500925",",,E","","","18.0",",,E,25,","75.5",",,,E"
"SWE00137976","1950-10","57.15","15.68","171.0","FAGERHULT D, SW","17",",E","10",",E","1",",E","","","","","19501011",",,E","","","26.5",",,E,11,","109.9",",,,E"
"SWE00137976","1950-11","57.15","15.68","171.0","FAGERHULT D, SW","21",",E","8",",E","0",",E","","","","","19501121",",,E","","","14.1",",,E,21,","70.3",",,,E"
"SWE00137976","1950-12","57.15","15.68","171.0","FAGERHULT D, SW","21",",E","12",",E","0",",E","","","","","19501230",",,E","","","13.9",",,E,30,","75.2",",,,E"
"SWE00137976","1951-01","57.15","15.68","171.0","FAGERHULT D, SW","18",",E","8",",E","0",",E","","","","","19510107",",,E","","","18.2",",,E,07,","87.5",",,,E"
"SWE00137976","1951-02","57.15","15.68","171.0","FAGERHULT D, SW","15",",E","3",",E","0",",E","","","","","19510217",",,E","","","5.6",",,E,17,","29.0",",,,E"
"SWE00137976","1951-03","57.15","15.68","171.0","FAGERHULT D, SW","16",",E","11",",E","0",",E","","","","","19510322",",,E","","","8.9",",,E,22,","66.4",",,,E"
"SWE00137976","1951-04","57.15","15.68","171.0","FAGERHULT D, SW","11",",E","2",",E","0",",E","","","","","19510404",",,E","","","5.0",",,E,04,","23.0",",,,E"
"SWE00137976","1951-05","57.15","15.68","171.0","FAGERHULT D, SW","7",",E","3",",E","1",",E","","","","","19510528",",,E","","","28.4",",,E,28,","50.1",",,,E"
"SWE00137976","1951-06","57.15","15.68","171.0","FAGERHULT D, SW","10",",E","7",",E","0",",E","","","","","19510625",",,E","","","13.5",",,E,25,","45.2",",,,E"
"SWE00137976","1951-07","57.15","15.68","171.0","FAGERHULT D, SW","11",",E","5",",E","0",",E","","","","","19510709",",,E","","","6.1",",,E,09,","26.9",",,,E"
"SWE00137976","1951-08","57.15","15.68","171.0","FAGERHULT D, SW","15",",E","11",",E","0",",E","","","","","19510831",",,E","","","12.3",",,E,31,","64.9",",,,E"
"SWE00137976","1951-09","57.15","15.68","171.0","FAGERHULT D, SW","9",",E","4",",E","0",",E","","","","","19510914",",,E","","","7.3",",,E,14,","29.3",",,,E"
"SWE00137976","1951-10","57.15","15.68","171.0","FAGERHULT D, SW","5",",E","1",",E","0",",E","","","","","19511031",",,E","","","6.9",",,E,31,","10.4",",,,E"
"SWE00137976","1951-11","57.15","15.68","171.0","FAGERHULT D, SW","20",",E","7",",E","0",",E","","","","","19511109",",,E","","","22.6",",,E,09,","74.9",",,,E"
"SWE00137976","1951-12","57.15","15.68","171.0","FAGERHULT D, SW","15",",E","9",",E","0",",E","","","","","19511203",",,E","","","5.6",",,E,03,","41.8",",,,E"
"SWE00137976","1952-01","57.15","15.68","171.0","FAGERHULT D, SW","18",",E","5",",E","0",",E","","","","","19520119",",,E","","","15.1",",,E,19,","57.6",",,,E"
"SWE00137976","1952-02","57.15","15.68","171.0","FAGERHULT D, SW","10",",E","4",",E","0",",E","","","","","19520211",",,E","","","11.3",",,E,11,","23.6",",,,E"
"SWE00137976","1952-03","57.15","15.68","171.0","FAGERHULT D, SW","4",",E","3",",E","0",",E","","","","","19520303",",,E","","","7.3",",,E,03,","18.4",",,,E"
"SWE00137976","1952-04","57.15","15.68","171.0","FAGERHULT D, SW","10",",E","6",",E","0",",E","","","","","19520428",",,E","","","9.0",",,E,28,","36.1",",,,E"
"SWE00137976","1952-05","57.15","15.68","171.0","FAGERHULT D, SW","13",",E","9",",E","0",",E","","","","","19520505",",,E","","","23.8",",,E,05,","85.5",",,,E"
"SWE00137976","1952-06","57.15","15.68","171.0","FAGERHULT D, SW","9",",E","5",",E","0",",E","","","","","19520618",",,E","","","21.3",",,E,18,","58.3",",,,E"
"SWE00137976","1952-07","57.15","15.68","171.0","FAGERHULT D, SW","18",",E","8",",E","0",",E","","","","","19520712",",,E","","","24.0",",,E,12,","74.2",",,,E"
"SWE00137976","1952-08","57.15","15.68","171.0","FAGERHULT D, SW","11",",E","5",",E","0",",E","","","","","19520817",",,E","","","23.8",",,E,17,","77.8",",,,E"
"SWE00137976","1952-09","57.15","15.68","171.0","FAGERHULT D, SW","15",",E","7",",E","0",",E","","","","","19520906",",,E","","","20.9",",,E,06,","68.3",",,,E"
"SWE00137976","1952-10","57.15","15.68","171.0","FAGERHULT D, SW","23",",E","14",",E","1",",E","","","","","19521002",",,E","","","31.5",",,E,02,","159.8",",,,E"
"SWE00137976","1952-11","57.15","15.68","171.0","FAGERHULT D, SW","19",",E","9",",E","0",",E","","","","","19521116",",,E","","","10.1",",,E,16,","59.2",",,,E"
"SWE00137976","1952-12","57.15","15.68","171.0","FAGERHULT D, SW","21",",E","8",",E","0",",E","","","","","19521221",",,E","","","11.9",",,E,21,","60.8",",,,E"
"SWE00137976","1953-01","57.15","15.68","171.0","FAGERHULT D, SW","11",",E","3",",E","0",",E","","","","","19530127","+,,E","","","3.1",",,E,27,+","16.7",",,,E"
"SWE00137976","1953-02","57.15","15.68","171.0","FAGERHULT D, SW","17",",E","6",",E","0",",E","","","","","19530205",",,E","","","7.0",",,E,05,","39.0",",,,E"
"SWE00137976","1953-04","57.15","15.68","171.0","FAGERHULT D, SW","9",",E","5",",E","0",",E","","","","","19530429",",,E","","","5.7",",,E,29,","26.2",",,,E"
"SWE00137976","1953-05","57.15","15.68","171.0","FAGERHULT D, SW","16",",E","5",",E","0",",E","","","","","19530511",",,E","","","11.1",",,E,11,","47.3",",,,E"
"SWE00137976","1953-06","57.15","15.68","171.0","FAGERHULT D, SW","15",",E","11",",E","0",",E","","","","","19530602",",,E","","","19.4",",,E,02,","76.2",",,,E"
"SWE00137976","1953-07","57.15","15.68","171.0","FAGERHULT D, SW","19",",E","11",",E","0",",E","","","","","19530731",",,E","","","10.3",",,E,31,","59.3",",,,E"
"SWE00137976","1953-08","57.15","15.68","171.0","FAGERHULT D, SW","15",",E","7",",E","0",",E","","","","","19530820",",,E","","","12.8",",,E,20,","57.2",",,,E"
"SWE00137976","1953-09","57.15","15.68","171.0","FAGERHULT D, SW","16",",E","10",",E","0",",E","","","","","19530909",",,E","","","8.4",",,E,09,","55.6",",,,E"
"SWE00137976","1953-10","57.15","15.68","171.0","FAGERHULT D, SW","9",",E","3",",E","0",",E","","","","","19531017",",,E","","","7.0",",,E,17,","23.0",",,,E"
"SWE00137976","1953-11","57.15","15.68","171.0","FAGERHULT D, SW","11",",E","4",",E","0",",E","","","","","19531112",",,E","","","10.3",",,E,12,","34.3",",,,E"
"SWE00137976","1953-12","57.15","15.68","171.0","FAGERHULT D, SW","14",",E","4",",E","0",",E","","","","","19531219",",,E","","","7.9",",,E,19,","26.6",",,,E"
"SWE00137976","1954-01","57.15","15.68","171.0","FAGERHULT D, SW","17",",E","7",",E","0",",E","","","","","19540115",",,E","","","11.1",",,E,15,","51.2",",,,E"
"SWE00137976","1954-02","57.15","15.68","171.0","FAGERHULT D, SW","17",",E","2",",E","0",",E","","","","","19540226",",,E","","","6.5",",,E,26,","24.9",",,,E"
"SWE00137976","1954-03","57.15","15.68","171.0","FAGERHULT D, SW","9",",E","6",",E","0",",E","","","","","19540305",",,E","","","15.8",",,E,05,","41.0",",,,E"
"SWE00137976","1954-04","57.15","15.68","171.0","FAGERHULT D, SW","10",",E","5",",E","0",",E","","","","","19540429",",,E","","","5.0",",,E,29,","24.1",",,,E"
"SWE00137976","1954-05","57.15","15.68","171.0","FAGERHULT D, SW","12",",E","5",",E","0",",E","","","","","19540523",",,E","","","11.4",",,E,23,","50.0",",,,E"
"SWE00137976","1954-06","57.15","15.68","171.0","FAGERHULT D, SW","14",",E","7",",E","0",",E","","","","","19540613",",,E","","","15.4",",,E,13,","55.7",",,,E"
"SWE00137976","1954-07","57.15","15.68","171.0","FAGERHULT D, SW","17",",E","11",",E","0",",E","","","","","19540728",",,E","","","10.0",",,E,28,","76.6",",,,E"
"SWE00137976","1954-08","57.15","15.68","171.0","FAGERHULT D, SW","14",",E","8",",E","1",",E","","","","","19540815",",,E","","","26.3",",,E,15,","75.3",",,,E"
"SWE00137976","1954-09","57.15","15.68","171.0","FAGERHULT D, SW","14",",E","9",",E","0",",E","","","","","19540916",",,E","","","10.7",",,E,16,","55.9",",,,E"
"SWE00137976","1954-10","57.15","15.68","171.0","FAGERHULT D, SW","12",",E","6",",E","0",",E","","","","","19541019",",,E","","","19.0",",,E,19,","73.5",",,,E"
"SWE00137976","1954-11","57.15","15.68","171.0","FAGERHULT D, SW","18",",E","5",",E","0",",E","","","","","19541130",",,E","","","7.7",",,E,30,","40.1",",,,E"
"SWE00137976","1954-12","57.15","15.68","171.0","FAGERHULT D, SW","18",",E","8",",E","0",",E","","","","","19541211",",,E","","","11.1",",,E,11,","56.3",",,,E"
"SWE00137976","1955-01","57.15","15.68","171.0","FAGERHULT D, SW","11",",E","2",",E","0",",E","","","","","19550116",",,E","","","10.0",",,E,16,","30.7",",,,E"
"SWE00137976","1955-02","57.15","15.68","171.0","FAGERHULT D, SW","12",",E","5",",E","0",",E","","","","","19550209",",,E","","","12.6",",,E,09,","36.3",",,,E"
"SWE00137976","1955-03","57.15","15.68","171.0","FAGERHULT D, SW","11",",E","6",",E","0",",E","","","","","19550326",",,E","","","18.0",",,E,26,","46.0",",,,E"
"SWE00137976","1955-04","57.15","15.68","171.0","FAGERHULT D, SW","5",",E","2",",E","0",",E","","","","","19550407",",,E","","","13.5",",,E,07,","22.0",",,,E"
"SWE00137976","1955-05","57.15","15.68","171.0","FAGERHULT D, SW","18",",E","9",",E","0",",E","","","","","19550507",",,E","","","14.0",",,E,07,","56.2",",,,E"
"SWE00137976","1955-06","57.15","15.68","171.0","FAGERHULT D, SW","4",",E","2",",E","0",",E","","","","","19550630",",,E","","","3.0",",,E,30,","8.1",",,,E"
"SWE00137976","1955-07","57.15","15.68","171.0","FAGERHULT D, SW","4",",E","3",",E","0",",E","","","","","19550702",",,E","","","9.0",",,E,02,","17.3",",,,E"
"SWE00137976","1955-08","57.15","15.68","171.0","FAGERHULT D, SW","6",",E","5",",E","0",",E","","","","","19550802",",,E","","","24.5",",,E,02,","47.0",",,,E"
"SWE00137976","1955-09","57.15","15.68","171.0","FAGERHULT D, SW","12",",E","5",",E","1",",E","","","","","19550915",",,E","","","42.5",",,E,15,","82.7",",,,E"
"SWE00137976","1955-10","57.15","15.68","171.0","FAGERHULT D, SW","10",",E","8",",E","0",",E","","","","","19551014",",,E","","","9.0",",,E,14,","35.9",",,,E"
"SWE00137976","1955-11","57.15","15.68","171.0","FAGERHULT D, SW","5",",E","1",",E","0",",E","","","","","19551105",",,E","","","4.5",",,E,05,","10.7",",,,E"
"SWE00137976","1955-12","57.15","15.68","171.0","FAGERHULT D, SW","15",",E","10",",E","0",",E","","","","","19551221",",,E","","","17.5",",,E,21,","73.7",",,,E"
"SWE00137976","1956-01","57.15","15.68","171.0","FAGERHULT D, SW","19",",E","10",",E","0",",E","","","","","19560119",",,E","","","6.9",",,E,19,","47.3",",,,E"
"SWE00137976","1956-02","57.15","15.68","171.0","FAGERHULT D, SW","13",",E","5",",E","0",",E","","","","","19560217",",,E","","","5.3",",,E,17,","28.7",",,,E"
"SWE00137976","1956-03","57.15","15.68","171.0","FAGERHULT D, SW","4",",E","3",",E","0",",E","","","","","19560331",",,E","","","10.6",",,E,31,","19.2",",,,E"
"SWE00137976","1956-04","57.15","15.68","171.0","FAGERHULT D, SW","6",",E","3",",E","0",",E","","","","","19560405",",,E","","","15.0",",,E,05,","36.6",",,,E"
"SWE00137976","1956-05","57.15","15.68","171.0","FAGERHULT D, SW","6",",E","2",",E","0",",E","","","","","19560510",",,E","","","5.0",",,E,10,","13.3",",,,E"
"SWE00137976","1956-06","57.15","15.68","171.0","FAGERHULT D, SW","13",",E","6",",E","0",",E","","","","","19560620",",,E","","","11.0",",,E,20,","47.9",",,,E"
"SWE00137976","1956-07","57.15","15.68","171.0","FAGERHULT D, SW","8",",E","5",",E","0",",E","","","","","19560705",",,E","","","7.6",",,E,05,","29.6",",,,E"
"SWE00137976","1956-08","57.15","15.68","171.0","FAGERHULT D, SW","13",",E","11",",E","1",",E","","","","","19560824",",,E","","","32.0",",,E,24,","90.3",",,,E"
"SWE00137976","1956-10","57.15","15.68","171.0","FAGERHULT D, SW","4",",E","2",",E","0",",E","","","","","19561005",",,E","","","19.0",",,E,05,","27.2",",,,E"
"SWE00137976","1956-12","57.15","15.68","171.0","FAGERHULT D, SW","12",",E","9",",E","0",",E","","","","","19561221",",,E","","","13.1",",,E,21,","45.6",",,,E"
"SWE00137976","1957-01","57.15","15.68","171.0","FAGERHULT D, SW","12",",E","4",",E","0",",E","","","","","19570102",",,E","","","6.6",",,E,02,","33.8",",,,E"
"SWE00137976","1957-02","57.15","15.68","171.0","FAGERHULT D, SW","15",",E","9",",E","0",",E","","","","","19570216",",,E","","","8.2",",,E,16,","56.0",",,,E"
"SWE00137976","1957-03","57.15","15.68","171.0","FAGERHULT D, SW","6",",E","2",",E","0",",E","","","","","19570320",",,E","","","13.1",",,E,20,","29.3",",,,E"
"SWE00137976","1957-04","57.15","15.68","171.0","FAGERHULT D, SW","7",",E","4",",E","0",",E","","","","","19570422",",,E","","","17.0",",,E,22,","43.8",",,,E"
"SWE00137976","1957-05","57.15","15.68","171.0","FAGERHULT D, SW","7",",E","4",",E","0",",E","","","","","19570510",",,E","","","21.0",",,E,10,","48.6",",,,E"
"SWE00137976","1957-07","57.15","15.68","171.0","FAGERHULT D, SW","12",",E","5",",E","1",",E","","","","","19570717",",,E","","","25.7",",,E,17,","51.2",",,,E"
"SWE00137976","1957-08","57.15","15.68","171.0","FAGERHULT D, SW","10",",E","6",",E","2",",E","","","","","19570818",",,E","","","39.3",",,E,18,","132.1",",,,E"
"SWE00137976","1957-09","57.15","15.68","171.0","FAGERHULT D, SW","11",",E","8",",E","0",",E","","","","","19570912",",,E","","","7.5",",,E,12,","48.5",",,,E"
"SWE00137976","1957-10","57.15","15.68","171.0","FAGERHULT D, SW","14",",E","7",",E","0",",E","","","","","19571028",",,E","","","5.8",",,E,28,","40.8",",,,E"
"SWE00137976","1957-11","57.15","15.68","171.0","FAGERHULT D, SW","11",",E","3",",E","0",",E","","","","","19571110",",,E","","","18.7",",,E,10,","39.1",",,,E"
"SWE00137976","1957-12","57.15","15.68","171.0","FAGERHULT D, SW","6",",E","3",",E","0",",E","","","","","19571208",",,E","","","7.3",",,E,08,","17.2",",,,E"
"SWE00137976","1958-01","57.15","15.68","171.0","FAGERHULT D, SW","11",",E","6",",E","0",",E","","","","","19580118",",,E","","","12.0",",,E,18,","42.8",",,,E"
"SWE00137976","1958-02","57.15","15.68","171.0","FAGERHULT D, SW","14",",E","11",",E","0",",E","","","","","19580216",",,E","","","14.5",",,E,16,","76.6",",,,E"
"SWE00137976","1958-03","57.15","15.68","171.0","FAGERHULT D, SW","10",",E","8",",E","0",",E","","","","","19580310",",,E","","","8.0",",,E,10,","38.2",",,,E"
"SWE00137976","1958-04","57.15","15.68","171.0","FAGERHULT D, SW","7",",E","4",",E","0",",E","","","","","19580401",",,E","","","17.0",",,E,01,","36.7",",,,E"
"SWE00137976","1958-05","57.15","15.68","171.0","FAGERHULT D, SW","8",",E","6",",E","0",",E","","","","","19580516",",,E","","","13.7",",,E,16,","47.4",",,,E"
"SWE00137976","1958-06","57.15","15.68","171.0","FAGERHULT D, SW","12",",E","8",",E","0",",E","","","","","19580601",",,E","","","15.5",",,E,01,","61.7",",,,E"
"SWE00137976","1958-07","57.15","15.68","171.0","FAGERHULT D, SW","11",",E","8",",E","2",",E","","","","","19580716",",,E","","","31.6",",,E,16,","104.9",",,,E"
"SWE00137976","1958-08","57.15","15.68","171.0","FAGERHULT D, SW","11",",E","9",",E","0",",E","","","","","19580813",",,E","","","9.8",",,E,13,","59.5",",,,E"
"SWE00137976","1958-09","57.15","15.68","171.0","FAGERHULT D, SW","10",",E","6",",E","0",",E","","","","","19580923",",,E","","","8.6",",,E,23,","36.9",",,,E"
"SWE00137976","1958-10","57.15","15.68","171.0","FAGERHULT D, SW","13",",E","7",",E","0",",E","","","","","19581002",",,E","","","15.5",",,E,02,","54.2",",,,E"
"SWE00137976","1958-11","57.15","15.68","171.0","FAGERHULT D, SW","9",",E","4",",E","0",",E","","","","","19581102",",,E","","","9.8",",,E,02,","34.6",",,,E"
"SWE00137976","1958-12","57.15","15.68","171.0","FAGERHULT D, SW","18",",E","11",",E","0",",E","","","","","19581225",",,E","","","12.0",",,E,25,","70.0",",,,E"
"SWE00137976","1959-01","57.15","15.68","171.0","FAGERHULT D, SW","17",",E","8",",E","0",",E","","","","","19590109",",,E","","","12.3",",,E,09,","69.0",",,,E"
"SWE00137976","1959-02","57.15","15.68","171.0","FAGERHULT D, SW","0",",E","0",",E","0",",E","","","","","19590218",",,E","","","0.2",",,E,18,","0.2",",,,E"
"SWE00137976","1959-03","57.15","15.68","171.0","FAGERHULT D, SW","5",",E","2",",E","0",",E","","","","","19590306",",,E","","","4.1",",,E,06,","11.6",",,,E"
"SWE00137976","1959-04","57.15","15.68","171.0","FAGERHULT D, SW","6",",E","5",",E","1",",E","","","","","19590410",",,E","","","41.1",",,E,10,","69.3",",,,E"
"SWE00137976","1959-05","57.15","15.68","171.0","FAGERHULT D, SW","4",",E","2",",E","0",",E","","","","","19590518",",,E","","","5.2",",,E,18,","9.0",",,,E"
"SWE00137976","1959-06","57.15","15.68","171.0","FAGERHULT D, SW","7",",E","4",",E","0",",E","","","","","19590628",",,E","","","15.0",",,E,28,","31.3",",,,E"
"SWE00137976","1959-07","57.15","15.68","171.0","FAGERHULT D, SW","6",",E","2",",E","0",",E","","","","","19590720",",,E","","","9.5",",,E,20,","20.0",",,,E"
"SWE00137976","1959-08","57.15","15.68","171.0","FAGERHULT D, SW","5",",E","4",",E","0",",E","","","","","19590803",",,E","","","5.7",",,E,03,","17.7",",,,E"
"SWE00137976","1959-09","57.15","15.68","171.0","FAGERHULT D, SW","6",",E","3",",E","0",",E","","","","","19590927",",,E","","","19.3",",,E,27,","31.3",",,,E"
"SWE00137976","1959-10","57.15","15.68","171.0","FAGERHULT D, SW","8",",E","4",",E","0",",E","","","","","19591029",",,E","","","15.9",",,E,29,","46.8",",,,E"
"SWE00137976","1959-11","57.15","15.68","171.0","FAGERHULT D, SW","8",",E","5",",E","0",",E","","","","","19591113",",,E","","","10.7",",,E,13,","29.1",",,,E"
"SWE00137976","1959-12","57.15","15.68","171.0","FAGERHULT D, SW","19",",E","9",",E","0",",E","","","","","19591204",",,E","","","8.2",",,E,04,","55.4",",,,E"
"SWE00137976","1960-01","57.15","15.68","171.0","FAGERHULT D, SW","18",",E","10",",E","0",",E","","","","","19600120",",,E","","","9.6",",,E,20,","62.6",",,,E"
"SWE00137976","1960-02","57.15","15.68","171.0","FAGERHULT D, SW","10",",E","5",",E","0",",E","","","","","19600228",",,E","","","7.0",",,E,28,","29.1",",,,E"
"SWE00137976","1960-03","57.15","15.68","171.0","FAGERHULT D, SW","7",",E","3",",E","0",",E","","","","","19600301",",,E","","","13.5",",,E,01,","28.7",",,,E"
"SWE00137976","1960-04","57.15","15.68","171.0","FAGERHULT D, SW","8",",E","3",",E","0",",E","","","","","19600427",",,E","","","7.4",",,E,27,","21.0",",,,E"
"SWE00137976","1960-05","57.15","15.68","171.0","FAGERHULT D, SW","9",",E","5",",E","0",",E","","","","","19600518",",,E","","","24.0",",,E,18,","45.8",",,,E"
"SWE00137976","1960-06","57.15","15.68","171.0","FAGERHULT D, SW","11",",E","4",",E","1",",E","","","","","19600606",",,E","","","31.5",",,E,06,","61.0",",,,E"
"SWE00137976","1960-07","57.15","15.68","171.0","FAGERHULT D, SW","16",",E","9",",E","0",",E","","","","","19600727",",,E","","","19.0",",,E,27,","87.9",",,,E"
"SWE00137976","1960-08","57.15","15.68","171.0","FAGERHULT D, SW","14",",E","10",",E","1",",E","","","","","19600803",",,E","","","37.3",",,E,03,","161.7",",,,E"
"SWE00137976","1960-09","57.15","15.68","171.0","FAGERHULT D, SW","5",",E","3",",E","0",",E","","","","","19600927",",,E","","","15.2",",,E,27,","33.9",",,,E"
"SWE00137976","1960-10","57.15","15.68","171.0","FAGERHULT D, SW","17",",E","8",",E","0",",E","","","","","19601010",",,E","","","20.0",",,E,10,","79.1",",,,E"
"SWE00137976","1960-11","57.15","15.68","171.0","FAGERHULT D, SW","20",",E","15",",E","0",",E","","","","","19601119",",,E","","","15.4",",,E,19,","116.4",",,,E"
"SWE00137976","1960-12","57.15","15.68","171.0","FAGERHULT D, SW","15",",E","7",",E","0",",E","","","","","19601207",",,E","","","16.4",",,E,07,","70.6",",,,E"
"SWE00137976","1961-01","57.15","15.68","171.0","FAGERHULT D, SW","15",",E","6",",E","0",",E","","","","","19610104",",,E","","","9.1",",,E,04,","34.7",",,,E"
"SWE00137976","1961-02","57.15","15.68","171.0","FAGERHULT D, SW","9",",E","4",",E","0",",E","","","","","19610201",",,E","","","6.9",",,E,01,","22.1",",,,E"
"SWE00137976","1961-03","57.15","15.68","171.0","FAGERHULT D, SW","6",",E","3",",E","0",",E","","","","","19610329",",,E","","","5.2",",,E,29,","14.7",",,,E"
"SWE00137976","1961-04","57.15","15.68","171.0","FAGERHULT D, SW","4",",E","3",",E","0",",E","","","","","19610406",",,E","","","15.7",",,E,06,","30.9",",,,E"
"SWE00137976","1961-05","57.15","15.68","171.0","FAGERHULT D, SW","14",",E","6",",E","0",",E","","","","","19610526",",,E","","","21.4",",,E,26,","67.8",",,,E"
"SWE00137976","1961-06","57.15","15.68","171.0","FAGERHULT D, SW","11",",E","5",",E","0",",E","","","","","19610608",",,E","","","11.2",",,E,08,","35.2",",,,E"
"SWE00137976","1961-07","57.15","15.68","171.0","FAGERHULT D, SW","24",",E","13",",E","0",",E","","","","","19610729",",,E","","","12.9",",,E,29,","109.0",",,,E"
"SWE00137976","1961-08","57.15","15.68","171.0","FAGERHULT D, SW","11",",E","5",",E","0",",E","","","","","19610801",",,E","","","14.7",",,E,01,","39.1",",,,E"
"SWE00137976","1961-09","57.15","15.68","171.0","FAGERHULT D, SW","7",",E","7",",E","1",",E","","","","","19610907",",,E","","","36.2",",,E,07,","82.6",",,,E"
"SWE00137976","1961-10","57.15","15.68","171.0","FAGERHULT D, SW","14",",E","7",",E","0",",E","","","","","19611018",",,E","","","15.1",",,E,18,","49.6",",,,E"
"SWE00137976","1961-11","57.15","15.68","171.0","FAGERHULT D, SW","9",",E","8",",E","0",",E","","","","","19611111",",,E","","","22.3",",,E,11,","60.6",",,,E"
"SWE00137976","1961-12","57.15","15.68","171.0","FAGERHULT D, SW","13",",E","4",",E","0",",E","","","","","19611231",",,E","","","10.4",",,E,31,","34.8",",,,E"
"SWE00137976","1962-01","57.15","15.68","171.0","FAGERHULT D, SW","15",",E","5",",E","0",",E","","","","","19620122",",,E","","","10.2",",,E,22,","32.4",",,,E"
"SWE00137976","1962-02","57.15","15.68","171.0","FAGERHULT D, SW","12",",E","5",",E","0",",E","","","","","19620215",",,E","","","6.9",",,E,15,","34.9",",,,E"
"SWE00137976","1962-03","57.15","15.68","171.0","FAGERHULT D, SW","7",",E","3",",E","0",",E","","","","","19620331",",,E","","","5.8",",,E,31,","15.2",",,,E"
"SWE00137976","1962-04","57.15","15.68","171.0","FAGERHULT D, SW","16",",E","7",",E","0",",E","","","","","19620426",",,E","","","15.8",",,E,26,","51.4",",,,E"
"SWE00137976","1962-05","57.15","15.68","171.0","FAGERHULT D, SW","15",",E","8",",E","0",",E","","","","","19620509",",,E","","","19.0",",,E,09,","55.3",",,,E"
"SWE00137976","1962-06","57.15","15.68","171.0","FAGERHULT D, SW","13",",E","4",",E","0",",E","","","","","19620619",",,E","","","9.2",",,E,19,","32.6",",,,E"
"SWE00137976","1962-07","57.15","15.68","171.0","FAGERHULT D, SW","20",",E","6",",E","0",",E","","","","","19620701",",,E","","","11.6",",,E,01,","50.2",",,,E"
"SWE00137976","1962-08","57.15","15.68","171.0","FAGERHULT D, SW","21",",E","10",",E","0",",E","","","","","19620818",",,E","","","21.7",",,E,18,","93.8",",,,E"
"SWE00137976","1962-09","57.15","15.68","171.0","FAGERHULT D, SW","14",",E","6",",E","0",",E","","","","","19620912",",,E","","","11.6",",,E,12,","49.8",",,,E"
"SWE00137976","1962-10","57.15","15.68","171.0","FAGERHULT D, SW","4",",E","1",",E","0",",E","","","","","19621026",",,E","","","4.9",",,E,26,","8.0",",,,E"
"SWE00137976","1962-11","57.15","15.68","171.0","FAGERHULT D, SW","12",",E","6",",E","0",",E","","","","","19621111",",,E","","","8.2",",,E,11,","38.4",",,,E"
"SWE00137976","1962-12","57.15","15.68","171.0","FAGERHULT D, SW","13",",E","4",",E","0",",E","","","","","19621215",",,E","","","15.8",",,E,15,","49.8",",,,E"
"SWE00137976","1963-01","57.15","15.68","171.0","FAGERHULT D, SW","11",",E","1",",E","0",",E","","","","","19630126",",,E","","","5.5",",,E,26,","18.0",",,,E"
"SWE00137976","1963-02","57.15","15.68","171.0","FAGERHULT D, SW","13",",E","5",",E","0",",E","","","","","19630204",",,E","","","5.2",",,E,04,","28.4",",,,E"
"SWE00137976","1963-03","57.15","15.68","171.0","FAGERHULT D, SW","5",",E","1",",E","0",",E","","","","","19630312",",,E","","","13.4",",,E,12,","18.5",",,,E"
"SWE00137976","1963-04","57.15","15.68","171.0","FAGERHULT D, SW","11",",E","5",",E","0",",E","","","","","19630420",",,E","","","19.7",",,E,20,","48.0",",,,E"
"SWE00137976","1963-05","57.15","15.68","171.0","FAGERHULT D, SW","8",",E","4",",E","0",",E","","","","","19630523",",,E","","","8.5",",,E,23,","23.7",",,,E"
"SWE00137976","1963-06","57.15","15.68","171.0","FAGERHULT D, SW","12",",E","6",",E","0",",E","","","","","19630626",",,E","","","20.1",",,E,26,","67.4",",,,E"
"SWE00137976","1963-07","57.15","15.68","171.0","FAGERHULT D, SW","15",",E","6",",E","0",",E","","","","","19630707",",,E","","","20.8",",,E,07,","63.5",",,,E"
"SWE00137976","1963-08","57.15","15.68","171.0","FAGERHULT D, SW","11",",E","7",",E","0",",E","","","","","19630815",",,E","","","16.2",",,E,15,","64.1",",,,E"
"SWE00137976","1963-09","57.15","15.68","171.0","FAGERHULT D, SW","10",",E","5",",E","0",",E","","","","","19630901",",,E","","","12.6",",,E,01,","44.1",",,,E"
"SWE00137976","1963-10","57.15","15.68","171.0","FAGERHULT D, SW","13",",E","4",",E","0",",E","","","","","19631002",",,E","","","12.1",",,E,02,","37.5",",,,E"
"SWE00137976","1963-11","57.15","15.68","171.0","FAGERHULT D, SW","26",",E","11",",E","0",",E","","","","","19631122",",,E","","","16.6",",,E,22,","101.3",",,,E"
"SWE00137976","1963-12","57.15","15.68","171.0","FAGERHULT D, SW","6",",E","2",",E","0",",E","","","","","19631212",",,E","","","3.6",",,E,12,","9.0",",,,E"
"SWE00137976","1964-01","57.15","15.68","171.0","FAGERHULT D, SW","7",",E","1",",E","0",",E","","","","","19640126",",,E","","","3.7",",,E,26,","10.7",",,,E"
"SWE00137976","1964-02","57.15","15.68","171.0","FAGERHULT D, SW","9",",E","3",",E","0",",E","","","","","19640211",",,E","","","6.1",",,E,11,","21.6",",,,E"
"SWE00137976","1964-03","57.15","15.68","171.0","FAGERHULT D, SW","7",",E","0",",E","0",",E","","","","","19640305",",,E","","","1.8",",,E,05,","6.1",",,,E"
"SWE00137976","1964-04","57.15","15.68","171.0","FAGERHULT D, SW","9",",E","1",",E","0",",E","","","","","19640424",",,E","","","7.3",",,E,24,","11.7",",,,E"
"SWE00137976","1964-05","57.15","15.68","171.0","FAGERHULT D, SW","9",",E","3",",E","0",",E","","","","","19640526",",,E","","","6.9",",,E,26,","19.6",",,,E"
"SWE00137976","1964-06","57.15","15.68","171.0","FAGERHULT D, SW","8",",E","1",",E","0",",E","","","","","19640602",",,E","","","20.0",",,E,02,","28.0",",,,E"
"SWE00137976","1964-07","57.15","15.68","171.0","FAGERHULT D, SW","13",",E","5",",E","0",",E","","","","","19640727",",,E","","","18.4",",,E,27,","54.6",",,,E"
"SWE00137976","1964-08","57.15","15.68","171.0","FAGERHULT D, SW","10",",E","5",",E","0",",E","","","","","19640818",",,E","","","23.2",",,E,18,","53.4",",,,E"
"SWE00137976","1964-09","57.15","15.68","171.0","FAGERHULT D, SW","11",",E","5",",E","0",",E","","","","","19640911",",,E","","","14.1",",,E,11,","52.2",",,,E"
"SWE00137976","1964-10","57.15","15.68","171.0","FAGERHULT D, SW","12",",E","7",",E","0",",E","","","","","19641013",",,E","","","25.1",",,E,13,","77.9",",,,E"
"SWE00137976","1964-11","57.15","15.68","171.0","FAGERHULT D, SW","14",",E","6",",E","0",",E","","","","","19641116",",,E","","","8.1",",,E,16,","40.8",",,,E"
"SWE00137976","1964-12","57.15","15.68","171.0","FAGERHULT D, SW","13",",E","4",",E","0",",E","","","","","19641213",",,E","","","15.4",",,E,13,","42.1",",,,E"
"SWE00137976","1965-01","57.15","15.68","171.0","FAGERHULT D, SW","18",",E","9",",E","0",",E","","","","","19650126",",,E","","","6.8",",,E,26,","54.0",",,,E"
"SWE00137976","1965-02","57.15","15.68","171.0","FAGERHULT D, SW","11",",E","3",",E","0",",E","","","","","19650204",",,E","","","7.3",",,E,04,","21.2",",,,E"
"SWE00137976","1965-03","57.15","15.68","171.0","FAGERHULT D, SW","9",",E","3",",E","0",",E","","","","","19650324",",,E","","","7.9",",,E,24,","23.6",",,,E"
"SWE00137976","1965-04","57.15","15.68","171.0","FAGERHULT D, SW","14",",E","6",",E","0",",E","","","","","19650407",",,E","","","12.0",",,E,07,","48.7",",,,E"
"SWE00137976","1965-05","57.15","15.68","171.0","FAGERHULT D, SW","9",",E","4",",E","0",",E","","","","","19650510",",,E","","","14.9",",,E,10,","34.7",",,,E"
"SWE00137976","1965-06","57.15","15.68","171.0","FAGERHULT D, SW","15",",E","8",",E","0",",E","","","","","19650612",",,E","","","13.1",",,E,12,","54.9",",,,E"
"SWE00137976","1965-07","57.15","15.68","171.0","FAGERHULT D, SW","18",",E","13",",E","0",",E","","","","","19650722",",,E","","","19.0",",,E,22,","100.5",",,,E"
"SWE00137976","1965-08","57.15","15.68","171.0","FAGERHULT D, SW","12",",E","5",",E","0",",E","","","","","19650804",",,E","","","7.0",",,E,04,","30.9",",,,E"
"SWE00137976","1965-09","57.15","15.68","171.0","FAGERHULT D, SW","17",",E","11",",E","0",",E","","","","","19650905",",,E","","","23.6",",,E,05,","106.2",",,,E"
"SWE00137976","1965-10","57.15","15.68","171.0","FAGERHULT D, SW","4",",E","1",",E","0",",E","","","","","19651030",",,E","","","4.5",",,E,30,","6.3",",,,E"
"SWE00137976","1965-11","57.15","15.68","171.0","FAGERHULT D, SW","20",",E","10",",E","0",",E","","","","","19651101",",,E","","","12.5",",,E,01,","72.1",",,,E"
"SWE00137976","1965-12","57.15","15.68","171.0","FAGERHULT D, SW","21",",E","11",",E","0",",E","","","","","19651205",",,E","","","19.5",",,E,05,","92.8",",,,E"
"SWE00137976","1966-01","57.15","15.68","171.0","FAGERHULT D, SW","17",",E","3",",E","0",",E","","","","","19660101",",,E","","","13.1",",,E,01,","37.3",",,,E"
"SWE00137976","1966-02","57.15","15.68","171.0","FAGERHULT D, SW","20",",E","9",",E","0",",E","","","","","19660205",",,E","","","11.1",",,E,05,","66.4",",,,E"
"SWE00137976","1966-03","57.15","15.68","171.0","FAGERHULT D, SW","16",",E","6",",E","0",",E","","","","","19660327",",,E","","","9.7",",,E,27,","43.4",",,,E"
"SWE00137976","1966-04","57.15","15.68","171.0","FAGERHULT D, SW","15",",E","11",",E","0",",E","","","","","19660414",",,E","","","12.3",",,E,14,","65.9",",,,E"
"SWE00137976","1966-05","57.15","15.68","171.0","FAGERHULT D, SW","13",",E","3",",E","1",",E","","","","","19660505",",,E","","","37.1",",,E,05,","72.8",",,,E"
"SWE00137976","1966-06","57.15","15.68","171.0","FAGERHULT D, SW","9",",E","3",",E","1",",E","","","","","19660628",",,E","","","26.2",",,E,28,","48.9",",,,E"
"SWE00137976","1966-07","57.15","15.68","171.0","FAGERHULT D, SW","13",",E","3",",E","0",",E","","","","","19660730",",,E","","","15.2",",,E,30,","36.6",",,,E"
"SWE00137976","1966-08","57.15","15.68","171.0","FAGERHULT D, SW","12",",E","5",",E","0",",E","","","","","19660813",",,E","","","9.4",",,E,13,","37.8",",,,E"
"SWE00137976","1966-09","57.15","15.68","171.0","FAGERHULT D, SW","7",",E","4",",E","0",",E","","","","","19660901",",,E","","","7.6",",,E,01,","24.4",",,,E"
"SWE00137976","1966-10","57.15","15.68","171.0","FAGERHULT D, SW","17",",E","10",",E","0",",E","","","","","19661022",",,E","","","19.2",",,E,22,","85.2",",,,E"
"SWE00137976","1966-11","57.15","15.68","171.0","FAGERHULT D, SW","15",",E","8",",E","0",",E","","","","","19661118",",,E","","","11.3",",,E,18,","71.0",",,,E"
"SWE00137976","1966-12","57.15","15.68","171.0","FAGERHULT D, SW","20",",E","7",",E","0",",E","","","","","19661209",",,E","","","9.2",",,E,09,","55.1",",,,E"
"SWE00137976","1967-01","57.15","15.68","171.0","FAGERHULT D, SW","20",",E","10",",E","0",",E","","","","","19670121",",,E","","","13.0",",,E,21,","85.9",",,,E"
"SWE00137976","1967-02","57.15","15.68","171.0","FAGERHULT D, SW","11",",E","6",",E","0",",E","","","","","19670222",",,E","","","6.0",",,E,22,","33.5",",,,E"
"SWE00137976","1967-03","57.15","15.68","171.0","FAGERHULT D, SW","15",",E","4",",E","0",",E","","","","","19670328",",,E","","","8.8",",,E,28,","35.3",",,,E"
"SWE00137976","1967-04","57.15","15.68","171.0","FAGERHULT D, SW","11",",E","8",",E","0",",E","","","","","19670406",",,E","","","15.7",",,E,06,","68.2",",,,E"
"SWE00137976","1967-05","57.15","15.68","171.0","FAGERHULT D, SW","17",",E","6",",E","0",",E","","","","","19670506",",,E","","","6.1",",,E,06,","37.5",",,,E"
"SWE00137976","1967-06","57.15","15.68","171.0","FAGERHULT D, SW","14",",E","4",",E","0",",E","","","","","19670628",",,E","","","8.3",",,E,28,","28.2",",,,E"
"SWE00137976","1967-07","57.15","15.68","171.0","FAGERHULT D, SW","6",",E","3",",E","0",",E","","","","","19670720",",,E","","","7.6",",,E,20,","16.5",",,,E"
"SWE00137976","1967-08","57.15","15.68","171.0","FAGERHULT D, SW","18",",E","11",",E","0",",E","","","","","19670810",",,E","","","23.1",",,E,10,","104.0",",,,E"
"SWE00137976","1967-09","57.15","15.68","171.0","FAGERHULT D, SW","17",",E","11",",E","1",",E","","","","","19670921",",,E","","","35.6",",,E,21,","105.3",",,,E"
"SWE00137976","1967-10","57.15","15.68","171.0","FAGERHULT D, SW","19",",E","4",",E","0",",E","","","","","19671017",",,E","","","24.0",",,E,17,","52.1",",,,E"
"SWE00137976","1967-11","57.15","15.68","171.0","FAGERHULT D, SW","10",",E","2",",E","0",",E","","","","","19671111",",,E","","","6.8",",,E,11,","21.7",",,,E"
"SWE00137976","1967-12","57.15","15.68","171.0","FAGERHULT D, SW","16",",E","9",",E","1",",E","","","","","19671223",",,E","","","27.2",",,E,23,","76.3",",,,E"
"SWE00137976","1968-01","57.15","15.68","171.0","FAGERHULT D, SW","19",",E","9",",E","0",",E","","","","","19680117",",,E","","","16.6",",,E,17,","64.4",",,,E"
"SWE00137976","1968-02","57.15","15.68","171.0","FAGERHULT D, SW","12",",E","3",",E","0",",E","","","","","19680209",",,E","","","10.6",",,E,09,","36.9",",,,E"
"SWE00137976","1968-03","57.15","15.68","171.0","FAGERHULT D, SW","10",",E","5",",E","0",",E","","","","","19680317",",,E","","","6.1",",,E,17,","26.6",",,,E"
"SWE00137976","1968-04","57.15","15.68","171.0","FAGERHULT D, SW","10",",E","3",",E","0",",E","","","","","19680407",",,E","","","16.9",",,E,07,","33.7",",,,E"
"SWE00137976","1968-05","57.15","15.68","171.0","FAGERHULT D, SW","17",",E","6",",E","0",",E","","","","","19680506",",,E","","","24.3",",,E,06,","75.1",",,,E"
"SWE00137976","1968-06","57.15","15.68","171.0","FAGERHULT D, SW","10",",E","5",",E","0",",E","","","","","19680627",",,E","","","12.4",",,E,27,","36.7",",,,E"
"SWE00137976","1968-07","57.15","15.68","171.0","FAGERHULT D, SW","15",",E","8",",E","0",",E","","","","","19680711",",,E","","","23.0",",,E,11,","82.7",",,,E"
"SWE00137976","1968-08","57.15","15.68","171.0","FAGERHULT D, SW","10",",E","7",",E","0",",E","","","","","19680806",",,E","","","7.8",",,E,06,","31.5",",,,E"
"SWE00137976","1968-09","57.15","15.68","171.0","FAGERHULT D, SW","9",",E","5",",E","0",",E","","","","","19680922",",,E","","","12.3",",,E,22,","35.0",",,,E"
"SWE00137976","1968-10","57.15","15.68","171.0","FAGERHULT D, SW","15",",E","8",",E","0",",E","","","","","19681011",",,E","","","15.2",",,E,11,","68.2",",,,E"
"SWE00137976","1968-11","57.15","15.68","171.0","FAGERHULT D, SW","23",",E","7",",E","0",",E","","","","","19681101",",,E","","","17.2",",,E,01,","73.3",",,,E"
"SWE00137976","1968-12","57.15","15.68","171.0","FAGERHULT D, SW","14",",E","6",",E","0",",E","","","","","19681223",",,E","","","5.0",",,E,23,","30.8",",,,E"
"SWE00137976","1969-01","57.15","15.68","171.0","FAGERHULT D, SW","24",",E","8",",E","0",",E","","","","","19690118",",,E","","","16.5",",,E,18,","83.8",",,,E"
"SWE00137976","1969-02","57.15","15.68","171.0","FAGERHULT D, SW","17",",E","10",",E","0",",E","","","","","19690212",",,E","","","6.3",",,E,12,","52.6",",,,E"
"SWE00137976","1969-03","57.15","15.68","171.0","FAGERHULT D, SW","7",",E","2",",E","0",",E","","","","","19690308",",,E","","","4.2",",,E,08,","11.7",",,,E"
"SWE00137976","1969-04","57.15","15.68","171.0","FAGERHULT D, SW","13",",E","6",",E","0",",E","","","","","19690419",",,E","","","11.9",",,E,19,","37.4",",,,E"
"SWE00137976","1969-05","57.15","15.68","171.0","FAGERHULT D, SW","23",",E","11",",E","0",",E","","","","","19690519",",,E","","","14.2",",,E,19,","94.9",",,,E"
"SWE00137976","1969-06","57.15","15.68","171.0","FAGERHULT D, SW","3",",E","1",",E","0",",E","","","","","19690603",",,E","","","15.9",",,E,03,","17.6",",,,E"
"SWE00137976","1969-07","57.15","15.68","171.0","FAGERHULT D, SW","4",",E","2",",E","0",",E","","","","","19690717",",,E","","","6.3",",,E,17,","13.2",",,,E"
"SWE00137976","1969-08","57.15","15.68","171.0","FAGERHULT D, SW","12",",E","11",",E","0",",E","","","","","19690826",",,E","","","24.5",",,E,26,","150.0",",,,E"
"SWE00137976","1969-09","57.15","15.68","171.0","FAGERHULT D, SW","12",",E","7",",E","0",",E","","","","","19690921",",,E","","","8.8",",,E,21,","46.8",",,,E"
"SWE00137976","1969-10","57.15","15.68","171.0","FAGERHULT D, SW","9",",E","3",",E","0",",E","","","","","19691010",",,E","","","5.7",",,E,10,","17.7",",,,E"
"SWE00137976","1969-11","57.15","15.68","171.0","FAGERHULT D, SW","22",",E","8",",E","0",",E","","","","","19691128",",,E","","","19.2",",,E,28,","80.6",",,,E"
"SWE00137976","1969-12","57.15","15.68","171.0","FAGERHULT D, SW","15",",E","7",",E","0",",E","","","","","19691216",",,E","","","5.6",",,E,16,","36.8",",,,E"
"SWE00137976","1970-01","57.15","15.68","171.0","FAGERHULT D, SW","15",",E","4",",E","0",",E","","","","","19700126",",,E","","","5.6",",,E,26,","24.0",",,,E"
"SWE00137976","1970-02","57.15","15.68","171.0","FAGERHULT D, SW","15",",E","0",",E","0",",E","","","","","19700223",",,E","","","1.9",",,E,23,","14.4",",,,E"
"SWE00137976","1970-03","57.15","15.68","171.0","FAGERHULT D, SW","18",",E","8",",E","0",",E","26","5,","19700308",",5,E","19700305",",,E","740","5,,E,08,","17.9",",,E,05,","74.0",",,,E"
"SWE00137976","1970-04","57.15","15.68","171.0","FAGERHULT D, SW","20",",E","10",",E","0",",E","22","2,","19700406",",2,E","19700410",",,E","780","2,,E,06,","22.8",",,E,10,","110.7",",,,E"
"SWE00137976","1970-05","57.15","15.68","171.0","FAGERHULT D, SW","13",",E","3",",E","0",",E","","","","","19700513",",,E","","","7.6",",,E,13,","31.9",",,,E"
"SWE00137976","1970-06","57.15","15.68","171.0","FAGERHULT D, SW","5",",E","3",",E","0",",E","","","","","19700612",",,E","","","12.4",",,E,12,","25.9",",,,E"
"SWE00137976","1970-07","57.15","15.68","171.0","FAGERHULT D, SW","22",",E","11",",E","0",",E","","","","","19700720",",,E","","","11.9",",,E,20,","73.8",",,,E"
"SWE00137976","1970-08","57.15","15.68","171.0","FAGERHULT D, SW","12",",E","6",",E","2",",E","","","","","19700804",",,E","","","33.1",",,E,04,","112.1",",,,E"
"SWE00137976","1970-09","57.15","15.68","171.0","FAGERHULT D, SW","15",",E","6",",E","0",",E","","","","","19700913",",,E","","","15.1",",,E,13,","66.3",",,,E"
"SWE00137976","1970-10","57.15","15.68","171.0","FAGERHULT D, SW","19",",E","10",",E","0",",E","","","","","19701003",",,E","","","23.4",",,E,03,","113.2",",,,E"
"SWE00137976","1970-11","57.15","15.68","171.0","FAGERHULT D, SW","18",",E","14",",E","0",",E","","","","","19701103",",,E","","","16.3",",,E,03,","100.6",",,,E"
"SWE00137976","1970-12","57.15","15.68","171.0","FAGERHULT D, SW","14",",E","1",",E","0",",E","","","","","19701202",",,E","","","2.6",",,E,02,","19.3",",,,E"
"SWE00137976","1971-01","57.15","15.68","171.0","FAGERHULT D, SW","9",",E","2",",E","0",",E","","","","","19710122",",,E","","","8.3",",,E,22,","18.9",",,,E"
"SWE00137976","1971-02","57.15","15.68","171.0","FAGERHULT D, SW","13",",E","3",",E","0",",E","","","","","19710218",",,E","","","7.2",",,E,18,","23.4",",,,E"
"SWE00137976","1971-03","57.15","15.68","171.0","FAGERHULT D, SW","16",",E","9",",E","0",",E","","","","","19710311",",,E","","","10.5",",,E,11,","59.5",",,,E"
"SWE00137976","1971-04","57.15","15.68","171.0","FAGERHULT D, SW","15",",E","6",",E","0",",E","","","","","19710429",",,E","","","17.7",",,E,29,","43.5",",,,E"
"SWE00137976","1971-05","57.15","15.68","171.0","FAGERHULT D, SW","9",",E","3",",E","0",",E","","","","","19710525",",,E","","","13.0",",,E,25,","27.1",",,,E"
"SWE00137976","1971-08","57.15","15.68","171.0","FAGERHULT D, SW","16",",E","5",",E","0",",E","","","","","19710830",",,E","","","9.1",",,E,30,","41.2",",,,E"
"SWE00137976","1971-09","57.15","15.68","171.0","FAGERHULT D, SW","13",",E","8",",E","0",",E","","","","","19710912",",,E","","","10.1",",,E,12,","54.1",",,,E"
"SWE00137976","1971-10","57.15","15.68","171.0","FAGERHULT D, SW","11",",E","4",",E","0",",E","","","","","19711019",",,E","","","7.1",",,E,19,","27.2",",,,E"
"SWE00137976","1971-11","57.15","15.68","171.0","FAGERHULT D, SW","19",",E","6",",E","0",",E","","","","","19711106",",,E","","","12.0",",,E,06,","62.4",",,,E"
"SWE00137976","1971-12","57.15","15.68","171.0","FAGERHULT D, SW","11",",E","6",",E","1",",E","","","","","19711228",",,E","","","25.7",",,E,28,","56.5",",,,E"
"SWE00137976","1972-01","57.15","15.68","171.0","FAGERHULT D, SW","18",",E","4",",E","0",",E","","","","","19720129",",,E","","","16.0",",,E,29,","51.3",",,,E"
"SWE00137976","1972-02","57.15","15.68","171.0","FAGERHULT D, SW","11",",E","4",",E","0",",E","","","","","19720207",",,E","","","10.2",",,E,07,","31.4",",,,E"
"SWE00137976","1972-03","57.15","15.68","171.0","FAGERHULT D, SW","11",",E","5",",E","0",",E","","","","","19720308",",,E","","","7.3",",,E,08,","35.6",",,,E"
"SWE00137976","1972-04","57.15","15.68","171.0","FAGERHULT D, SW","16",",E","6",",E","0",",E","","","","","19720412",",,E","","","9.1",",,E,12,","43.4",",,,E"
"SWE00137976","1972-05","57.15","15.68","171.0","FAGERHULT D, SW","12",",E","7",",E","0",",E","","","","","19720517",",,E","","","11.8",",,E,17,","49.0",",,,E"
"SWE00137976","1972-06","57.15","15.68","171.0","FAGERHULT D, SW","9",",E","4",",E","0",",E","","","","","19720612",",,E","","","7.3",",,E,12,","25.8",",,,E"
"SWE00137976","1972-07","57.15","15.68","171.0","FAGERHULT D, SW","14",",E","8",",E","1",",E","","","","","19720710",",,E","","","32.3",",,E,10,","87.4",",,,E"
"SWE00137976","1972-08","57.15","15.68","171.0","FAGERHULT D, SW","12",",E","8",",E","0",",E","","","","","19720802",",,E","","","15.6",",,E,02,","51.9",",,,E"
"SWE00137976","1972-09","57.15","15.68","171.0","FAGERHULT D, SW","9",",E","6",",E","0",",E","","","","","19720914",",,E","","","14.0",",,E,14,","41.2",",,,E"
"SWE00137976","1972-10","57.15","15.68","171.0","FAGERHULT D, SW","10",",E","4",",E","0",",E","","","","","19721019",",,E","","","8.0",",,E,19,","22.9",",,,E"
"SWE00137976","1972-11","57.15","15.68","171.0","FAGERHULT D, SW","17",",E","4",",E","0",",E","","","","","19721113",",,E","","","12.9",",,E,13,","37.0",",,,E"
"SWE00137976","1972-12","57.15","15.68","171.0","FAGERHULT D, SW","12",",E","3",",E","0",",E","","","","","19721206",",,E","","","6.2",",,E,06,","23.7",",,,E"
"SWE00137976","1973-01","57.15","15.68","171.0","FAGERHULT D, SW","15",",E","5",",E","0",",E","","","","","19730122",",,E","","","6.9",",,E,22,","36.3",",,,E"
"SWE00137976","1973-02","57.15","15.68","171.0","FAGERHULT D, SW","16",",E","6",",E","0",",E","","","","","19730217",",,E","","","18.6",",,E,17,","65.4",",,,E"
"SWE00137976","1973-03","57.15","15.68","171.0","FAGERHULT D, SW","5",",E","3",",E","0",",E","","","","","19730317",",,E","","","7.2",",,E,17,","16.5",",,,E"
"SWE00137976","1973-04","57.15","15.68","171.0","FAGERHULT D, SW","19",",E","7",",E","0",",E","","","","","19730419",",,E","","","16.2",",,E,19,","71.0",",,,E"
"SWE00137976","1973-05","57.15","15.68","171.0","FAGERHULT D, SW","17",",E","8",",E","0",",E","","","","","19730508",",,E","","","11.0",",,E,08,","53.3",",,,E"
"SWE00137976","1973-06","57.15","15.68","171.0","FAGERHULT D, SW","9",",E","3",",E","0",",E","","","","","19730628",",,E","","","20.8",",,E,28,","38.7",",,,E"
"SWE00137976","1973-07","57.15","15.68","171.0","FAGERHULT D, SW","15",",E","9",",E","0",",E","","","","","19730708",",,E","","","16.4",",,E,08,","76.9",",,,E"
"SWE00137976","1973-08","57.15","15.68","171.0","FAGERHULT D, SW","9",",E","3",",E","0",",E","","","","","19730807",",,E","","","7.6",",,E,07,","21.9",",,,E"
"SWE00137976","1973-09","57.15","15.68","171.0","FAGERHULT D, SW","13",",E","8",",E","0",",E","","","","","19730921",",,E","","","24.8",",,E,21,","82.6",",,,E"
"SWE00137976","1973-10","57.15","15.68","171.0","FAGERHULT D, SW","12",",E","4",",E","0",",E","","","","","19731009",",,E","","","25.3",",,E,09,","47.1",",,,E"
"SWE00137976","1973-11","57.15","15.68","171.0","FAGERHULT D, SW","18",",E","7",",E","0",",E","","","","","19731124",",,E","","","12.7",",,E,24,","51.7",",,,E"
"SWE00137976","1973-12","57.15","15.68","171.0","FAGERHULT D, SW","19",",E","6",",E","0",",E","","","","","19731214",",,E","","","10.7",",,E,14,","49.5",",,,E"
"SWE00137976","1974-01","57.15","15.68","171.0","FAGERHULT D, SW","16",",E","5",",E","0",",E","","","","","19740115",",,E","","","10.6",",,E,15,","40.1",",,,E"
"SWE00137976","1974-02","57.15","15.68","171.0","FAGERHULT D, SW","17",",E","5",",E","0",",E","","","","","19740206",",,E","","","12.4",",,E,06,","38.7",",,,E"
"SWE00137976","1974-03","57.15","15.68","171.0","FAGERHULT D, SW","4",",E","3",",E","0",",E","","","","","19740320",",,E","","","15.6",",,E,20,","35.9",",,,E"
"SWE00137976","1974-04","57.15","15.68","171.0","FAGERHULT D, SW","4",",E","2",",E","0",",E","","","","","19740424",",,E","","","3.6",",,E,24,","8.0",",,,E"
"SWE00137976","1974-05","57.15","15.68","171.0","FAGERHULT D, SW","12",",E","5",",E","0",",E","","","","","19740522",",,E","","","7.3",",,E,22,","29.3",",,,E"
"SWE00137976","1974-06","57.15","15.68","171.0","FAGERHULT D, SW","15",",E","7",",E","1",",E","","","","","19740619",",,E","","","46.2",",,E,19,","80.0",",,,E"
"SWE00137976","1974-07","57.15","15.68","171.0","FAGERHULT D, SW","18",",E","8",",E","0",",E","","","","","19740728",",,E","","","12.5",",,E,28,","64.1",",,,E"
"SWE00137976","1974-08","57.15","15.68","171.0","FAGERHULT D, SW","13",",E","8",",E","0",",E","","","","","19740805",",,E","","","12.4",",,E,05,","49.0",",,,E"
"SWE00137976","1974-09","57.15","15.68","171.0","FAGERHULT D, SW","17",",E","3",",E","0",",E","","","","","19740924",",,E","","","8.4",",,E,24,","28.9",",,,E"
"SWE00137976","1974-10","57.15","15.68","171.0","FAGERHULT D, SW","22",",E","12",",E","2",",E","","","","","19741022",",,E","","","38.0",",,E,22,","175.4",",,,E"
"SWE00137976","1974-12","57.15","15.68","171.0","FAGERHULT D, SW","19",",E","9",",E","0",",E","","","","","19741211",",,E","","","9.4",",,E,11,","55.5",",,,E"
"SWE00137976","1975-01","57.15","15.68","171.0","FAGERHULT D, SW","19",",E","9",",E","0",",E","","","","","19750106",",,E","","","9.6",",,E,06,","56.8",",,,E"
"SWE00137976","1975-02","57.15","15.68","171.0","FAGERHULT D, SW","3",",E","0",",E","0",",E","","","","","19750217","+,,E","","","1.2",",,E,17,+","3.4",",,,E"
"SWE00137976","1975-03","57.15","15.68","171.0","FAGERHULT D, SW","10",",E","5",",E","0",",E","","","","","19750329",",,E","","","18.8",",,E,29,","53.6",",,,E"
"SWE00137976","1975-04","57.15","15.68","171.0","FAGERHULT D, SW","11",",E","5",",E","0",",E","","","","","19750404",",,E","","","11.6",",,E,04,","35.6",",,,E"
"SWE00137976","1975-05","57.15","15.68","171.0","FAGERHULT D, SW","16",",E","8",",E","1",",E","","","","","19750529",",,E","","","32.5",",,E,29,","77.1",",,,E"
"SWE00137976","1975-06","57.15","15.68","171.0","FAGERHULT D, SW","6",",E","3",",E","0",",E","","","","","19750604",",,E","","","12.3",",,E,04,","22.5",",,,E"
"SWE00137976","1975-07","57.15","15.68","171.0","FAGERHULT D, SW","11",",E","5",",E","0",",E","","","","","19750724",",,E","","","22.9",",,E,24,","50.0",",,,E"
"SWE00137976","1975-08","57.15","15.68","171.0","FAGERHULT D, SW","8",",E","4",",E","0",",E","","","","","19750817",",,E","","","23.7",",,E,17,","47.1",",,,E"
"SWE00137976","1975-09","57.15","15.68","171.0","FAGERHULT D, SW","17",",E","7",",E","0",",E","","","","","19750911",",,E","","","17.6",",,E,11,","72.2",",,,E"
"SWE00137976","1975-10","57.15","15.68","171.0","FAGERHULT D, SW","13",",E","7",",E","0",",E","","","","","19751014",",,E","","","8.4",",,E,14,","39.3",",,,E"
"SWE00137976","1975-11","57.15","15.68","171.0","FAGERHULT D, SW","13",",E","5",",E","0",",E","","","","","19751129",",,E","","","13.0",",,E,29,","43.3",",,,E"
"SWE00137976","1975-12","57.15","15.68","171.0","FAGERHULT D, SW","12",",E","1",",E","0",",E","","","","","19751230",",,E","","","2.5",",,E,30,","13.5",",,,E"
"SWE00137976","1976-01","57.15","15.68","171.0","FAGERHULT D, SW","16",",E","6",",E","0",",E","","","","","19760120",",,E","","","9.2",",,E,20,","44.4",",,,E"
"SWE00137976","1976-02","57.15","15.68","171.0","FAGERHULT D, SW","9",",E","1",",E","0",",E","","","","","19760210",",,E","","","2.7",",,E,10,","9.4",",,,E"
"SWE00137976","1976-03","57.15","15.68","171.0","FAGERHULT D, SW","17",",E","5",",E","0",",E","","","","","19760307",",,E","","","10.8",",,E,07,","41.8",",,,E"
"SWE00137976","1976-04","57.15","15.68","171.0","FAGERHULT D, SW","14",",E","6",",E","0",",E","","","","","19760402",",,E","","","11.9",",,E,02,","53.6",",,,E"
"SWE00137976","1976-05","57.15","15.68","171.0","FAGERHULT D, SW","15",",E","7",",E","1",",E","","","","","19760527",",,E","","","42.1",",,E,27,","83.0",",,,E"
"SWE00137976","1976-06","57.15","15.68","171.0","FAGERHULT D, SW","10",",E","7",",E","0",",E","","","","","19760615",",,E","","","12.6",",,E,15,","48.1",",,,E"
"SWE00137976","1976-07","57.15","15.68","171.0","FAGERHULT D, SW","15",",E","10",",E","0",",E","","","","","19760704",",,E","","","19.4",",,E,04,","71.6",",,,E"
"SWE00137976","1976-08","57.15","15.68","171.0","FAGERHULT D, SW","7",",E","3",",E","0",",E","","","","","19760827",",,E","","","7.0",",,E,27,","21.9",",,,E"
"SWE00137976","1976-09","57.15","15.68","171.0","FAGERHULT D, SW","12",",E","5",",E","0",",E","","","","","19760928",",,E","","","15.4",",,E,28,","48.0",",,,E"
"SWE00137976","1976-10","57.15","15.68","171.0","FAGERHULT D, SW","15",",E","8",",E","0",",E","","","","","19761005",",,E","","","8.4",",,E,05,","55.9",",,,E"
"SWE00137976","1976-11","57.15","15.68","171.0","FAGERHULT D, SW","19",",E","5",",E","0",",E","","","","","19761130",",,E","","","13.6",",,E,30,","51.5",",,,E"
"SWE00137976","1976-12","57.15","15.68","171.0","FAGERHULT D, SW","25",",E","16",",E","0",",E","","","","","19761203",",,E","","","19.5",",,E,03,","124.8",",,,E"
"SWE00137976","1977-01","57.15","15.68","171.0","FAGERHULT D, SW","17",",E","12",",E","0",",E","","","","","19770113",",,E","","","12.6",",,E,13,","74.7",",,,E"
"SWE00137976","1977-02","57.15","15.68","171.0","FAGERHULT D, SW","15",",E","10",",E","0",",E","","","","","19770224",",,E","","","9.2",",,E,24,","58.9",",,,E"
"SWE00137976","1977-03","57.15","15.68","171.0","FAGERHULT D, SW","13",",E","6",",E","0",",E","","","","","19770327",",,E","","","11.2",",,E,27,","54.7",",,,E"
"SWE00137976","1977-04","57.15","15.68","171.0","FAGERHULT D, SW","21",",E","6",",E","0",",E","","","","","19770410",",,E","","","15.2",",,E,10,","50.9",",,,E"
"SWE00137976","1977-05","57.15","15.68","171.0","FAGERHULT D, SW","12",",E","4",",E","0",",E","","","","","19770530","+,,E","","","4.8",",,E,30,+","22.0",",,,E"
"SWE00137976","1977-06","57.15","15.68","171.0","FAGERHULT D, SW","11",",E","7",",E","0",",E","","","","","19770629",",,E","","","11.7",",,E,29,","37.6",",,,E"
"SWE00137976","1977-07","57.15","15.68","171.0","FAGERHULT D, SW","17",",E","8",",E","0",",E","","","","","19770701",",,E","","","18.9",",,E,01,","86.5",",,,E"
"SWE00137976","1977-08","57.15","15.68","171.0","FAGERHULT D, SW","13",",E","5",",E","0",",E","","","","","19770826",",,E","","","12.9",",,E,26,","40.9",",,,E"
"SWE00137976","1977-09","57.15","15.68","171.0","FAGERHULT D, SW","11",",E","5",",E","0",",E","","","","","19770912",",,E","","","13.3",",,E,12,","44.9",",,,E"
"SWE00137976","1977-10","57.15","15.68","171.0","FAGERHULT D, SW","12",",E","2",",E","0",",E","","","","","19771004",",,E","","","11.2",",,E,04,","31.8",",,,E"
"SWE00137976","1977-11","57.15","15.68","171.0","FAGERHULT D, SW","25",",E","11",",E","0",",E","","","","","19771114",",,E","","","15.9",",,E,14,","73.8",",,,E"
"SWE00137976","1977-12","57.15","15.68","171.0","FAGERHULT D, SW","16",",E","6",",E","1",",E","","","","","19771227",",,E","","","26.4",",,E,27,","67.2",",,,E"
"SWE00137976","1978-01","57.15","15.68","171.0","FAGERHULT D, SW","16",",E","6",",E","0",",E","","","","","19780111",",,E","","","10.9",",,E,11,","49.0",",,,E"
"SWE00137976","1978-02","57.15","15.68","171.0","FAGERHULT D, SW","19",",E","10",",E","0",",E","","","","","19780202",",,E","","","10.1",",,E,02,","63.7",",,,E"
"SWE00137976","1978-03","57.15","15.68","171.0","FAGERHULT D, SW","21",",E","8",",E","0",",E","","","","","19780316",",,E","","","15.5",",,E,16,","63.8",",,,E"
"SWE00137976","1978-04","57.15","15.68","171.0","FAGERHULT D, SW","6",",E","2",",E","0",",E","","","","","19780424",",,E","","","13.4",",,E,24,","21.1",",,,E"
"SWE00137976","1978-05","57.15","15.68","171.0","FAGERHULT D, SW","10",",E","2",",E","0",",E","","","","","19780528",",,E","","","8.2",",,E,28,","18.7",",,,E"
"SWE00137976","1978-06","57.15","15.68","171.0","FAGERHULT D, SW","14",",E","8",",E","0",",E","","","","","19780627",",,E","","","11.0",",,E,27,","65.6",",,,E"
"SWE00137976","1978-07","57.15","15.68","171.0","FAGERHULT D, SW","14",",E","6",",E","0",",E","","","","","19780710",",,E","","","11.4",",,E,10,","47.5",",,,E"
"SWE00137976","1978-08","57.15","15.68","171.0","FAGERHULT D, SW","16",",E","3",",E","0",",E","","","","","19780807",",,E","","","13.9",",,E,07,","41.0",",,,E"
"SWE00137976","1978-09","57.15","15.68","171.0","FAGERHULT D, SW","22",",E","15",",E","1",",E","","","","","19780905",",,E","","","44.1",",,E,05,","161.2",",,,E"
"SWE00137976","1978-10","57.15","15.68","171.0","FAGERHULT D, SW","10",",E","4",",E","0",",E","","","","","19781016",",,E","","","5.1",",,E,16,","19.5",",,,E"
"SWE00137976","1978-11","57.15","15.68","171.0","FAGERHULT D, SW","15",",E","2",",E","0",",E","","","","","19781119",",,E","","","19.0",",,E,19,","33.7",",,,E"
"SWE00137976","1978-12","57.15","15.68","171.0","FAGERHULT D, SW","18",",E","9",",E","0",",E","","","","","19781225",",,E","","","15.4",",,E,25,","73.7",",,,E"
"SWE00137976","1979-01","57.15","15.68","171.0","FAGERHULT D, SW","24",",E","8",",E","0",",E","","","","","19790112",",,E","","","11.8",",,E,12,","62.5",",,,E"
"SWE00137976","1979-02","57.15","15.68","171.0","FAGERHULT D, SW","9",",E","5",",E","0",",E","","","","","19790218",",,E","","","12.1",",,E,18,","34.5",",,,E"
"SWE00137976","1979-03","57.15","15.68","171.0","FAGERHULT D, SW","18",",E","8",",E","0",",E","","","","","19790331",",,E","","","18.1",",,E,31,","63.2",",,,E"
"SWE00137976","1979-04","57.15","15.68","171.0","FAGERHULT D, SW","12",",E","4",",E","0",",E","","","","","19790424",",,E","","","10.1",",,E,24,","35.8",",,,E"
"SWE00137976","1979-05","57.15","15.68","171.0","FAGERHULT D, SW","15",",E","8",",E","0",",E","","","","","19790525",",,E","","","15.2",",,E,25,","62.1",",,,E"
"SWE00137976","1979-06","57.15","15.68","171.0","FAGERHULT D, SW","10",",E","4",",E","0",",E","","","","","19790620",",,E","","","10.6",",,E,20,","33.6",",,,E"
"SWE00137976","1979-07","57.15","15.68","171.0","FAGERHULT D, SW","21",",E","13",",E","1",",E","","","","","19790730",",,E","","","27.6",",,E,30,","104.7",",,,E"
"SWE00137976","1979-08","57.15","15.68","171.0","FAGERHULT D, SW","14",",E","9",",E","1",",E","","","","","19790810",",,E","","","30.9",",,E,10,","81.5",",,,E"
"SWE00137976","1979-09","57.15","15.68","171.0","FAGERHULT D, SW","11",",E","6",",E","0",",E","","","","","19790903",",,E","","","14.0",",,E,03,","41.1",",,,E"
"SWE00137976","1979-10","57.15","15.68","171.0","FAGERHULT D, SW","10",",E","0",",E","0",",E","","","","","19791028",",,E","","","1.8",",,E,28,","8.6",",,,E"
"SWE00137976","1979-11","57.15","15.68","171.0","FAGERHULT D, SW","22",",E","10",",E","0",",E","","","","","19791116",",,E","","","11.8",",,E,16,","80.1",",,,E"
"SWE00137976","1979-12","57.15","15.68","171.0","FAGERHULT D, SW","21",",E","8",",E","0",",E","","","","","19791210",",,E","","","13.6",",,E,10,","62.6",",,,E"
"SWE00137976","1980-01","57.15","15.68","171.0","FAGERHULT D, SW","15",",E","6",",E","0",",E","","","","","19800130",",,E","","","13.5",",,E,30,","53.0",",,,E"
"SWE00137976","1980-02","57.15","15.68","171.0","FAGERHULT D, SW","11",",E","3",",E","0",",E","","","","","19800210",",,E","","","11.4",",,E,10,","31.2",",,,E"
"SWE00137976","1980-03","57.15","15.68","171.0","FAGERHULT D, SW","14",",E","5",",E","0",",E","","","","","19800329",",,E","","","4.1",",,E,29,","25.0",",,,E"
"SWE00137976","1980-04","57.15","15.68","171.0","FAGERHULT D, SW","10",",E","4",",E","0",",E","","","","","19800419",",,E","","","8.8",",,E,19,","34.2",",,,E"
"SWE00137976","1980-05","57.15","15.68","171.0","FAGERHULT D, SW","12",",E","5",",E","0",",E","","","","","19800520",",,E","","","11.0",",,E,20,","34.8",",,,E"
"SWE00137976","1980-06","57.15","15.68","171.0","FAGERHULT D, SW","15",",E","8",",E","0",",E","","","","","19800622",",,E","","","13.1",",,E,22,","59.7",",,,E"
"SWE00137976","1980-07","57.15","15.68","171.0","FAGERHULT D, SW","12",",E","4",",E","0",",E","","","","","19800716",",,E","","","17.0",",,E,16,","40.1",",,,E"
"SWE00137976","1980-08","57.15","15.68","171.0","FAGERHULT D, SW","18",",E","13",",E","1",",E","","","","","19800830",",,E","","","39.8",",,E,30,","137.1",",,,E"
"SWE00137976","1980-09","57.15","15.68","171.0","FAGERHULT D, SW","12",",E","5",",E","0",",E","","","","","19800911",",,E","","","13.1",",,E,11,","50.9",",,,E"
"SWE00137976","1980-10","57.15","15.68","171.0","FAGERHULT D, SW","19",",E","11",",E","0",",E","","","","","19801013",",,E","","","19.5",",,E,13,","106.3",",,,E"
"SWE00137976","1980-11","57.15","15.68","171.0","FAGERHULT D, SW","17",",E","9",",E","0",",E","","","","","19801125",",,E","","","7.6",",,E,25,","50.0",",,,E"
"SWE00137976","1980-12","57.15","15.68","171.0","FAGERHULT D, SW","23",",E","10",",E","0",",E","","","","","19801220",",,E","","","9.6",",,E,20,","66.7",",,,E"
"SWE00137976","1981-01","57.15","15.68","171.0","FAGERHULT D, SW","10",",E","2",",E","0",",E","","","","","19810114",",,E","","","7.7",",,E,14,","21.4",",,,E"
"SWE00137976","1981-02","57.15","15.68","171.0","FAGERHULT D, SW","17",",E","10",",E","0",",E","","","","","19810210",",,E","","","18.0",",,E,10,","80.7",",,,E"
"SWE00137976","1981-03","57.15","15.68","171.0","FAGERHULT D, SW","16",",E","9",",E","0",",E","","","","","19810326",",,E","","","15.1",",,E,26,","57.7",",,,E"
"SWE00137976","1981-04","57.15","15.68","171.0","FAGERHULT D, SW","8",",E","3",",E","0",",E","","","","","19810429",",,E","","","5.8",",,E,29,","19.9",",,,E"
"SWE00137976","1981-05","57.15","15.68","171.0","FAGERHULT D, SW","9",",E","3",",E","0",",E","","","","","19810527",",,E","","","9.2",",,E,27,","28.8",",,,E"
"SWE00137976","1981-06","57.15","15.68","171.0","FAGERHULT D, SW","22",",E","13",",E","0",",E","","","","","19810604",",,E","","","17.3",",,E,04,","94.7",",,,E"
"SWE00137976","1981-07","57.15","15.68","171.0","FAGERHULT D, SW","9",",E","6",",E","0",",E","","","","","19810717",",,E","","","16.5",",,E,17,","52.4",",,,E"
"SWE00137976","1981-08","57.15","15.68","171.0","FAGERHULT D, SW","15",",E","7",",E","0",",E","","","","","19810821",",,E","","","6.4",",,E,21,","37.6",",,,E"
"SWE00137976","1981-09","57.15","15.68","171.0","FAGERHULT D, SW","10",",E","6",",E","0",",E","","","","","19810913",",,E","","","13.2",",,E,13,","47.9",",,,E"
"SWE00137976","1981-10","57.15","15.68","171.0","FAGERHULT D, SW","22",",E","12",",E","0",",E","","","","","19811020",",,E","","","21.6",",,E,20,","88.2",",,,E"
"SWE00137976","1981-11","57.15","15.68","171.0","FAGERHULT D, SW","14",",E","9",",E","0",",E","","","","","19811120",",,E","","","16.1",",,E,20,","69.3",",,,E"
"SWE00137976","1981-12","57.15","15.68","171.0","FAGERHULT D, SW","16",",E","8",",E","0",",E","","","","","19811206",",,E","","","9.8",",,E,06,","56.3",",,,E"
"SWE00137976","1982-01","57.15","15.68","171.0","FAGERHULT D, SW","11",",E","7",",E","0",",E","","","","","19820128",",,E","","","7.5",",,E,28,","38.2",",,,E"
"SWE00137976","1982-02","57.15","15.68","171.0","FAGERHULT D, SW","10",",E","0",",E","0",",E","","","","","19820206",",,E","","","2.2",",,E,06,","7.0",",,,E"
"SWE00137976","1982-03","57.15","15.68","171.0","FAGERHULT D, SW","16",",E","7",",E","0",",E","","","","","19820311",",,E","","","6.9",",,E,11,","43.4",",,,E"
"SWE00137976","1982-04","57.15","15.68","171.0","FAGERHULT D, SW","10",",E","4",",E","0",",E","","","","","19820407",",,E","","","4.6",",,E,07,","20.2",",,,E"
"SWE00137976","1982-05","57.15","15.68","171.0","FAGERHULT D, SW","14",",E","8",",E","0",",E","","","","","19820519",",,E","","","8.7",",,E,19,","49.4",",,,E"
"SWE00137976","1982-06","57.15","15.68","171.0","FAGERHULT D, SW","18",",E","7",",E","0",",E","","","","","19820614",",,E","","","14.7",",,E,14,","69.0",",,,E"
"SWE00137976","1982-07","57.15","15.68","171.0","FAGERHULT D, SW","6",",E","2",",E","0",",E","","","","","19820717",",,E","","","16.8",",,E,17,","27.8",",,,E"
"SWE00137976","1982-08","57.15","15.68","171.0","FAGERHULT D, SW","14",",E","8",",E","0",",E","","","","","19820826",",,E","","","9.6",",,E,26,","49.6",",,,E"
"SWE00137976","1982-09","57.15","15.68","171.0","FAGERHULT D, SW","13",",E","3",",E","0",",E","","","","","19820906",",,E","","","9.6",",,E,06,","30.7",",,,E"
"SWE00137976","1982-10","57.15","15.68","171.0","FAGERHULT D, SW","13",",E","6",",E","0",",E","","","","","19821012",",,E","","","20.2",",,E,12,","64.3",",,,E"
"SWE00137976","1982-11","57.15","15.68","171.0","FAGERHULT D, SW","18",",E","6",",E","0",",E","","","","","19821126",",,E","","","5.7",",,E,26,","38.1",",,,E"
"SWE00137976","1982-12","57.15","15.68","171.0","FAGERHULT D, SW","17",",E","10",",E","0",",E","","","","","19821215",",,E","","","18.2",",,E,15,","73.4",",,,E"
"SWE00137976","1983-01","57.15","15.68","171.0","FAGERHULT D, SW","18",",E","8",",E","0",",E","","","","","19830118",",,E","","","8.9",",,E,18,","50.6",",,,E"
"SWE00137976","1983-02","57.15","15.68","171.0","FAGERHULT D, SW","9",",E","3",",E","0",",E","","","","","19830201",",,E","","","8.7",",,E,01,","32.4",",,,E"
"SWE00137976","1983-03","57.15","15.68","171.0","FAGERHULT D, SW","20",",E","13",",E","0",",E","","","","","19830310",",,E","","","9.6",",,E,10,","80.1",",,,E"
"SWE00137976","1983-04","57.15","15.68","171.0","FAGERHULT D, SW","20",",E","9",",E","0",",E","","","","","19830402",",,E","","","10.4",",,E,02,","68.8",",,,E"
"SWE00137976","1983-05","57.15","15.68","171.0","FAGERHULT D, SW","13",",E","6",",E","0",",E","","","","","19830519",",,E","","","8.1",",,E,19,","37.4",",,,E"
"SWE00137976","1983-06","57.15","15.68","171.0","FAGERHULT D, SW","10",",E","6",",E","0",",E","","","","","19830603",",,E","","","8.1",",,E,03,","32.9",",,,E"
"SWE00137976","1983-07","57.15","15.68","171.0","FAGERHULT D, SW","3",",E","1",",E","0",",E","","","","","19830701",",,E","","","21.0",",,E,01,","23.5",",,,E"
"SWE00137976","1983-08","57.15","15.68","171.0","FAGERHULT D, SW","6",",E","1",",E","0",",E","","","","","19830806",",,E","","","3.2",",,E,06,","8.8",",,,E"
"SWE00137976","1983-09","57.15","15.68","171.0","FAGERHULT D, SW","19",",E","14",",E","0",",E","","","","","19830917",",,E","","","14.8",",,E,17,","103.4",",,,E"
"SWE00137976","1983-10","57.15","15.68","171.0","FAGERHULT D, SW","19",",E","7",",E","0",",E","","","","","19831010",",,E","","","13.2",",,E,10,","51.7",",,,E"
"SWE00137976","1983-11","57.15","15.68","171.0","FAGERHULT D, SW","11",",E","7",",E","0",",E","","","","","19831127",",,E","","","18.0",",,E,27,","49.3",",,,E"
"SWE00137976","1983-12","57.15","15.68","171.0","FAGERHULT D, SW","14",",E","5",",E","0",",E","","","","","19831209",",,E","","","7.2",",,E,09,","36.1",",,,E"
"SWE00137976","1984-01","57.15","15.68","171.0","FAGERHULT D, SW","25",",E","13",",E","0",",E","25","4,","19840126",",4,E","19840108",",,E","390","4,,E,26,","23.7",",,E,08,","99.6",",,,E"
"SWE00137976","1984-02","57.15","15.68","171.0","FAGERHULT D, SW","14",",E","4",",E","0",",E","29",",","19840225","+,,E","19840203",",,E","450",",,E,25,+","3.6",",,E,03,","26.1",",,,E"
"SWE00137976","1984-03","57.15","15.68","171.0","FAGERHULT D, SW","10",",E","0",",E","0",",E","31",",","19840304","+,,E","19840329",",,E","380",",,E,04,+","1.7",",,E,29,","9.8",",,,E"
"SWE00137976","1984-04","57.15","15.68","171.0","FAGERHULT D, SW","5",",E","1",",E","0",",E","","","","","19840403",",,E","","","6.5",",,E,03,","9.8",",,,E"
"SWE00137976","1984-05","57.15","15.68","171.0","FAGERHULT D, SW","15",",E","7",",E","0",",E","","","","","19840527",",,E","","","20.5",",,E,27,","63.6",",,,E"
"SWE00137976","1984-06","57.15","15.68","171.0","FAGERHULT D, SW","21",",E","12",",E","2",",E","","","","","19840623",",,E","","","37.7",",,E,23,","153.7",",,,E"
"SWE00137976","1984-07","57.15","15.68","171.0","FAGERHULT D, SW","17",",E","14",",E","0",",E","","","","","19840713",",,E","","","23.7",",,E,13,","100.7",",,,E"
"SWE00137976","1984-08","57.15","15.68","171.0","FAGERHULT D, SW","13",",E","8",",E","0",",E","","","","","19840805",",,E","","","11.8",",,E,05,","67.6",",,,E"
"SWE00137976","1984-09","57.15","15.68","171.0","FAGERHULT D, SW","21",",E","11",",E","0",",E","","","","","19840905",",,E","","","19.3",",,E,05,","107.9",",,,E"
"SWE00137976","1984-10","57.15","15.68","171.0","FAGERHULT D, SW","20",",E","8",",E","1",",E","","","","","19841003",",,E","","","32.6",",,E,03,","87.7",",,,E"
"SWE00137976","1984-11","57.15","15.68","171.0","FAGERHULT D, SW","11",",E","4",",E","0",",E","","","","","19841122",",,E","","","9.5",",,E,22,","28.3",",,,E"
"SWE00137976","1984-12","57.15","15.68","171.0","FAGERHULT D, SW","13",",E","9",",E","0",",E","","","","","19841217",",,E","","","9.0",",,E,17,","47.2",",,,E"
"SWE00137976","1985-01","57.15","15.68","171.0","FAGERHULT D, SW","22",",E","7",",E","0",",E","31",",","19850128","+,,E","19850104",",,E","380",",,E,28,+","7.9",",,E,04,","50.6",",,,E"
"SWE00137976","1985-02","57.15","15.68","171.0","FAGERHULT D, SW","13",",E","3",",E","0",",E","28",",","19850224",",,E","19850206",",,E","440",",,E,24,","7.0",",,E,06,","23.6",",,,E"
"SWE00137976","1985-03","57.15","15.68","171.0","FAGERHULT D, SW","20",",E","6",",E","0",",E","","","","","19850310",",,E","","","9.0",",,E,10,","48.7",",,,E"
"SWE00137976","1985-04","57.15","15.68","171.0","FAGERHULT D, SW","18",",E","8",",E","0",",E","","","","","19850429",",,E","","","15.5",",,E,29,","81.2",",,,E"
"SWE00137976","1985-05","57.15","15.68","171.0","FAGERHULT D, SW","6",",E","4",",E","0",",E","","","","","19850503",",,E","","","9.4",",,E,03,","25.4",",,,E"
"SWE00137976","1985-06","57.15","15.68","171.0","FAGERHULT D, SW","17",",E","12",",E","0",",E","","","","","19850626",",,E","","","13.6",",,E,26,","73.4",",,,E"
"SWE00137976","1985-07","57.15","15.68","171.0","FAGERHULT D, SW","15",",E","6",",E","1",",E","","","","","19850723",",,E","","","28.5",",,E,23,","97.3",",,,E"
"SWE00137976","1985-08","57.15","15.68","171.0","FAGERHULT D, SW","17",",E","4",",E","1",",E","","","","","19850810",",,E","","","48.0",",,E,10,","78.6",",,,E"
"SWE00137976","1985-09","57.15","15.68","171.0","FAGERHULT D, SW","20",",E","6",",E","0",",E","","","","","19850903",",,E","","","20.4",",,E,03,","67.8",",,,E"
"SWE00137976","1985-10","57.15","15.68","171.0","FAGERHULT D, SW","5",",E","0",",E","0",",E","","","","","19851011",",,E","","","2.1",",,E,11,","6.7",",,,E"
"SWE00137976","1985-11","57.15","15.68","171.0","FAGERHULT D, SW","16",",E","7",",E","0",",E","","","","","19851106",",,E","","","13.3",",,E,06,","50.3",",,,E"
"SWE00137976","1985-12","57.15","15.68","171.0","FAGERHULT D, SW","22",",E","15",",E","0",",E","24","5,","19851219","+,5,E","19851216",",,E","300","5,,E,19,+","18.8",",,E,16,","128.0",",,,E"
"SWE00137976","1986-01","57.15","15.68","171.0","FAGERHULT D, SW","24",",E","9",",E","0",",E","31",",","19860120",",,E","19860119",",,E","310",",,E,20,","12.9",",,E,19,","53.8",",,,E"
"SWE00137976","1986-02","57.15","15.68","171.0","FAGERHULT D, SW","16",",E","3",",E","0",",E","28",",","19860224",",,E","19860220",",,E","400",",,E,24,","3.7",",,E,20,","27.6",",,,E"
"SWE00137976","1986-03","57.15","15.68","171.0","FAGERHULT D, SW","16",",E","4",",E","0",",E","30","1,","19860301",",1,E","19860324",",,E","340","1,,E,01,","7.7",",,E,24,","36.2",",,,E"
"SWE00137976","1986-04","57.15","15.68","171.0","FAGERHULT D, SW","11",",E","5",",E","0",",E","","","","","19860419",",,E","","","20.9",",,E,19,","50.3",",,,E"
"SWE00137976","1986-05","57.15","15.68","171.0","FAGERHULT D, SW","10",",E","5",",E","0",",E","","","","","19860524",",,E","","","15.8",",,E,24,","53.9",",,,E"
"SWE00137976","1986-06","57.15","15.68","171.0","FAGERHULT D, SW","7",",E","2",",E","0",",E","","","","","19860604",",,E","","","6.2",",,E,04,","18.4",",,,E"
"SWE00137976","1986-07","57.15","15.68","171.0","FAGERHULT D, SW","9",",E","5",",E","0",",E","","","","","19860703",",,E","","","19.2",",,E,03,","52.3",",,,E"
"SWE00137976","1986-08","57.15","15.68","171.0","FAGERHULT D, SW","18",",E","6",",E","0",",E","","","","","19860829",",,E","","","20.1",",,E,29,","72.3",",,,E"
"SWE00137976","1986-09","57.15","15.68","171.0","FAGERHULT D, SW","9",",E","3",",E","0",",E","","","","","19860914",",,E","","","14.7",",,E,14,","33.8",",,,E"
"SWE00137976","1986-10","57.15","15.68","171.0","FAGERHULT D, SW","18",",E","6",",E","0",",E","","","","","19861022",",,E","","","10.0",",,E,22,","40.7",",,,E"
"SWE00137976","1986-11","57.15","15.68","171.0","FAGERHULT D, SW","15",",E","4",",E","0",",E","","","","","19861120",",,E","","","8.2",",,E,20,","34.0",",,,E"
"SWE00137976","1986-12","57.15","15.68","171.0","FAGERHULT D, SW","19",",E","13",",E","0",",E","","","","","19861219",",,E","","","13.3",",,E,19,","76.6",",,,E"
"SWE00137976","1987-01","57.15","15.68","171.0","FAGERHULT D, SW","17",",E","7",",E","0",",E","31",",","19870114",",,E","19870105",",,E","680",",,E,14,","18.2",",,E,05,","61.2",",,,E"
"SWE00137976","1987-02","57.15","15.68","171.0","FAGERHULT D, SW","9",",E","3",",E","0",",E","28",",","19870218",",,E","19870216",",,E","500",",,E,18,","17.6",",,E,16,","37.8",",,,E"
"SWE00137976","1987-03","57.15","15.68","171.0","FAGERHULT D, SW","10",",E","3",",E","0",",E","","","","","19870318",",,E","","","8.4",",,E,18,","20.3",",,,E"
"SWE00137976","1987-04","57.15","15.68","171.0","FAGERHULT D, SW","6",",E","3",",E","0",",E","","","","","19870420",",,E","","","22.6",",,E,20,","33.0",",,,E"
"SWE00137976","1987-05","57.15","15.68","171.0","FAGERHULT D, SW","14",",E","5",",E","0",",E","","","","","19870527",",,E","","","7.3",",,E,27,","30.2",",,,E"
"SWE00137976","1987-06","57.15","15.68","171.0","FAGERHULT D, SW","19",",E","12",",E","1",",E","","","","","19870616",",,E","","","30.3",",,E,16,","107.7",",,,E"
"SWE00137976","1987-07","57.15","15.68","171.0","FAGERHULT D, SW","10",",E","8",",E","0",",E","","","","","19870730",",,E","","","11.8",",,E,30,","61.2",",,,E"
"SWE00137976","1987-08","57.15","15.68","171.0","FAGERHULT D, SW","19",",E","9",",E","0",",E","","","","","19870802",",,E","","","17.4",",,E,02,","67.5",",,,E"
"SWE00137976","1987-09","57.15","15.68","171.0","FAGERHULT D, SW","15",",E","7",",E","1",",E","","","","","19870907",",,E","","","26.7",",,E,07,","91.0",",,,E"
"SWE00137976","1987-10","57.15","15.68","171.0","FAGERHULT D, SW","9",",E","3",",E","0",",E","","","","","19871024",",,E","","","8.9",",,E,24,","33.1",",,,E"
"SWE00137976","1987-11","57.15","15.68","171.0","FAGERHULT D, SW","12",",E","7",",E","0",",E","","","","","19871125",",,E","","","12.8",",,E,25,","52.5",",,,E"
"SWE00137976","1987-12","57.15","15.68","171.0","FAGERHULT D, SW","12",",E","3",",E","0",",E","","","","","19871218",",,E","","","15.2",",,E,18,","38.0",",,,E"
"SWE00137976","1988-01","57.15","15.68","171.0","FAGERHULT D, SW","21",",E","15",",E","0",",E","","","","","19880111",",,E","","","14.3",",,E,11,","109.6",",,,E"
"SWE00137976","1988-02","57.15","15.68","171.0","FAGERHULT D, SW","24",",E","14",",E","0",",E","","","","","19880206",",,E","","","15.1",",,E,06,","98.0",",,,E"
"SWE00137976","1988-03","57.15","15.68","171.0","FAGERHULT D, SW","15",",E","5",",E","0",",E","30","1,","19880318",",1,E","19880316",",,E","620","1,,E,18,","24.7",",,E,16,","63.2",",,,E"
"SWE00137976","1988-04","57.15","15.68","171.0","FAGERHULT D, SW","9",",E","3",",E","0",",E","","","","","19880421",",,E","","","20.0",",,E,21,","34.8",",,,E"
"SWE00137976","1988-05","57.15","15.68","171.0","FAGERHULT D, SW","8",",E","3",",E","0",",E","","","","","19880531",",,E","","","11.7",",,E,31,","25.8",",,,E"
"SWE00137976","1988-06","57.15","15.68","171.0","FAGERHULT D, SW","10",",E","5",",E","0",",E","","","","","19880610",",,E","","","22.4",",,E,10,","45.0",",,,E"
"SWE00137976","1988-07","57.15","15.68","171.0","FAGERHULT D, SW","22",",E","13",",E","1",",E","","","","","19880719",",,E","","","32.5",",,E,19,","183.8",",,,E"
"SWE00137976","1988-08","57.15","15.68","171.0","FAGERHULT D, SW","13",",E","5",",E","0",",E","","","","","19880804",",,E","","","14.1",",,E,04,","52.7",",,,E"
"SWE00137976","1988-09","57.15","15.68","171.0","FAGERHULT D, SW","15",",E","7",",E","0",",E","","","","","19880903",",,E","","","24.5",",,E,03,","71.4",",,,E"
"SWE00137976","1988-10","57.15","15.68","171.0","FAGERHULT D, SW","14",",E","5",",E","0",",E","","","","","19881006",",,E","","","9.0",",,E,06,","36.3",",,,E"
"SWE00137976","1988-11","57.15","15.68","171.0","FAGERHULT D, SW","7",",E","4",",E","0",",E","","","","","19881128",",,E","","","13.9",",,E,28,","35.7",",,,E"
"SWE00137976","1988-12","57.15","15.68","171.0","FAGERHULT D, SW","16",",E","5",",E","0",",E","","","","","19881204",",,E","","","9.0",",,E,04,","35.5",",,,E"
"SWE00137976","1989-01","57.15","15.68","171.0","FAGERHULT D, SW","4",",E","0",",E","0",",E","","","","","19890114",",,E","","","2.1",",,E,14,","3.9",",,,E"
"SWE00137976","1989-02","57.15","15.68","171.0","FAGERHULT D, SW","14",",E","6",",E","0",",E","","","","","19890226",",,E","","","7.7",",,E,26,","35.2",",,,E"
"SWE00137976","1989-03","57.15","15.68","171.0","FAGERHULT D, SW","15",",E","6",",E","0",",E","","","","","19890324",",,E","","","9.0",",,E,24,","41.6",",,,E"
"SWE00137976","1989-04","57.15","15.68","171.0","FAGERHULT D, SW","12",",E","2",",E","0",",E","","","","","19890406",",,E","","","3.0",",,E,06,","16.5",",,,E"
"SWE00137976","1989-05","57.15","15.68","171.0","FAGERHULT D, SW","5",",E","3",",E","0",",E","","","","","19890509",",,E","","","5.3",",,E,09,","17.4",",,,E"
"SWE00137976","1989-06","57.15","15.68","171.0","FAGERHULT D, SW","10",",E","6",",E","0",",E","","","","","19890607",",,E","","","17.0",",,E,07,","48.9",",,,E"
"SWE00137976","1989-07","57.15","15.68","171.0","FAGERHULT D, SW","13",",E","7",",E","0",",E","","","","","19890709",",,E","","","21.0",",,E,09,","67.7",",,,E"
"SWE00137976","1989-08","57.15","15.68","171.0","FAGERHULT D, SW","17",",E","7",",E","0",",E","","","","","19890816",",,E","","","22.3",",,E,16,","98.2",",,,E"
"SWE00137976","1989-09","57.15","15.68","171.0","FAGERHULT D, SW","9",",E","6",",E","0",",E","","","","","19890925",",,E","","","9.5",",,E,25,","38.0",",,,E"
"SWE00137976","1989-10","57.15","15.68","171.0","FAGERHULT D, SW","22",",E","8",",E","0",",E","","","","","19891010",",,E","","","24.4",",,E,10,","83.7",",,,E"
"SWE00137976","1989-11","57.15","15.68","171.0","FAGERHULT D, SW","12",",E","4",",E","0",",E","","","","","19891104",",,E","","","5.5",",,E,04,","23.1",",,,E"
"SWE00137976","1989-12","57.15","15.68","171.0","FAGERHULT D, SW","14",",E","5",",E","0",",E","","","","","19891221",",,E","","","11.0",",,E,21,","41.2",",,,E"
"SWE00137976","1990-01","57.15","15.68","171.0","FAGERHULT D, SW","18",",E","4",",E","0",",E","","","","","19900126",",,E","","","16.6",",,E,26,","49.5",",,,E"
"SWE00137976","1990-02","57.15","15.68","171.0","FAGERHULT D, SW","17",",E","7",",E","0",",E","","","","","19900207",",,E","","","16.0",",,E,07,","63.6",",,,E"
"SWE00137976","1990-03","57.15","15.68","171.0","FAGERHULT D, SW","12",",E","4",",E","0",",E","","","","","19900322",",,E","","","4.0",",,E,22,","22.8",",,,E"
"SWE00137976","1990-04","57.15","15.68","171.0","FAGERHULT D, SW","8",",E","1",",E","0",",E","","","","","19900427",",,E","","","5.1",",,E,27,","12.7",",,,E"
"SWE00137976","1990-05","57.15","15.68","171.0","FAGERHULT D, SW","10",",E","8",",E","0",",E","","","","","19900513",",,E","","","13.1",",,E,13,","47.6",",,,E"
"SWE00137976","1990-06","57.15","15.68","171.0","FAGERHULT D, SW","14",",E","6",",E","0",",E","","","","","19900616",",,E","","","12.1",",,E,16,","50.1",",,,E"
"SWE00137976","1990-07","57.15","15.68","171.0","FAGERHULT D, SW","18",",E","8",",E","0",",E","","","","","19900717",",,E","","","11.2",",,E,17,","68.8",",,,E"
"SWE00137976","1990-08","57.15","15.68","171.0","FAGERHULT D, SW","13",",E","7",",E","0",",E","","","","","19900820",",,E","","","10.1",",,E,20,","48.2",",,,E"
"SWE00137976","1990-09","57.15","15.68","171.0","FAGERHULT D, SW","20",",E","11",",E","1",",E","","","","","19900930",",,E","","","34.5",",,E,30,","119.7",",,,E"
"SWE00137976","1990-10","57.15","15.68","171.0","FAGERHULT D, SW","12",",E","7",",E","0",",E","","","","","19901029",",,E","","","14.6",",,E,29,","47.9",",,,E"
"SWE00137976","1990-11","57.15","15.68","171.0","FAGERHULT D, SW","14",",E","9",",E","0",",E","","","","","19901126",",,E","","","19.2",",,E,26,","59.3",",,,E"
"SWE00137976","1990-12","57.15","15.68","171.0","FAGERHULT D, SW","17",",E","5",",E","0",",E","","","","","19901229",",,E","","","10.9",",,E,29,","36.9",",,,E"
"SWE00137976","1991-01","57.15","15.68","171.0","FAGERHULT D, SW","12",",E","4",",E","0",",E","","","","","19910110",",,E","","","14.0",",,E,10,","44.0",",,,E"
"SWE00137976","1991-02","57.15","15.68","171.0","FAGERHULT D, SW","14",",E","6",",E","0",",E","","","","","19910209",",,E","","","13.5",",,E,09,","44.0",",,,E"
"SWE00137976","1991-03","57.15","15.68","171.0","FAGERHULT D, SW","8",",E","2",",E","0",",E","","","","","19910315",",,E","","","6.3",",,E,15,","14.0",",,,E"
"SWE00137976","1991-04","57.15","15.68","171.0","FAGERHULT D, SW","9",",E","1",",E","0",",E","","","","","19910430",",,E","","","7.5",",,E,30,","14.7",",,,E"
"SWE00137976","1991-05","57.15","15.68","171.0","FAGERHULT D, SW","9",",E","6",",E","0",",E","","","","","19910504",",,E","","","7.8",",,E,04,","35.7",",,,E"
"SWE00137976","1991-06","57.15","15.68","171.0","FAGERHULT D, SW","27",",E","16",",E","0",",E","","","","","19910628",",,E","","","22.5",",,E,28,","156.2",",,,E"
"SWE00137976","1991-07","57.15","15.68","171.0","FAGERHULT D, SW","8",",E","6",",E","0",",E","","","","","19910723",",,E","","","22.3",",,E,23,","40.3",",,,E"
"SWE00137976","1991-08","57.15","15.68","171.0","FAGERHULT D, SW","13",",E","8",",E","0",",E","","","","","19910818",",,E","","","16.2",",,E,18,","50.4",",,,E"
"SWE00137976","1991-09","57.15","15.68","171.0","FAGERHULT D, SW","16",",E","4",",E","1",",E","","","","","19910926",",,E","","","34.6",",,E,26,","73.6",",,,E"
"SWE00137976","1991-10","57.15","15.68","171.0","FAGERHULT D, SW","9",",E","2",",E","0",",E","","","","","19911018",",,E","","","3.4",",,E,18,","15.7",",,,E"
"SWE00137976","1991-11","57.15","15.68","171.0","FAGERHULT D, SW","17",",E","11",",E","0",",E","","","","","19911103",",,E","","","9.5",",,E,03,","60.3",",,,E"
"SWE00137976","1991-12","57.15","15.68","171.0","FAGERHULT D, SW","13",",E","7",",E","0",",E","","","","","19911225","+,,E","","","5.7",",,E,25,+","34.3",",,,E"
"SWE00137976","1992-01","57.15","15.68","171.0","FAGERHULT D, SW","12",",E","6",",E","0",",E","","","","","19920109",",,E","","","8.0",",,E,09,","32.6",",,,E"
"SWE00137976","1992-02","57.15","15.68","171.0","FAGERHULT D, SW","9",",E","3",",E","0",",E","","","","","19920215",",,E","","","16.2",",,E,15,","35.4",",,,E"
"SWE00137976","1992-03","57.15","15.68","171.0","FAGERHULT D, SW","14",",E","5",",E","0",",E","","","","","19920328",",,E","","","11.4",",,E,28,","49.3",",,,E"
"SWE00137976","1992-04","57.15","15.68","171.0","FAGERHULT D, SW","14",",E","6",",E","0",",E","","","","","19920415",",,E","","","22.3",",,E,15,","55.6",",,,E"
"SWE00137976","1992-05","57.15","15.68","171.0","FAGERHULT D, SW","6",",E","2",",E","0",",E","","","","","19920509",",,E","","","3.9",",,E,09,","10.2",",,,E"
"SWE00137976","1992-06","57.15","15.68","171.0","FAGERHULT D, SW","0",",E","0",",E","0",",E","","","","","19920621",",,E","","","0.1",",,E,21,","0.1",",,,E"
"SWE00137976","1992-07","57.15","15.68","171.0","FAGERHULT D, SW","11",",E","8",",E","0",",E","","","","","19920727",",,E","","","11.3",",,E,27,","50.2",",,,E"
"SWE00137976","1992-08","57.15","15.68","171.0","FAGERHULT D, SW","19",",E","9",",E","0",",E","","","","","19920831",",,E","","","21.7",",,E,31,","101.3",",,,E"
"SWE00137976","1992-09","57.15","15.68","171.0","FAGERHULT D, SW","9",",E","5",",E","0",",E","","","","","19920915",",,E","","","9.4",",,E,15,","33.5",",,,E"
"SWE00137976","1992-10","57.15","15.68","171.0","FAGERHULT D, SW","14",",E","11",",E","0",",E","","","","","19921021",",,E","","","22.5",",,E,21,","83.6",",,,E"
"SWE00137976","1992-11","57.15","15.68","171.0","FAGERHULT D, SW","23",",E","11",",E","0",",E","","","","","19921111",",,E","","","14.1",",,E,11,","86.6",",,,E"
"SWE00137976","1992-12","57.15","15.68","171.0","FAGERHULT D, SW","9",",E","2",",E","0",",E","","","","","19921202",",,E","","","2.8",",,E,02,","13.8",",,,E"
"SWE00137976","1993-01","57.15","15.68","171.0","FAGERHULT D, SW","19",",E","9",",E","0",",E","","","","","19930112",",,E","","","10.5",",,E,12,","76.2",",,,E"
"SWE00137976","1993-02","57.15","15.68","171.0","FAGERHULT D, SW","12",",E","3",",E","0",",E","","","","","19930216",",,E","","","8.4",",,E,16,","28.7",",,,E"
"SWE00137976","1993-03","57.15","15.68","171.0","FAGERHULT D, SW","10",",E","2",",E","0",",E","","","","","19930329",",,E","","","5.9",",,E,29,","18.4",",,,E"
"SWE00137976","1993-04","57.15","15.68","171.0","FAGERHULT D, SW","9",",E","5",",E","0",",E","","","","","19930407",",,E","","","6.9",",,E,07,","22.7",",,,E"
"SWE00137976","1993-05","57.15","15.68","171.0","FAGERHULT D, SW","6",",E","3",",E","0",",E","","","","","19930505",",,E","","","4.8",",,E,05,","18.0",",,,E"
"SWE00137976","1993-06","57.15","15.68","171.0","FAGERHULT D, SW","13",",E","4",",E","0",",E","","","","","19930625",",,E","","","15.3",",,E,25,","43.2",",,,E"
"SWE00137976","1993-07","57.15","15.68","171.0","FAGERHULT D, SW","19",",E","8",",E","0",",E","","","","","19930711",",,E","","","21.3",",,E,11,","98.5",",,,E"
"SWE00137976","1993-08","57.15","15.68","171.0","FAGERHULT D, SW","19",",E","8",",E","1",",E","","","","","19930806",",,E","","","30.2",",,E,06,","68.0",",,,E"
"SWE00137976","1993-09","57.15","15.68","171.0","FAGERHULT D, SW","16",",E","10",",E","1",",E","","","","","19930914",",,E","","","33.1",",,E,14,","105.2",",,,E"
"SWE00137976","1993-10","57.15","15.68","171.0","FAGERHULT D, SW","14",",E","6",",E","0",",E","","","","","19931009",",,E","","","17.4",",,E,09,","59.3",",,,E"
"SWE00137976","1993-11","57.15","15.68","171.0","FAGERHULT D, SW","18",",E","10",",E","0",",E","","","","","19931108",",,E","","","14.6",",,E,08,","73.4",",,,E"
"SWE00137976","1993-12","57.15","15.68","171.0","FAGERHULT D, SW","26",",E","12",",E","0",",E","","","","","19931225",",,E","","","23.8",",,E,25,","105.0",",,,E"
"SWE00137976","1994-01","57.15","15.68","171.0","FAGERHULT D, SW","19",",E","12",",E","0",",E","28","2,","19940101",",2,E","19940127","+,,E","430","2,,E,01,","7.1",",,E,27,+","60.6",",,,E"
"SWE00137976","1994-02","57.15","15.68","171.0","FAGERHULT D, SW","19",",E","8",",E","0",",E","28",",","19940228",",,E","19940227",",,E","640",",,E,28,","13.5",",,E,27,","72.7",",,,E"
"SWE00137976","1994-03","57.15","15.68","171.0","FAGERHULT D, SW","19",",E","6",",E","0",",E","25","5,","19940301",",5,E","19940313",",,E","740","5,,E,01,","10.2",",,E,13,","42.7",",,,E"
"SWE00137976","1994-04","57.15","15.68","171.0","FAGERHULT D, SW","7",",E","5",",E","0",",E","","","","","19940413",",,E","","","20.4",",,E,13,","43.0",",,,E"
"SWE00137976","1994-05","57.15","15.68","171.0","FAGERHULT D, SW","7",",E","4",",E","0",",E","","","","","19940526",",,E","","","8.3",",,E,26,","27.5",",,,E"
"SWE00137976","1994-06","57.15","15.68","171.0","FAGERHULT D, SW","13",",E","6",",E","0",",E","","","","","19940609",",,E","","","10.0",",,E,09,","46.0",",,,E"
"SWE00137976","1994-07","57.15","15.68","171.0","FAGERHULT D, SW","2",",E","2",",E","0",",E","","","","","19940715",",,E","","","5.6",",,E,15,","10.0",",,,E"
"SWE00137976","1994-08","57.15","15.68","171.0","FAGERHULT D, SW","16",",E","5",",E","0",",E","","","","","19940808",",,E","","","12.1",",,E,08,","52.2",",,,E"
"SWE00137976","1994-09","57.15","15.68","171.0","FAGERHULT D, SW","23",",E","14",",E","1",",E","","","","","19940915",",,E","","","36.5",",,E,15,","177.2",",,,E"
"SWE00137976","1994-10","57.15","15.68","171.0","FAGERHULT D, SW","8",",E","5",",E","0",",E","","","","","19941002",",,E","","","12.0",",,E,02,","36.9",",,,E"
"SWE00137976","1994-11","57.15","15.68","171.0","FAGERHULT D, SW","12",",E","6",",E","0",",E","","","","","19941114",",,E","","","7.8",",,E,14,","36.9",",,,E"
"SWE00137976","1994-12","57.15","15.68","171.0","FAGERHULT D, SW","19",",E","10",",E","0",",E","","","","","19941212",",,E","","","15.0",",,E,12,","71.2",",,,E"
"SWE00137976","1995-01","57.15","15.68","171.0","FAGERHULT D, SW","17",",E","9",",E","0",",E","29","2,","19950130","+,2,E","19950122",",,E","280","2,,E,30,+","19.0",",,E,22,","69.0",",,,E"
"SWE00137976","1995-02","57.15","15.68","171.0","FAGERHULT D, SW","19",",E","11",",E","0",",E","","","","","19950215",",,E","","","4.5",",,E,15,","44.7",",,,E"
"SWE00137976","1995-03","57.15","15.68","171.0","FAGERHULT D, SW","17",",E","7",",E","0",",E","","","","","19950301",",,E","","","9.9",",,E,01,","42.7",",,,E"
"SWE00137976","1995-04","57.15","15.68","171.0","FAGERHULT D, SW","14",",E","6",",E","0",",E","","","","","19950418",",,E","","","16.2",",,E,18,","74.3",",,,E"
"SWE00137976","1995-05","57.15","15.68","171.0","FAGERHULT D, SW","13",",E","8",",E","0",",E","","","","","19950511",",,E","","","15.3",",,E,11,","78.3",",,,E"
"SWE00137976","1995-06","57.15","15.68","171.0","FAGERHULT D, SW","17",",E","11",",E","0",",E","","","","","19950621",",,E","","","18.5",",,E,21,","75.7",",,,E"
"SWE00137976","1995-07","57.15","15.68","171.0","FAGERHULT D, SW","9",",E","4",",E","0",",E","","","","","19950715",",,E","","","22.5",",,E,15,","38.2",",,,E"
"SWE00137976","1995-08","57.15","15.68","171.0","FAGERHULT D, SW","7",",E","4",",E","0",",E","","","","","19950803",",,E","","","7.7",",,E,03,","23.1",",,,E"
"SWE00137976","1995-09","57.15","15.68","171.0","FAGERHULT D, SW","19",",E","9",",E","1",",E","","","","","19950914",",,E","","","25.4",",,E,14,","108.2",",,,E"
"SWE00137976","1995-10","57.15","15.68","171.0","FAGERHULT D, SW","9",",E","3",",E","0",",E","","","","","19951031",",,E","","","19.3",",,E,31,","33.6",",,,E"
"SWE00137976","1995-11","57.15","15.68","171.0","FAGERHULT D, SW","11",",E","4",",E","0",",E","","","","","19951117",",,E","","","25.1",",,E,17,","67.0",",,,E"
"SWE00137976","1995-12","57.15","15.68","171.0","FAGERHULT D, SW","12",",E","2",",E","0",",E","27","3,","19951231","+,3,E","19951222",",,E","160","3,,E,31,+","5.7",",,E,22,","20.4",",,,E"
"SWE00137976","1996-01","57.15","15.68","171.0","FAGERHULT D, SW","14",",E","2",",E","0",",E","31",",","19960106","+,,E","19960102",",,E","230",",,E,06,+","6.5",",,E,02,","22.1",",,,E"
"SWE00137976","1996-02","57.15","15.68","171.0","FAGERHULT D, SW","13",",E","4",",E","0",",E","29",",","19960222",",,E","19960216",",,E","520",",,E,22,","12.5",",,E,16,","38.5",",,,E"
"SWE00137976","1996-03","57.15","15.68","171.0","FAGERHULT D, SW","11",",E","3",",E","0",",E","31",",","19960331",",,E","19960330",",,E","360",",,E,31,","7.0",",,E,30,","21.4",",,,E"
"SWE00137976","1996-04","57.15","15.68","171.0","FAGERHULT D, SW","7",",E","2",",E","0",",E","","","","","19960425",",,E","","","7.8",",,E,25,","20.5",",,,E"
"SWE00137976","1996-05","57.15","15.68","171.0","FAGERHULT D, SW","19",",E","10",",E","2",",E","","","","","19960504",",,E","","","43.7",",,E,04,","137.4",",,,E"
"SWE00137976","1996-06","57.15","15.68","171.0","FAGERHULT D, SW","12",",E","7",",E","1",",E","","","","","19960609",",,E","","","26.6",",,E,09,","77.3",",,,E"
"SWE00137976","1996-07","57.15","15.68","171.0","FAGERHULT D, SW","14",",E","6",",E","1",",E","","","","","19960709",",,E","","","42.5",",,E,09,","86.1",",,,E"
"SWE00137976","1996-08","57.15","15.68","171.0","FAGERHULT D, SW","12",",E","10",",E","0",",E","","","","","19960829",",,E","","","18.0",",,E,29,","79.6",",,,E"
"SWE00137976","1996-09","57.15","15.68","171.0","FAGERHULT D, SW","10",",E","5",",E","0",",E","","","","","19960912",",,E","","","24.0",",,E,12,","57.5",",,,E"
"SWE00137976","1996-10","57.15","15.68","171.0","FAGERHULT D, SW","14",",E","3",",E","0",",E","","","","","19961027",",,E","","","4.9",",,E,27,","22.1",",,,E"
"SWE00137976","1996-11","57.15","15.68","171.0","FAGERHULT D, SW","24",",E","12",",E","0",",E","","","","","19961128",",,E","","","11.8",",,E,28,","91.0",",,,E"
"SWE00137976","1996-12","57.15","15.68","171.0","FAGERHULT D, SW","15",",E","4",",E","0",",E","","","","","19961218",",,E","","","13.3",",,E,18,","52.4",",,,E"
"SWE00137976","1997-01","57.15","15.68","171.0","FAGERHULT D, SW","5",",E","0",",E","0",",E","26","5,","19970101",",5,E","19970119",",,E","380","5,,E,01,","1.0",",,E,19,","3.0",",,,E"
"SWE00137976","1997-02","57.15","15.68","171.0","FAGERHULT D, SW","17",",E","8",",E","0",",E","","","","","19970224",",,E","","","9.3",",,E,24,","52.4",",,,E"
"SWE00137976","1997-03","57.15","15.68","171.0","FAGERHULT D, SW","5",",E","2",",E","0",",E","","","","","19970326",",,E","","","11.6",",,E,26,","18.2",",,,E"
"SWE00137976","1997-04","57.15","15.68","171.0","FAGERHULT D, SW","11",",E","6",",E","0",",E","","","","","19970424",",,E","","","9.1",",,E,24,","34.9",",,,E"
"SWE00137976","1997-05","57.15","15.68","171.0","FAGERHULT D, SW","13",",E","9",",E","0",",E","","","","","19970507",",,E","","","14.1",",,E,07,","66.1",",,,E"
"SWE00137976","1997-06","57.15","15.68","171.0","FAGERHULT D, SW","11",",E","6",",E","0",",E","","","","","19970628",",,E","","","19.9",",,E,28,","88.8",",,,E"
"SWE00137976","1997-07","57.15","15.68","171.0","FAGERHULT D, SW","15",",E","10",",E","0",",E","","","","","19970731",",,E","","","17.5",",,E,31,","87.6",",,,E"
"SWE00137976","1997-08","57.15","15.68","171.0","FAGERHULT D, SW","4",",E","3",",E","0",",E","","","","","19970830",",,E","","","6.8",",,E,30,","17.1",",,,E"
"SWE00137976","1997-09","57.15","15.68","171.0","FAGERHULT D, SW","12",",E","3",",E","1",",E","","","","","19970903",",,E","","","27.1",",,E,03,","54.9",",,,E"
"SWE00137976","1997-10","57.15","15.68","171.0","FAGERHULT D, SW","16",",E","8",",E","0",",E","","","","","19971010",",,E","","","12.8",",,E,10,","73.7",",,,E"
"SWE00137976","1997-11","57.15","15.68","171.0","FAGERHULT D, SW","16",",E","10",",E","0",",E","","","","","19971107",",,E","","","10.1",",,E,07,","53.0",",,,E"
"SWE00137976","1997-12","57.15","15.68","171.0","FAGERHULT D, SW","19",",E","9",",E","0",",E","","","","","19971210",",,E","","","8.4",",,E,10,","62.2",",,,E"
"SWE00137976","1998-01","57.15","15.68","171.0","FAGERHULT D, SW","16",",E","5",",E","0",",E","","","","","19980123",",,E","","","12.5",",,E,23,","41.1",",,,E"
"SWE00137976","1998-02","57.15","15.68","171.0","FAGERHULT D, SW","16",",E","5",",E","0",",E","","","","","19980216",",,E","","","7.2",",,E,16,","35.5",",,,E"
"SWE00137976","1998-03","57.15","15.68","171.0","FAGERHULT D, SW","13",",E","6",",E","0",",E","","","","","19980301",",,E","","","7.6",",,E,01,","44.7",",,,E"
"SWE00137976","1998-04","57.15","15.68","171.0","FAGERHULT D, SW","16",",E","8",",E","0",",E","","","","","19980404",",,E","","","23.3",",,E,04,","81.9",",,,E"
"SWE00137976","1998-05","57.15","15.68","171.0","FAGERHULT D, SW","11",",E","6",",E","0",",E","","","","","19980503",",,E","","","21.9",",,E,03,","59.3",",,,E"
"SWE00137976","1998-06","57.15","15.68","171.0","FAGERHULT D, SW","18",",E","7",",E","0",",E","","","","","19980616",",,E","","","23.6",",,E,16,","97.3",",,,E"
"SWE00137976","1998-07","57.15","15.68","171.0","FAGERHULT D, SW","22",",E","8",",E","0",",E","","","","","19980718",",,E","","","11.8",",,E,18,","63.1",",,,E"
"SWE00137976","1998-08","57.15","15.68","171.0","FAGERHULT D, SW","20",",E","12",",E","0",",E","","","","","19980824",",,E","","","24.0",",,E,24,","97.1",",,,E"
"SWE00137976","1998-09","57.15","15.68","171.0","FAGERHULT D, SW","11",",E","5",",E","0",",E","","","","","19980914",",,E","","","20.5",",,E,14,","55.6",",,,E"
"SWE00137976","1998-10","57.15","15.68","171.0","FAGERHULT D, SW","24",",E","9",",E","0",",E","","","","","19981016",",,E","","","11.6",",,E,16,","73.9",",,,E"
"SWE00137976","1998-11","57.15","15.68","171.0","FAGERHULT D, SW","21",",E","4",",E","0",",E","22","5,","19981121","+,5,E","19981106",",,E","110","5,,E,21,+","12.4",",,E,06,","43.9",",,,E"
"SWE00137976","1998-12","57.15","15.68","171.0","FAGERHULT D, SW","16",",E","7",",E","0",",E","","","","","19981213",",,E","","","17.7",",,E,13,","56.5",",,,E"
"SWE00137976","1999-01","57.15","15.68","171.0","FAGERHULT D, SW","18",",E","9",",E","0",",E","","","","","19990125",",,E","","","8.4",",,E,25,","54.4",",,,E"
"SWE00137976","1999-02","57.15","15.68","171.0","FAGERHULT D, SW","15",",E","5",",E","0",",E","26","1,","19990209",",1,E","19990208",",,E","280","1,,E,09,","10.5",",,E,08,","42.0",",,,E"
"SWE00137976","1999-03","57.15","15.68","171.0","FAGERHULT D, SW","11",",E","4",",E","0",",E","","","","","19990306",",,E","","","12.9",",,E,06,","48.1",",,,E"
"SWE00137976","1999-04","57.15","15.68","171.0","FAGERHULT D, SW","11",",E","5",",E","0",",E","","","","","19990417",",,E","","","21.0",",,E,17,","57.4",",,,E"
"SWE00137976","1999-05","57.15","15.68","171.0","FAGERHULT D, SW","12",",E","5",",E","0",",E","","","","","19990530",",,E","","","12.6",",,E,30,","43.2",",,,E"
"SWE00137976","1999-06","57.15","15.68","171.0","FAGERHULT D, SW","15",",E","11",",E","0",",E","","","","","19990626",",,E","","","14.0",",,E,26,","72.7",",,,E"
"SWE00137976","1999-07","57.15","15.68","171.0","FAGERHULT D, SW","6",",E","3",",E","1",",E","","","","","19990714",",,E","","","28.5",",,E,14,","40.7",",,,E"
"SWE00137976","1999-08","57.15","15.68","171.0","FAGERHULT D, SW","16",",E","8",",E","0",",E","","","","","19990811",",,E","","","15.3",",,E,11,","81.3",",,,E"
"SWE00137976","1999-09","57.15","15.68","171.0","FAGERHULT D, SW","13",",E","8",",E","0",",E","","","","","19990930",",,E","","","6.7",",,E,30,","42.6",",,,E"
"SWE00137976","1999-10","57.15","15.68","171.0","FAGERHULT D, SW","19",",E","2",",E","0",",E","","","","","19991009",",,E","","","11.8",",,E,09,","34.6",",,,E"
"SWE00137976","1999-11","57.15","15.68","171.0","FAGERHULT D, SW","12",",E","5",",E","0",",E","","","","","19991130",",,E","","","7.5",",,E,30,","30.6",",,,E"
"SWE00137976","1999-12","57.15","15.68","171.0","FAGERHULT D, SW","23",",E","14",",E","0",",E","","","","","19991214",",,E","","","15.5",",,E,14,","108.0",",,,E"
"SWE00137976","2000-01","57.15","15.68","171.0","FAGERHULT D, SW","9",",E","3",",E","0",",E","","","","","20000131",",,E","","","9.1",",,E,31,","29.4",",,,E"
"SWE00137976","2000-02","57.15","15.68","171.0","FAGERHULT D, SW","15",",E","4",",E","0",",E","","","","","20000201",",,E","","","5.7",",,E,01,","24.8",",,,E"
"SWE00137976","2000-03","57.15","15.68","171.0","FAGERHULT D, SW","10",",E","5",",E","0",",E","","","","","20000326",",,E","","","18.1",",,E,26,","45.5",",,,E"
"SWE00137976","2000-04","57.15","15.68","171.0","FAGERHULT D, SW","13",",E","6",",E","1",",E","","","","","20000413",",,E","","","27.2",",,E,13,","68.1",",,,E"
"SWE00137976","2000-05","57.15","15.68","171.0","FAGERHULT D, SW","13",",E","6",",E","0",",E","","","","","20000521",",,E","","","19.8",",,E,21,","46.1",",,,E"
"SWE00137976","2000-06","57.15","15.68","171.0","FAGERHULT D, SW","13",",E","8",",E","0",",E","","","","","20000629",",,E","","","25.0",",,E,29,","102.6",",,,E"
"SWE00137976","2000-07","57.15","15.68","171.0","FAGERHULT D, SW","19",",E","11",",E","0",",E","","","","","20000702",",,E","","","22.0",",,E,02,","93.4",",,,E"
"SWE00137976","2000-08","57.15","15.68","171.0","FAGERHULT D, SW","14",",E","4",",E","0",",E","","","","","20000820",",,E","","","12.1",",,E,20,","35.8",",,,E"
"SWE00137976","2000-09","57.15","15.68","171.0","FAGERHULT D, SW","8",",E","4",",E","0",",E","","","","","20000902",",,E","","","9.8",",,E,02,","31.1",",,,E"
"SWE00137976","2000-10","57.15","15.68","171.0","FAGERHULT D, SW","18",",E","11",",E","0",",E","","","","","20001012",",,E","","","14.8",",,E,12,","85.7",",,,E"
"SWE00137976","2000-11","57.15","15.68","171.0","FAGERHULT D, SW","22",",E","10",",E","0",",E","","","","","20001107",",,E","","","24.5",",,E,07,","93.9",",,,E"
"SWE00137976","2000-12","57.15","15.68","171.0","FAGERHULT D, SW","16",",E","5",",E","0",",E","","","","","20001228",",,E","","","14.7",",,E,28,","53.7",",,,E"
"SWE00137976","2001-01","57.15","15.68","171.0","FAGERHULT D, SW","16",",E","7",",E","0",",E","","","","","20010101",",,E","","","10.1",",,E,01,","50.5",",,,E"
"SWE00137976","2001-02","57.15","15.68","171.0","FAGERHULT D, SW","15",",E","9",",E","0",",E","","","","","20010202",",,E","","","8.8",",,E,02,","47.2",",,,E"
"SWE00137976","2001-03","57.15","15.68","171.0","FAGERHULT D, SW","10",",E","7",",E","0",",E","","","","","20010301",",,E","","","13.7",",,E,01,","46.2",",,,E"
"SWE00137976","2001-04","57.15","15.68","171.0","FAGERHULT D, SW","15",",E","6",",E","0",",E","","","","","20010422",",,E","","","7.4",",,E,22,","36.8",",,,E"
"SWE00137976","2001-05","57.15","15.68","171.0","FAGERHULT D, SW","10",",E","7",",E","0",",E","","","","","20010529",",,E","","","15.4",",,E,29,","58.7",",,,E"
"SWE00137976","2001-06","57.15","15.68","171.0","FAGERHULT D, SW","12",",E","7",",E","0",",E","","","","","20010616",",,E","","","10.0",",,E,16,","46.7",",,,E"
"SWE00137976","2001-07","57.15","15.68","171.0","FAGERHULT D, SW","9",",E","9",",E","0",",E","","","","","20010711",",,E","","","15.2",",,E,11,","62.0",",,,E"
"SWE00137976","2001-08","57.15","15.68","171.0","FAGERHULT D, SW","16",",E","12",",E","0",",E","","","","","20010827",",,E","","","13.5",",,E,27,","79.5",",,,E"
"SWE00137976","2001-09","57.15","15.68","171.0","FAGERHULT D, SW","21",",E","12",",E","1",",E","","","","","20010909",",,E","","","32.5",",,E,09,","149.8",",,,E"
"SWE00137976","2001-10","57.15","15.68","171.0","FAGERHULT D, SW","14",",E","9",",E","0",",E","","","","","20011007",",,E","","","12.7",",,E,07,","57.4",",,,E"
"SWE00137976","2001-11","57.15","15.68","171.0","FAGERHULT D, SW","9",",E","6",",E","0",",E","","","","","20011106",",,E","","","8.0",",,E,06,","34.6",",,,E"
"SWE00137976","2001-12","57.15","15.68","171.0","FAGERHULT D, SW","16",",E","8",",E","0",",E","","","","","20011224",",,E","","","11.7",",,E,24,","70.1",",,,E"
"SWE00137976","2002-01","57.15","15.68","171.0","FAGERHULT D, SW","12",",E","8",",E","0",",E","","","","","20020126",",,E","","","17.7",",,E,26,","55.9",",,,E"
"SWE00137976","2002-02","57.15","15.68","171.0","FAGERHULT D, SW","17",",E","8",",E","0",",E","","","","","20020211",",,E","","","8.4",",,E,11,","49.2",",,,E"
"SWE00137976","2002-03","57.15","15.68","171.0","FAGERHULT D, SW","16",",E","5",",E","0",",E","","","","","20020306",",,E","","","9.7",",,E,06,","37.8",",,,E"
"SWE00137976","2002-04","57.15","15.68","171.0","FAGERHULT D, SW","10",",E","3",",E","0",",E","","","","","20020426",",,E","","","7.8",",,E,26,","23.4",",,,E"
"SWE00137976","2002-05","57.15","15.68","171.0","FAGERHULT D, SW","13",",E","9",",E","0",",E","","","","","20020504",",,E","","","19.1",",,E,04,","71.5",",,,E"
"SWE00137976","2002-06","57.15","15.68","171.0","FAGERHULT D, SW","12",",E","6",",E","0",",E","","","","","20020623",",,E","","","22.1",",,E,23,","55.7",",,,E"
"SWE00137976","2002-07","57.15","15.68","171.0","FAGERHULT D, SW","15",",E","9",",E","0",",E","","","","","20020725",",,E","","","12.7",",,E,25,","73.1",",,,E"
"SWE00137976","2002-08","57.15","15.68","171.0","FAGERHULT D, SW","2",",E","2",",E","0",",E","","","","","20020817",",,E","","","11.3",",,E,17,","15.2",",,,E"
"SWE00137976","2002-09","57.15","15.68","171.0","FAGERHULT D, SW","6",",E","3",",E","0",",E","","","","","20020919",",,E","","","3.3",",,E,19,","12.3",",,,E"
"SWE00137976","2002-10","57.15","15.68","171.0","FAGERHULT D, SW","24",",E","14",",E","0",",E","","","","","20021017",",,E","","","14.5",",,E,17,","124.5",",,,E"
"SWE00137976","2002-11","57.15","15.68","171.0","FAGERHULT D, SW","18",",E","9",",E","0",",E","","","","","20021117",",,E","","","14.3",",,E,17,","66.6",",,,E"
"SWE00137976","2002-12","57.15","15.68","171.0","FAGERHULT D, SW","15",",E","4",",E","0",",E","29","2,","20021231","+,2,E","20021228",",,E","200","2,,E,31,+","14.5",",,E,28,","52.8",",,,E"
"SWE00137976","2003-01","57.15","15.68","171.0","FAGERHULT D, SW","14",",E","1",",E","0",",E","","","","","20030127",",,E","","","4.5",",,E,27,","17.0",",,,E"
"SWE00137976","2003-02","57.15","15.68","171.0","FAGERHULT D, SW","4",",E","2",",E","0",",E","27",",","20030206","+,,E","20030203",",,E","90",",,E,06,+","3.0",",,E,03,","8.1",",,,E"
"SWE00137976","2003-03","57.15","15.68","171.0","FAGERHULT D, SW","6",",E","1",",E","0",",E","","","","","20030308",",,E","","","4.1",",,E,08,","7.5",",,,E"
"SWE00137976","2003-04","57.15","15.68","171.0","FAGERHULT D, SW","11",",E","8",",E","0",",E","","","","","20030409",",,E","","","17.0",",,E,09,","72.3",",,,E"
"SWE00137976","2003-05","57.15","15.68","171.0","FAGERHULT D, SW","11",",E","5",",E","0",",E","","","","","20030523",",,E","","","10.3",",,E,23,","39.1",",,,E"
"SWE00137976","2003-06","57.15","15.68","171.0","FAGERHULT D, SW","18",",E","9",",E","0",",E","","","","","20030615",",,E","","","9.6",",,E,15,","50.3",",,,E"
"SWE00137976","2003-07","57.15","15.68","171.0","FAGERHULT D, SW","15",",E","11",",E","3",",E","","","","","20030702",",,E","","","78.2",",,E,02,","203.0",",,,E"
"SWE00137976","2003-08","57.15","15.68","171.0","FAGERHULT D, SW","12",",E","8",",E","0",",E","","","","","20030826",",,E","","","13.7",",,E,26,","67.0",",,,E"
"SWE00137976","2003-09","57.15","15.68","171.0","FAGERHULT D, SW","8",",E","3",",E","0",",E","","","","","20030921",",,E","","","4.9",",,E,21,","19.2",",,,E"
"SWE00137976","2003-10","57.15","15.68","171.0","FAGERHULT D, SW","11",",E","4",",E","0",",E","","","","","20031004",",,E","","","10.4",",,E,04,","27.7",",,,E"
"SWE00137976","2003-11","57.15","15.68","171.0","FAGERHULT D, SW","14",",E","8",",E","0",",E","","","","","20031122",",,E","","","9.7",",,E,22,","47.6",",,,E"
"SWE00137976","2003-12","57.15","15.68","171.0","FAGERHULT D, SW","16",",E","6",",E","0",",E","","","","","20031220",",,E","","","10.4",",,E,20,","46.0",",,,E"
"SWE00137976","2004-01","57.15","15.68","171.0","FAGERHULT D, SW","17",",E","10",",E","0",",E","31",",","20040131",",,E","20040113",",,E","360",",,E,31,","10.1",",,E,13,","65.4",",,,E"
"SWE00137976","2004-02","57.15","15.68","171.0","FAGERHULT D, SW","12",",E","3",",E","0",",E","","","","","20040222",",,E","","","6.2",",,E,22,","25.2",",,,E"
"SWE00137976","2004-03","57.15","15.68","171.0","FAGERHULT D, SW","13",",E","3",",E","0",",E","","","","","20040320",",,E","","","17.0",",,E,20,","35.8",",,,E"
"SWE00137976","2004-04","57.15","15.68","171.0","FAGERHULT D, SW","8",",E","1",",E","0",",E","","","","","20040406",",,E","","","12.0",",,E,06,","21.7",",,,E"
"SWE00137976","2004-05","57.15","15.68","171.0","FAGERHULT D, SW","17",",E","12",",E","0",",E","","","","","20040507",",,E","","","13.0",",,E,07,","76.2",",,,E"
"SWE00137976","2004-06","57.15","15.68","171.0","FAGERHULT D, SW","13",",E","9",",E","0",",E","","","","","20040623",",,E","","","11.5",",,E,23,","52.1",",,,E"
"SWE00137976","2004-07","57.15","15.68","171.0","FAGERHULT D, SW","17",",E","9",",E","2",",E","","","","","20040709",",,E","","","80.3",",,E,09,","174.8",",,,E"
"SWE00137976","2004-08","57.15","15.68","171.0","FAGERHULT D, SW","15",",E","8",",E","0",",E","","","","","20040825",",,E","","","23.2",",,E,25,","103.4",",,,E"
"SWE00137976","2004-09","57.15","15.68","171.0","FAGERHULT D, SW","13",",E","3",",E","0",",E","","","","","20040920",",,E","","","5.9",",,E,20,","26.9",",,,E"
"SWE00137976","2004-10","57.15","15.68","171.0","FAGERHULT D, SW","20",",E","13",",E","0",",E","","","","","20041017",",,E","","","25.2",",,E,17,","116.8",",,,E"
"SWE00137976","2004-11","57.15","15.68","171.0","FAGERHULT D, SW","16",",E","9",",E","0",",E","","","","","20041122",",,E","","","16.3",",,E,22,","70.0",",,,E"
"SWE00137976","2004-12","57.15","15.68","171.0","FAGERHULT D, SW","11",",E","4",",E","0",",E","","","","","20041225",",,E","","","8.0",",,E,25,","25.2",",,,E"
"SWE00137976","2005-01","57.15","15.68","171.0","FAGERHULT D, SW","20",",E","4",",E","0",",E","","","","","20050108",",,E","","","8.9",",,E,08,","38.9",",,,E"
"SWE00137976","2005-02","57.15","15.68","171.0","FAGERHULT D, SW","15",",E","7",",E","0",",E","","","","","20050213",",,E","","","16.4",",,E,13,","69.3",",,,E"
"SWE00137976","2005-03","57.15","15.68","171.0","FAGERHULT D, SW","10",",E","4",",E","0",",E","27","2,","20050301",",2,E","20050316",",,E","560","2,,E,01,","5.7",",,E,16,","25.4",",,,E"
"SWE00137976","2005-04","57.15","15.68","171.0","FAGERHULT D, SW","6",",E","1",",E","0",",E","","","","","20050407",",,E","","","3.1",",,E,07,","7.4",",,,E"
"SWE00137976","2005-05","57.15","15.68","171.0","FAGERHULT D, SW","13",",E","5",",E","0",",E","","","","","20050523",",,E","","","9.9",",,E,23,","43.5",",,,E"
"SWE00137976","2005-06","57.15","15.68","171.0","FAGERHULT D, SW","14",",E","8",",E","0",",E","","","","","20050611",",,E","","","15.2",",,E,11,","62.0",",,,E"
"SWE00137976","2005-07","57.15","15.68","171.0","FAGERHULT D, SW","16",",E","10",",E","0",",E","","","","","20050723",",,E","","","24.3",",,E,23,","107.3",",,,E"
"SWE00137976","2005-08","57.15","15.68","171.0","FAGERHULT D, SW","13",",E","8",",E","0",",E","","","","","20050813",",,E","","","23.0",",,E,13,","93.5",",,,E"
"SWE00137976","2007-01","57.15","15.68","171.0","FAGERHULT D, SW","23",",E","13",",E","0",",E","8","3,","20070128","+,3,E","20070128",",,E","100","3,,E,28,+","12.3",",,E,28,","87.1",",,,E"
"SWE00137976","2007-02","57.15","15.68","171.0","FAGERHULT D, SW","17",",E","7",",E","0",",E","23",",","20070227",",,E","20070207",",,E","290",",,E,27,","13.0",",,E,07,","50.3",",,,E"
"SWE00137976","2007-03","57.15","15.68","171.0","FAGERHULT D, SW","9",",E","5",",E","0",",E","7",",","20070301",",,E","20070307",",,E","260",",,E,01,","7.8",",,E,07,","28.5",",,,E"
"SWE00137976","2007-04","57.15","15.68","171.0","FAGERHULT D, SW","7",",E","3",",E","0",",E","0",",","20070430","+,,E","20070419",",,E","0",",,E,30,+","8.0",",,E,19,","18.2",",,,E"
"SWE00137976","2007-05","57.15","15.68","171.0","FAGERHULT D, SW","13",",E","8",",E","0",",E","0",",","20070531","+,,E","20070511",",,E","0",",,E,31,+","11.0",",,E,11,","44.5",",,,E"
"SWE00137976","2007-06","57.15","15.68","171.0","FAGERHULT D, SW","12",",E","6",",E","3",",E","0",",","20070630","+,,E","20070630",",,E","0",",,E,30,+","49.0",",,E,30,","149.7",",,,E"
"SWE00137976","2007-07","57.15","15.68","171.0","FAGERHULT D, SW","18",",E","12",",E","1",",E","0",",","20070731","+,,E","20070706",",,E","0",",,E,31,+","28.4",",,E,06,","128.8",",,,E"
"SWE00137976","2007-08","57.15","15.68","171.0","FAGERHULT D, SW","17",",E","9",",E","0",",E","0",",","20070831","+,,E","20070808",",,E","0",",,E,31,+","15.3",",,E,08,","69.1",",,,E"
"SWE00137976","2007-09","57.15","15.68","171.0","FAGERHULT D, SW","18",",E","13",",E","0",",E","0","3,","20070930","+,3,E","20070928",",,E","0","3,,E,30,+","23.6",",,E,28,","102.7",",,,E"
"SWE00137976","2007-10","57.15","15.68","171.0","FAGERHULT D, SW","6",",E","2",",E","0",",E","0","2,","20071031","+,2,E","20071029",",,E","0","2,,E,31,+","12.0",",,E,29,","20.3",",,,E"
"SWE00137976","2007-11","57.15","15.68","171.0","FAGERHULT D, SW","21",",E","5",",E","0",",E","3","2,","20071114",",2,E","20071113",",,E","180","2,,E,14,","7.2",",,E,13,","39.8",",,,E"
"SWE00137976","2007-12","57.15","15.68","171.0","FAGERHULT D, SW","14",",E","5",",E","0",",E","0",",","20071231","+,,E","20071207",",,E","0",",,E,31,+","9.5",",,E,07,","49.7",",,,E"
"SWE00137976","2008-01","57.15","15.68","171.0","FAGERHULT D, SW","21",",E","10",",E","0",",E","10",",","20080106","+,,E","20080126",",,E","150",",,E,06,+","17.5",",,E,26,","69.7",",,,E"
"SWE00137976","2008-02","57.15","15.68","171.0","FAGERHULT D, SW","13",",E","4",",E","0",",E","0",",","20080201",",,E","20080222",",,E","20",",,E,01,","5.0",",,E,22,","24.0",",,,E"
"SWE00137976","2008-03","57.15","15.68","171.0","FAGERHULT D, SW","16",",E","5",",E","0",",E","9",",","20080318",",,E","20080317",",,E","100",",,E,18,","8.3",",,E,17,","35.2",",,,E"
"SWE00137976","2008-04","57.15","15.68","171.0","FAGERHULT D, SW","9",",E","3",",E","0",",E","0",",","20080430","+,,E","20080412",",,E","0",",,E,30,+","13.7",",,E,12,","27.5",",,,E"
"SWE00137976","2008-05","57.15","15.68","171.0","FAGERHULT D, SW","6",",E","5",",E","0",",E","0","2,","20080531","+,2,E","20080502",",,E","0","2,,E,31,+","19.8",",,E,02,","42.2",",,,E"
"SWE00137976","2008-06","57.15","15.68","171.0","FAGERHULT D, SW","15",",E","5",",E","0",",E","0","5,","20080630","+,5,E","20080615",",,E","0","5,,E,30,+","12.5",",,E,15,","44.0",",,,E"
"SWE00137976","2008-07","57.15","15.68","171.0","FAGERHULT D, SW","15",",E","9",",E","0",",E","","","","","20080712",",,E","","","21.3",",,E,12,","125.4",",,,E"
"SWE00137976","2008-08","57.15","15.68","171.0","FAGERHULT D, SW","21",",E","12",",E","1",",E","0","3,","20080831","+,3,E","20080804",",,E","0","3,,E,31,+","38.0",",,E,04,","123.7",",,,E"
"SWE00137976","2008-09","57.15","15.68","171.0","FAGERHULT D, SW","20",",E","7",",E","0",",E","0","1,","20080930","+,1,E","20080907",",,E","0","1,,E,30,+","13.8",",,E,07,","63.8",",,,E"
"SWE00137976","2008-10","57.15","15.68","171.0","FAGERHULT D, SW","17",",E","10",",E","1",",E","0","1,","20081031","+,1,E","20081030",",,E","0","1,,E,31,+","27.4",",,E,30,","95.7",",,,E"
"SWE00137976","2008-11","57.15","15.68","171.0","FAGERHULT D, SW","20",",E","6",",E","0",",E","0","2,","20081126","+,2,E","20081110",",,E","10","2,,E,26,+","12.5",",,E,10,","46.9",",,,E"
"SWE00137976","2008-12","57.15","15.68","171.0","FAGERHULT D, SW","20",",E","7",",E","0",",E","5","5,","20081212",",5,E","20081202",",,E","120","5,,E,12,","8.6",",,E,02,","57.1",",,,E"
"SWE00137976","2009-01","57.15","15.68","171.0","FAGERHULT D, SW","12",",E","2",",E","0",",E","5","2,","20090108","+,2,E","20090123",",,E","60","2,,E,08,+","4.3",",,E,23,","19.7",",,,E"
"SWE00137976","2009-02","57.15","15.68","171.0","FAGERHULT D, SW","13",",E","3",",E","0",",E","15",",","20090215","+,,E","20090205",",,E","90",",,E,15,+","7.8",",,E,05,","25.7",",,,E"
"SWE00137976","2009-03","57.15","15.68","171.0","FAGERHULT D, SW","15",",E","9",",E","0",",E","4","2,","20090313",",2,E","20090322",",,E","50","2,,E,13,","9.5",",,E,22,","45.5",",,,E"
"SWE00137976","2009-04","57.15","15.68","171.0","FAGERHULT D, SW","1",",E","0",",E","0",",E","0",",","20090430","+,,E","20090408",",,E","0",",,E,30,+","2.0",",,E,08,","2.0",",,,E"
"SWE00137976","2009-05","57.15","15.68","171.0","FAGERHULT D, SW","12",",E","8",",E","0",",E","0",",","20090531","+,,E","20090506",",,E","0",",,E,31,+","10.0",",,E,06,","58.9",",,,E"
"SWE00137976","2009-06","57.15","15.68","171.0","FAGERHULT D, SW","17",",E","9",",E","0",",E","0","3,","20090630","+,3,E","20090602",",,E","0","3,,E,30,+","15.9",",,E,02,","82.4",",,,E"
"SWE00137976","2009-07","57.15","15.68","171.0","FAGERHULT D, SW","22",",E","16",",E","1",",E","0",",","20090731","+,,E","20090714",",,E","0",",,E,31,+","28.0",",,E,14,","135.2",",,,E"
"SWE00137976","2009-08","57.15","15.68","171.0","FAGERHULT D, SW","12",",E","4",",E","0",",E","0",",","20090831","+,,E","20090821",",,E","0",",,E,31,+","12.5",",,E,21,","45.3",",,,E"
"SWE00137976","2009-09","57.15","15.68","171.0","FAGERHULT D, SW","12",",E","4",",E","0",",E","0",",","20090930","+,,E","20090903",",,E","0",",,E,30,+","20.0",",,E,03,","36.7",",,,E"
"SWE00137976","2009-10","57.15","15.68","171.0","FAGERHULT D, SW","20",",E","10",",E","0",",E","0","2,","20091031","+,2,E","20091003",",,E","0","2,,E,31,+","17.2",",,E,03,","72.6",",,,E"
"SWE00137976","2009-11","57.15","15.68","171.0","FAGERHULT D, SW","22",",E","10",",E","0",",E","0","1,","20091130","+,1,E","20091118",",,E","0","1,,E,30,+","9.2",",,E,18,","60.8",",,,E"
"SWE00137976","2009-12","57.15","15.68","171.0","FAGERHULT D, SW","16",",E","8",",E","0",",E","16","2,","20091224","+,2,E","20091225",",,E","160","2,,E,24,+","15.3",",,E,25,","52.8",",,,E"
"SWE00137976","2010-01","57.15","15.68","171.0","FAGERHULT D, SW","16",",E","7",",E","0",",E","31",",","20100131","+,,E","20100127",",,E","360",",,E,31,+","10.2",",,E,27,","41.5",",,,E"
"SWE00137976","2010-02","57.15","15.68","171.0","FAGERHULT D, SW","19",",E","9",",E","0",",E","24","4,","20100226","+,4,E","20100219",",,E","650","4,,E,26,+","10.1",",,E,19,","65.3",",,,E"
"SWE00137976","2010-03","57.15","15.68","171.0","FAGERHULT D, SW","9",",E","3",",E","0",",E","26",",","20100301",",,E","20100331",",,E","450",",,E,01,","4.9",",,E,31,","21.2",",,,E"
"SWE00137976","2010-04","57.15","15.68","171.0","FAGERHULT D, SW","10",",E","3",",E","0",",E","0",",","20100430","+,,E","20100420",",,E","0",",,E,30,+","6.5",",,E,20,","22.2",",,,E"
"SWE00137976","2010-05","57.15","15.68","171.0","FAGERHULT D, SW","20",",E","10",",E","0",",E","0",",","20100531","+,,E","20100504",",,E","0",",,E,31,+","11.2",",,E,04,","73.0",",,,E"
"SWE00137976","2010-06","57.15","15.68","171.0","FAGERHULT D, SW","9",",E","2",",E","0",",E","0",",","20100630","+,,E","20100607",",,E","0",",,E,30,+","6.5",",,E,07,","20.6",",,,E"
"SWE00137976","2010-07","57.15","15.68","171.0","FAGERHULT D, SW","9",",E","7",",E","1",",E","0",",","20100731","+,,E","20100724",",,E","0",",,E,31,+","53.0",",,E,24,","121.8",",,,E"
"SWE00137976","2010-08","57.15","15.68","171.0","FAGERHULT D, SW","21",",E","9",",E","0",",E","0","4,","20100831","+,4,E","20100825","+,,E","0","4,,E,31,+","12.6",",,E,25,+","87.9",",,,E"
"SWE00137976","2010-09","57.15","15.68","171.0","FAGERHULT D, SW","17",",E","7",",E","0",",E","0",",","20100930","+,,E","20100913",",,E","0",",,E,30,+","14.0",",,E,13,","63.9",",,,E"
"SWE00137976","2010-10","57.15","15.68","171.0","FAGERHULT D, SW","16",",E","5",",E","0",",E","1",",","20101021",",,E","20101007",",,E","50",",,E,21,","20.8",",,E,07,","53.4",",,,E"
"SWE00137976","2010-11","57.15","15.68","171.0","FAGERHULT D, SW","25",",E","16",",E","1",",E","5","2,","20101130",",2,E","20101122",",,E","380","2,,E,30,","26.1",",,E,22,","156.5",",,,E"
"SWE00137976","2010-12","57.15","15.68","171.0","FAGERHULT D, SW","22",",E","8",",E","0",",E","","","","","20101216",",,E","","","9.2",",,E,16,","59.2",",,,E"
"SWE00137976","2011-01","57.15","15.68","171.0","FAGERHULT D, SW","15",",E","5",",E","0",",E","28","3,","20110108","+,3,E","20110115",",,E","480","3,,E,08,+","5.9",",,E,15,","32.0",",,,E"
"SWE00137976","2011-02","57.15","15.68","171.0","FAGERHULT D, SW","11",",E","3",",E","0",",E","28",",","20110202","+,,E","20110210",",,E","300",",,E,02,+","5.5",",,E,10,","23.3",",,,E"
"SWE00137976","2011-03","57.15","15.68","171.0","FAGERHULT D, SW","8",",E","4",",E","0",",E","22",",","20110305","+,,E","20110310",",,E","180",",,E,05,+","6.5",",,E,10,","27.4",",,,E"
"SWE00137976","2011-04","57.15","15.68","171.0","FAGERHULT D, SW","6",",E","0",",E","0",",E","0",",","20110430","+,,E","20110407",",,E","0",",,E,30,+","1.3",",,E,07,","4.8",",,,E"
"SWE00137976","2011-05","57.15","15.68","171.0","FAGERHULT D, SW","16",",E","6",",E","0",",E","0",",","20110531","+,,E","20110522",",,E","0",",,E,31,+","9.1",",,E,22,","44.0",",,,E"
"SWE00137976","2011-06","57.15","15.68","171.0","FAGERHULT D, SW","13",",E","10",",E","1",",E","0",",","20110630","+,,E","20110622",",,E","0",",,E,30,+","43.0",",,E,22,","123.3",",,,E"
"SWE00137976","2011-07","57.15","15.68","171.0","FAGERHULT D, SW","18",",E","8",",E","0",",E","0",",","20110731","+,,E","20110714",",,E","0",",,E,31,+","20.5",",,E,14,","74.3",",,,E"
"SWE00137976","2011-08","57.15","15.68","171.0","FAGERHULT D, SW","19",",E","8",",E","0",",E","0",",","20110831","+,,E","20110806",",,E","0",",,E,31,+","12.0",",,E,06,","62.4",",,,E"
"SWE00137976","2011-09","57.15","15.68","171.0","FAGERHULT D, SW","12",",E","9",",E","0",",E","0",",","20110930","+,,E","20110905",",,E","0",",,E,30,+","13.2",",,E,05,","70.3",",,,E"
"SWE00137976","2011-10","57.15","15.68","171.0","FAGERHULT D, SW","14",",E","5",",E","0",",E","","","","","20111019",",,E","","","11.2",",,E,19,","44.3",",,,E"
"SWE00137976","2011-11","57.15","15.68","171.0","FAGERHULT D, SW","12",",E","2",",E","0",",E","0","1,","20111130","+,1,E","20111127",",,E","0","1,,E,30,+","9.1",",,E,27,","17.0",",,,E"
"SWE00137976","2011-12","57.15","15.68","171.0","FAGERHULT D, SW","22",",E","7",",E","0",",E","0","2,","20111231","+,2,E","20111208",",,E","0","2,,E,31,+","12.0",",,E,08,","75.4",",,,E"
"SWE00137976","2012-01","57.15","15.68","171.0","FAGERHULT D, SW","18",",E","9",",E","0",",E","10",",","20120131","+,,E","20120103",",,E","130",",,E,31,+","12.5",",,E,03,","66.7",",,,E"
"SWE00137976","2012-02","57.15","15.68","171.0","FAGERHULT D, SW","15",",E","4",",E","0",",E","23",",","20120217","+,,E","20120218",",,E","220",",,E,17,+","7.6",",,E,18,","30.7",",,,E"
"SWE00137976","2012-03","57.15","15.68","171.0","FAGERHULT D, SW","6",",E","2",",E","0",",E","0","1,","20120331","+,1,E","20120317",",,E","0","1,,E,31,+","5.1",",,E,17,","14.5",",,,E"
"SWE00137976","2012-04","57.15","15.68","171.0","FAGERHULT D, SW","14",",E","8",",E","0",",E","0","1,","20120430","+,1,E","20120413",",,E","0","1,,E,30,+","8.8",",,E,13,","46.7",",,,E"
"SWE00137976","2012-05","57.15","15.68","171.0","FAGERHULT D, SW","8",",E","4",",E","0",",E","0",",","20120531","+,,E","20120528",",,E","0",",,E,31,+","6.1",",,E,28,","19.6",",,,E"
"SWE00137976","2012-06","57.15","15.68","171.0","FAGERHULT D, SW","17",",E","11",",E","1",",E","0",",","20120630","+,,E","20120624",",,E","0",",,E,30,+","33.0",",,E,24,","100.3",",,,E"
"SWE00137976","2012-07","57.15","15.68","171.0","FAGERHULT D, SW","21",",E","12",",E","2",",E","0",",","20120731","+,,E","20120707",",,E","0",",,E,31,+","58.0",",,E,07,","169.2",",,,E"
"SWE00137976","2012-08","57.15","15.68","171.0","FAGERHULT D, SW","15",",E","4",",E","0",",E","0",",","20120831","+,,E","20120826",",,E","0",",,E,31,+","12.0",",,E,26,","44.5",",,,E"
"SWE00137976","2012-09","57.15","15.68","171.0","FAGERHULT D, SW","17",",E","7",",E","0",",E","0",",","20120930","+,,E","20120922",",,E","0",",,E,30,+","24.2",",,E,22,","86.0",",,,E"
"SWE00137976","2012-10","57.15","15.68","171.0","FAGERHULT D, SW","15",",E","8",",E","0",",E","","","","","20121015",",,E","","","15.9",",,E,15,","63.0",",,,E"
"SWE00137976","2012-11","57.15","15.68","171.0","FAGERHULT D, SW","18",",E","7",",E","0",",E","0",",","20121130","+,,E","20121125",",,E","0",",,E,30,+","11.3",",,E,25,","57.7",",,,E"
"SWE00137976","2012-12","57.15","15.68","171.0","FAGERHULT D, SW","26",",E","8",",E","0",",E","28",",","20121212","+,,E","20121204",",,E","360",",,E,12,+","17.5",",,E,04,","78.9",",,,E"
"SWE00137976","2013-01","57.15","15.68","171.0","FAGERHULT D, SW","20",",E","3",",E","0",",E","19",",","20130127","+,,E","20130109",",,E","160",",,E,27,+","6.3",",,E,09,","30.8",",,,E"
"SWE00137976","2013-02","57.15","15.68","171.0","FAGERHULT D, SW","14",",E","3",",E","0",",E","","","","","20130218",",,E","","","8.2",",,E,18,","31.4",",,,E"
"SWE00137976","2013-03","57.15","15.68","171.0","FAGERHULT D, SW","10",",E","3",",E","0",",E","28","3,","20130322",",3,E","20130313",",,E","160","3,,E,22,","4.0",",,E,13,","16.1",",,,E"
"SWE00137976","2013-04","57.15","15.68","171.0","FAGERHULT D, SW","13",",E","4",",E","0",",E","","","","","20130412",",,E","","","10.5",",,E,12,","30.1",",,,E"
"SWE00137976","2013-05","57.15","15.68","171.0","FAGERHULT D, SW","11",",E","7",",E","0",",E","0","4,","20130531","+,4,E","20130519",",,E","0","4,,E,31,+","20.3",",,E,19,","61.3",",,,E"
"SWE00137976","2013-06","57.15","15.68","171.0","FAGERHULT D, SW","17",",E","11",",E","0",",E","","","","","20130625",",,E","","","23.0",",,E,25,","124.5",",,,E"
"SWE00137976","2013-07","57.15","15.68","171.0","FAGERHULT D, SW","10",",E","7",",E","0",",E","0",",","20130731","+,,E","20130730",",,E","0",",,E,31,+","16.5",",,E,30,","59.5",",,,E"
"SWE00137976","2013-08","57.15","15.68","171.0","FAGERHULT D, SW","12",",E","5",",E","0",",E","0","5,","20130831","+,5,E","20130814",",,E","0","5,,E,31,+","9.2",",,E,14,","36.8",",,,E"
"SWE00137976","2013-09","57.15","15.68","171.0","FAGERHULT D, SW","12",",E","3",",E","0",",E","0","3,","20130930","+,3,E","20130919",",,E","0","3,,E,30,+","4.1",",,E,19,","18.9",",,,E"
"SWE00137976","2013-10","57.15","15.68","171.0","FAGERHULT D, SW","18",",E","6",",E","0",",E","","","","","20131020",",,E","","","16.3",",,E,20,","62.2",",,,E"
"SWE00137976","2013-11","57.15","15.68","171.0","FAGERHULT D, SW","16",",E","4",",E","0",",E","0","1,","20131130","+,1,E","20131120",",,E","0","1,,E,30,+","11.0",",,E,20,","40.7",",,,E"
"SWE00137976","2013-12","57.15","15.68","171.0","FAGERHULT D, SW","20",",E","7",",E","0",",E","","","","","20131208",",,E","","","10.2",",,E,08,","48.8",",,,E"
"SWE00137976","2014-01","57.15","15.68","171.0","FAGERHULT D, SW","18",",E","9",",E","0",",E","","","","","20140109",",,E","","","13.7",",,E,09,","49.7",",,,E"
"SWE00137976","2014-02","57.15","15.68","171.0","FAGERHULT D, SW","15",",E","7",",E","0",",E","","","","","20140207",",,E","","","5.7",",,E,07,","31.9",",,,E"
"SWE00137976","2014-03","57.15","15.68","171.0","FAGERHULT D, SW","11",",E","4",",E","0",",E","0","3,","20140331","+,3,E","20140325",",,E","0","3,,E,31,+","11.5",",,E,25,","33.8",",,,E"
"SWE00137976","2014-04","57.15","15.68","171.0","FAGERHULT D, SW","10",",E","3",",E","0",",E","","","","","20140408",",,E","","","14.6",",,E,08,","28.3",",,,E"
"SWE00137976","2014-05","57.15","15.68","171.0","FAGERHULT D, SW","12",",E","8",",E","0",",E","0",",","20140531","+,,E","20140507",",,E","0",",,E,31,+","18.0",",,E,07,","53.9",",,,E"
"SWE00137976","2014-06","57.15","15.68","171.0","FAGERHULT D, SW","16",",E","10",",E","0",",E","0","5,","20140630","+,5,E","20140628",",,E","0","5,,E,30,+","12.5",",,E,28,","72.9",",,,E"
"SWE00137976","2014-07","57.15","15.68","171.0","FAGERHULT D, SW","10",",E","5",",E","0",",E","0",",","20140731","+,,E","20140713",",,E","0",",,E,31,+","21.7",",,E,13,","60.9",",,,E"
"SWE00137976","2014-08","57.15","15.68","171.0","FAGERHULT D, SW","20",",E","9",",E","1",",E","0","5,","20140831","+,5,E","20140805",",,E","0","5,,E,31,+","57.0",",,E,05,","103.4",",,,E"
"SWE00137976","2014-09","57.15","15.68","171.0","FAGERHULT D, SW","10",",E","7",",E","0",",E","","","","","20140908",",,E","","","6.3",",,E,08,","31.5",",,,E"
"SWE00137976","2014-10","57.15","15.68","171.0","FAGERHULT D, SW","19",",E","5",",E","0",",E","0","5,","20141031","+,5,E","20141007",",,E","0","5,,E,31,+","14.6",",,E,07,","57.3",",,,E"
"SWE00137976","2014-11","57.15","15.68","171.0","FAGERHULT D, SW","21",",E","7",",E","1",",E","","","","","20141105",",,E","","","38.5",",,E,05,","86.8",",,,E"
"SWE00137976","2014-12","57.15","15.68","171.0","FAGERHULT D, SW","18",",E","4",",E","0",",E","","","","","20141212",",,E","","","11.1",",,E,12,","35.5",",,,E"
"SWE00137976","2015-01","57.15","15.68","171.0","FAGERHULT D, SW","24",",E","10",",E","0",",E","","","","","20150130",",,E","","","11.0",",,E,30,","77.3",",,,E"
"SWE00137976","2015-02","57.15","15.68","171.0","FAGERHULT D, SW","10",",E","1",",E","0",",E","","","","","20150221",",,E","","","5.6",",,E,21,","14.2",",,,E"
"SWE00137976","2015-03","57.15","15.68","171.0","FAGERHULT D, SW","10",",E","5",",E","0",",E","","","","","20150330",",,E","","","19.2",",,E,30,","46.4",",,,E"
"SWE00137976","2015-04","57.15","15.68","171.0","FAGERHULT D, SW","7",",E","1",",E","0",",E","0","2,","20150430","+,2,E","20150430",",,E","0","2,,E,30,+","3.2",",,E,30,","9.9",",,,E"
"SWE00137976","2015-05","57.15","15.68","171.0","FAGERHULT D, SW","17",",E","10",",E","0",",E","","","","","20150501",",,E","","","22.5",",,E,01,","78.1",",,,E"
"SWE00137976","2015-06","57.15","15.68","171.0","FAGERHULT D, SW","11",",E","6",",E","0",",E","","","","","20150623",",,E","","","24.0",",,E,23,","71.2",",,,E"
"SWE00137976","2015-07","57.15","15.68","171.0","FAGERHULT D, SW","15",",E","7",",E","0",",E","","","","","20150713",",,E","","","18.6",",,E,13,","69.6",",,,E"
"SWE00137976","2015-08","57.15","15.68","171.0","FAGERHULT D, SW","4",",E","1",",E","0",",E","","","","","20150831",",,E","","","23.5",",,E,31,","26.9",",,,E"
"SWE00137976","2015-09","57.15","15.68","171.0","FAGERHULT D, SW","15",",E","9",",E","0",",E","0",",","20150930","+,,E","20150905",",,E","0",",,E,30,+","18.5",",,E,05,","61.7",",,,E"
"SWE00137976","2015-12","57.15","15.68","171.0","FAGERHULT D, SW","16",",E","5",",E","0",",E","1",",","20151228",",,E","20151227",",,E","50",",,E,28,","9.3",",,E,27,","37.9",",,,E"
"SWE00137976","2016-01","57.15","15.68","171.0","FAGERHULT D, SW","17",",E","4",",E","0",",E","24",",","20160111","+,,E","20160110",",,E","200",",,E,11,+","5.7",",,E,10,","30.0",",,,E"
"SWE00137976","2016-02","57.15","15.68","171.0","FAGERHULT D, SW","11",",E","5",",E","0",",E","4",",","20160218","+,,E","20160220",",,E","30",",,E,18,+","5.9",",,E,20,","29.0",",,,E"
"SWE00137976","2016-03","57.15","15.68","171.0","FAGERHULT D, SW","10",",E","4",",E","0",",E","0",",","20160307",",,E","20160306",",,E","20",",,E,07,","6.8",",,E,06,","26.6",",,,E"
"SWE00137976","2016-04","57.15","15.68","171.0","FAGERHULT D, SW","14",",E","4",",E","0",",E","0",",","20160430","+,,E","20160428",",,E","0",",,E,30,+","5.2",",,E,28,","28.3",",,,E"
"SWE00137976","2016-05","57.15","15.68","171.0","FAGERHULT D, SW","8",",E","2",",E","1",",E","0",",","20160531","+,,E","20160515",",,E","0",",,E,31,+","29.8",",,E,15,","42.0",",,,E"
"SWE00137976","2016-06","57.15","15.68","171.0","FAGERHULT D, SW","11",",E","4",",E","0",",E","0",",","20160630","+,,E","20160617",",,E","0",",,E,30,+","8.5",",,E,17,","32.7",",,,E"
"SWE00137976","2016-07","57.15","15.68","171.0","FAGERHULT D, SW","15",",E","5",",E","0",",E","0",",","20160731","+,,E","20160701",",,E","0",",,E,31,+","8.7",",,E,01,","39.9",",,,E"
"SWE00137976","2016-08","57.15","15.68","171.0","FAGERHULT D, SW","13",",E","6",",E","1",",E","0",",","20160831","+,,E","20160818",",,E","0",",,E,31,+","28.6",",,E,18,","75.4",",,,E"
"SWE00137976","2016-09","57.15","15.68","171.0","FAGERHULT D, SW","3",",E","2",",E","0",",E","0",",","20160930","+,,E","20160929",",,E","0",",,E,30,+","4.7",",,E,29,","8.5",",,,E"
"SWE00137976","2016-10","57.15","15.68","171.0","FAGERHULT D, SW","14",",E","11",",E","0",",E","0",",","20161031","+,,E","20161021",",,E","0",",,E,31,+","20.9",",,E,21,","120.3",",,,E"
"SWE00137976","2016-11","57.15","15.68","171.0","FAGERHULT D, SW","16",",E","7",",E","1",",E","9",",","20161110","+,,E","20161105",",,E","150",",,E,10,+","39.2",",,E,05,","88.5",",,,E"
"SWE00137976","2016-12","57.15","15.68","171.0","FAGERHULT D, SW","11",",E","3",",E","0",",E","1",",","20161212",",,E","20161211",",,E","30",",,E,12,","4.8",",,E,11,","24.2",",,,E"
"SWE00137976","2017-01","57.15","15.68","171.0","FAGERHULT D, SW","6",",E","4",",E","0",",E","8",",","20170108",",,E","20170111",",,E","80",",,E,08,","4.2",",,E,11,","18.5",",,,E"
"SWE00137976","2017-02","57.15","15.68","171.0","FAGERHULT D, SW","9",",E","5",",E","0",",E","12",",","20170209",",,E","20170204",",,E","110",",,E,09,","7.1",",,E,04,","26.6",",,,E"
"SWE00137976","2017-03","57.15","15.68","171.0","FAGERHULT D, SW","14",",E","6",",E","0",",E","6",",","20170309","+,,E","20170305",",,E","180",",,E,09,+","14.7",",,E,05,","40.3",",,,E"
"SWE00137976","2017-04","57.15","15.68","171.0","FAGERHULT D, SW","10",",E","5",",E","0",",E","1",",","20170417",",,E","20170413",",,E","30",",,E,17,","6.1",",,E,13,","28.3",",,,E"
"SWE00137976","2017-05","57.15","15.68","171.0","FAGERHULT D, SW","4",",E","3",",E","0",",E","0",",","20170531","+,,E","20170531",",,E","0",",,E,31,+","5.9",",,E,31,","13.2",",,,E"
"SWE00137976","2017-06","57.15","15.68","171.0","FAGERHULT D, SW","15",",E","11",",E","0",",E","0",",","20170630","+,,E","20170629",",,E","0",",,E,30,+","15.3",",,E,29,","75.7",",,,E"
"SWE00137976","2017-07","57.15","15.68","171.0","FAGERHULT D, SW","12",",E","2",",E","0",",E","0",",","20170731","+,,E","20170730",",,E","0",",,E,31,+","9.8",",,E,30,","27.9",",,,E"
"SWE00137976","2017-08","57.15","15.68","171.0","FAGERHULT D, SW","14",",E","9",",E","0",",E","0",",","20170831","+,,E","20170803",",,E","0",",,E,31,+","20.4",",,E,03,","80.7",",,,E"
"SWE00137976","2017-09","57.15","15.68","171.0","FAGERHULT D, SW","18",",E","10",",E","0",",E","0",",","20170930","+,,E","20170903",",,E","0",",,E,30,+","14.9",",,E,03,","82.1",",,,E"
"SWE00137976","2017-10","57.15","15.68","171.0","FAGERHULT D, SW","16",",E","7",",E","1",",E","0",",","20171031","+,,E","20171022",",,E","0",",,E,31,+","27.5",",,E,22,","71.8",",,,E"
"SWE00137976","2017-11","57.15","15.68","171.0","FAGERHULT D, SW","16",",E","6",",E","0",",E","0","1,","20171121","+,1,E","20171127",",,E","10","1,,E,21,+","10.0",",,E,27,","41.5",",,,E"
"SWE00137976","2017-12","57.15","15.68","171.0","FAGERHULT D, SW","19",",E","7",",E","0",",E","10",",","20171215",",,E","20171211",",,E","220",",,E,15,","12.9",",,E,11,","61.5",",,,E"
"SWE00137976","2018-01","57.15","15.68","171.0","FAGERHULT D, SW","17",",E","11",",E","0",",E","10","1,","20180122","+,1,E","20180129",",,E","130","1,,E,22,+","12.6",",,E,29,","62.0",",,,E"
"SWE00137976","2018-02","57.15","15.68","171.0","FAGERHULT D, SW","17",",E","7",",E","0",",E","26",",","20180228",",,E","20180227",",,E","260",",,E,28,","7.3",",,E,27,","40.4",",,,E"
"SWE00137976","2018-03","57.15","15.68","171.0","FAGERHULT D, SW","16",",E","10",",E","0",",E","31",",","20180303",",,E","20180312",",,E","330",",,E,03,","11.0",",,E,12,","49.8",",,,E"
"SWE00137976","2018-04","57.15","15.68","171.0","FAGERHULT D, SW","10",",E","2",",E","0",",E","5",",","20180402",",,E","20180430",",,E","150",",,E,02,","5.1",",,E,30,","15.3",",,,E"
"SWE00137976","2018-05","57.15","15.68","171.0","FAGERHULT D, SW","5",",E","2",",E","0",",E","0",",","20180531","+,,E","20180526",",,E","0",",,E,31,+","6.4",",,E,26,","11.1",",,,E"
"SWE00137976","2018-06","57.15","15.68","171.0","FAGERHULT D, SW","7",",E","3",",E","0",",E","0",",","20180630","+,,E","20180617",",,E","0",",,E,30,+","22.5",",,E,17,","47.6",",,,E"
"SWE00137976","2018-07","57.15","15.68","171.0","FAGERHULT D, SW","6",",E","2",",E","0",",E","0",",","20180731","+,,E","20180714",",,E","0",",,E,31,+","19.0",",,E,14,","25.7",",,,E"
"SWE00137976","2018-08","57.15","15.68","171.0","FAGERHULT D, SW","12",",E","11",",E","2",",E","0",",","20180831","+,,E","20180831",",,E","0",",,E,31,+","43.5",",,E,31,","123.1",",,,E"
"SWE00137976","2018-09","57.15","15.68","171.0","FAGERHULT D, SW","8",",E","4",",E","0",",E","0",",","20180930","+,,E","20180921",",,E","0",",,E,30,+","10.2",",,E,21,","33.1",",,,E"
"SWE00137976","2018-10","57.15","15.68","171.0","FAGERHULT D, SW","12",",E","5",",E","0",",E","2",",","20181027",",,E","20181026",",,E","50",",,E,27,","22.0",",,E,26,","47.1",",,,E"
"SWE00137976","2018-11","57.15","15.68","171.0","FAGERHULT D, SW","13",",E","5",",E","0",",E","0",",","20181125",",,E","20181111",",,E","10",",,E,25,","7.1",",,E,11,","32.7",",,,E"
"SWE00137976","2018-12","57.15","15.68","171.0","FAGERHULT D, SW","20",",E","6",",E","0",",E","13","1,","20181217",",1,E","20181202",",,E","80","1,,E,17,","6.5",",,E,02,","42.4",",,,E"
"SWE00137976","2019-01","57.15","15.68","171.0","FAGERHULT D, SW","14",",E","6",",E","0",",E","16",",","20190128",",,E","20190127",",,E","150",",,E,28,","10.7",",,E,27,","38.9",",,,E"
"SWE00137976","2019-02","57.15","15.68","171.0","FAGERHULT D, SW","12",",E","5",",E","0",",E","13",",","20190203",",,E","20190202",",,E","350",",,E,03,","13.7",",,E,02,","43.2",",,,E"
"SWE00137976","2019-03","57.15","15.68","171.0","FAGERHULT D, SW","15",",E","8",",E","0",",E","1",",","20190306",",,E","20190304",",,E","80",",,E,06,","8.1",",,E,04,","49.6",",,,E"
"SWE00137976","2019-04","57.15","15.68","171.0","FAGERHULT D, SW","2",",E","0",",E","0",",E","0","5,","20190430","+,5,E","20190427",",,E","0","5,,E,30,+","1.0",",,E,27,","1.7",",,,E"
"SWE00137976","2019-05","57.15","15.68","171.0","FAGERHULT D, SW","14",",E","7",",E","0",",E","0","3,","20190531","+,3,E","20190522",",,E","0","3,,E,31,+","10.8",",,E,22,","50.5",",,,E"
"SWE00137976","2019-06","57.15","15.68","171.0","FAGERHULT D, SW","8",",E","6",",E","0",",E","0","3,","20190630","+,3,E","20190626",",,E","0","3,,E,30,+","12.5",",,E,26,","42.1",",,,E"
"SWE00137976","2019-07","57.15","15.68","171.0","FAGERHULT D, SW","14",",E","8",",E","0",",E","0","5,","20190731","+,5,E","20190707",",,E","0","5,,E,31,+","6.5",",,E,07,","47.7",",,,E"
"SWE00137976","2019-08","57.15","15.68","171.0","FAGERHULT D, SW","12",",E","6",",E","0",",E","0","2,","20190831","+,2,E","20190818",",,E","0","2,,E,31,+","14.1",",,E,18,","50.7",",,,E"
"SWE00137976","2019-09","57.15","15.68","171.0","FAGERHULT D, SW","15",",E","4",",E","0",",E","0",",","20190930","+,,E","20190927",",,E","0",",,E,30,+","7.0",",,E,27,","33.5",",,,E"
"SWE00137976","2019-10","57.15","15.68","171.0","FAGERHULT D, SW","11",",E","6",",E","0",",E","0","3,","20191031","+,3,E","20191013",",,E","0","3,,E,31,+","18.3",",,E,13,","61.7",",,,E"
"SWE00137976","2019-11","57.15","15.68","171.0","FAGERHULT D, SW","24",",E","12",",E","0",",E","1",",","20191130",",,E","20191109",",,E","30",",,E,30,","12.0",",,E,09,","83.9",",,,E"
"SWE00137976","2019-12","57.15","15.68","171.0","FAGERHULT D, SW","19",",E","5",",E","0",",E","3",",","20191203","+,,E","20191215",",,E","30",",,E,03,+","9.2",",,E,15,","46.6",",,,E"
"SWE00137976","2020-01","57.15","15.68","171.0","FAGERHULT D, SW","12",",E","4",",E","0",",E","0","1,","20200131","+,1,E","20200130",",,E","0","1,,E,31,+","9.6",",,E,30,","34.5",",,,E"
"SWE00137976","2020-02","57.15","15.68","171.0","FAGERHULT D, SW","17",",E","11",",E","1",",E","8",",","20200205",",,E","20200209",",,E","100",",,E,05,","27.0",",,E,09,","91.0",",,,E"
"SWE00137976","2020-03","57.15","15.68","171.0","FAGERHULT D, SW","13",",E","5",",E","0",",E","3",",","20200314",",,E","20200313",",,E","50",",,E,14,","5.6",",,E,13,","29.4",",,,E"
"SWE00137976","2020-04","57.15","15.68","171.0","FAGERHULT D, SW","5",",E","1",",E","0",",E","0","2,","20200430","+,2,E","20200430",",,E","0","2,,E,30,+","7.9",",,E,30,","13.3",",,,E"
"SWE00137976","2020-05","57.15","15.68","171.0","FAGERHULT D, SW","11",",E","6",",E","0",",E","0",",","20200531","+,,E","20200510",",,E","0",",,E,31,+","8.3",",,E,10,","32.6",",,,E"
"SWE00137976","2020-06","57.15","15.68","171.0","FAGERHULT D, SW","6",",E","5",",E","0",",E","0",",","20200630","+,,E","20200615",",,E","0",",,E,30,+","13.9",",,E,15,","49.4",",,,E"
"SWE00137976","2020-07","57.15","15.68","171.0","FAGERHULT D, SW","19",",E","8",",E","0",",E","0",",","20200731","+,,E","20200724",",,E","0",",,E,31,+","11.8",",,E,24,","56.5",",,,E"
"SWE00137976","2020-08","57.15","15.68","171.0","FAGERHULT D, SW","8",",E","3",",E","0",",E","0",",","20200831","+,,E","20200828",",,E","0",",,E,31,+","10.3",",,E,28,","32.8",",,,E"
"SWE00137976","2020-09","57.15","15.68","171.0","FAGERHULT D, SW","9",",E","3",",E","0",",E","0",",","20200930","+,,E","20200925",",,E","0",",,E,30,+","13.2",",,E,25,","27.5",",,,E"
"SWE00137976","2020-10","57.15","15.68","171.0","FAGERHULT D, SW","20",",E","11",",E","0",",E","0",",","20201031","+,,E","20201005",",,E","0",",,E,31,+","12.1",",,E,05,","76.2",",,,E"
"SWE00137976","2020-11","57.15","15.68","171.0","FAGERHULT D, SW","15",",E","1",",E","0",",E","0",",","20201130","+,,E","20201101",",,E","0",",,E,30,+","3.9",",,E,01,","18.1",",,,E"
"SWE00137976","2020-12","57.15","15.68","171.0","FAGERHULT D, SW","17",",E","7",",E","0",",E","1",",","20201204",",,E","20201229",",,E","40",",,E,04,","11.2",",,E,29,","63.0",",,,E"
"SWE00137976","2021-01","57.15","15.68","171.0","FAGERHULT D, SW","21",",E","12",",E","0",",E","21",",","20210109",",,E","20210106",",,E","210",",,E,09,","25.0",",,E,06,","84.2",",,,E"
"SWE00137976","2021-02","57.15","15.68","171.0","FAGERHULT D, SW","5",",E","1",",E","0",",E","22",",","20210211","+,,E","20210209",",,E","210",",,E,11,+","3.2",",,E,09,","7.1",",,,E"
"SWE00137976","2021-03","57.15","15.68","171.0","FAGERHULT D, SW","9",",E","6",",E","0",",E","0",",","20210313",",,E","20210315",",,E","10",",,E,13,","9.2",",,E,15,","37.2",",,,E"
"SWE00137976","2021-04","57.15","15.68","171.0","FAGERHULT D, SW","6",",E","2",",E","0",",E","0",",","20210430","+,,E","20210411",",,E","0",",,E,30,+","4.0",",,E,11,","10.6",",,,E"
"SWE00137976","2021-05","57.15","15.68","171.0","FAGERHULT D, SW","18",",E","9",",E","0",",E","0",",","20210531","+,,E","20210514",",,E","0",",,E,31,+","17.0",",,E,14,","71.5",",,,E"
"SWE00137976","2021-06","57.15","15.68","171.0","FAGERHULT D, SW","7",",E","5",",E","0",",E","0",",","20210630","+,,E","20210626",",,E","0",",,E,30,+","22.7",",,E,26,","62.4",",,,E"
"SWE00137976","2021-07","57.15","15.68","171.0","FAGERHULT D, SW","16",",E","8",",E","0",",E","0","2,","20210731","+,2,E","20210731",",,E","0","2,,E,31,+","12.6",",,E,31,","72.0",",,,E"
"SWE00137976","2021-08","57.15","15.68","171.0","FAGERHULT D, SW","16",",E","9",",E","1",",E","0",",","20210831","+,,E","20210826",",,E","0",",,E,31,+","29.0",",,E,26,","96.6",",,,E"
"SWE00137976","2021-09","57.15","15.68","171.0","FAGERHULT D, SW","10",",E","8",",E","0",",E","0","4,","20210930","+,4,E","20210916",",,E","0","4,,E,30,+","17.3",",,E,16,","85.0",",,,E"
"SWE00137976","2021-10","57.15","15.68","171.0","FAGERHULT D, SW","11",",E","5",",E","0",",E","0",",","20211031","+,,E","20211021",",,E","0",",,E,31,+","13.2",",,E,21,","46.6",",,,E"
"SWE00137976","2021-11","57.15","15.68","171.0","FAGERHULT D, SW","13",",E","10",",E","0",",E","3",",","20211129",",,E","20211120",",,E","60",",,E,29,","19.0",",,E,20,","93.0",",,,E"
"SWE00137976","2021-12","57.15","15.68","171.0","FAGERHULT D, SW","14",",E","7",",E","0",",E","21","2,","20211202",",2,E","20211201",",,E","330","2,,E,02,","24.4",",,E,01,","57.8",",,,E"
"SWE00137976","2022-01","57.15","15.68","171.0","FAGERHULT D, SW","10",",E","4",",E","0",",E","5","4,","20220111","+,4,E","20220107",",,E","60","4,,E,11,+","3.6",",,E,07,","19.6",",,,E"
"SWE00137976","2022-02","57.15","15.68","171.0","FAGERHULT D, SW","17",",E","8",",E","0",",E","6",",","20220219",",,E","20220216",",,E","80",",,E,19,","16.9",",,E,16,","62.3",",,,E"
"SWE00137976","2022-03","57.15","15.68","171.0","FAGERHULT D, SW","2",",E","0",",E","0",",E","0","3,","20220331","+,3,E","20220328",",,E","0","3,,E,31,+","0.9",",,E,28,","1.4",",,,E"
"SWE00137976","2022-04","57.15","15.68","171.0","FAGERHULT D, SW","8",",E","5",",E","0",",E","0",",","20220430","+,,E","20220406",",,E","0",",,E,30,+","10.0",",,E,06,","37.7",",,,E"
"SWE00137976","2022-05","57.15","15.68","171.0","FAGERHULT D, SW","11",",E","3",",E","0",",E","0",",","20220531","+,,E","20220526",",,E","0",",,E,31,+","3.7",",,E,26,","17.5",",,,E"
"SWE00137976","2022-06","57.15","15.68","171.0","FAGERHULT D, SW","8",",E","0",",E","0",",E","0",",","20220630","+,,E","20220617",",,E","0",",,E,30,+","2.0",",,E,17,","9.3",",,,E"
"SWE00137976","2022-07","57.15","15.68","171.0","FAGERHULT D, SW","13",",E","5",",E","0",",E","0","3,","20220731","+,3,E","20220707",",,E","0","3,,E,31,+","11.7",",,E,07,","40.2",",,,E"
"SWE00137976","2022-08","57.15","15.68","171.0","FAGERHULT D, SW","9",",E","4",",E","1",",E","0",",","20220831","+,,E","20220828",",,E","0",",,E,31,+","42.9",",,E,28,","61.6",",,,E"
"SWE00137976","2022-09","57.15","15.68","171.0","FAGERHULT D, SW","13",",E","5",",E","0",",E","0",",","20220930","+,,E","20220928",",,E","0",",,E,30,+","13.1",",,E,28,","42.2",",,,E"
"SWE00137976","2022-10","57.15","15.68","171.0","FAGERHULT D, SW","17",",E","5",",E","0",",E","0",",","20221031","+,,E","20221022",",,E","0",",,E,31,+","6.8",",,E,22,","33.1",",,,E"
"SWE00137976","2022-11","57.15","15.68","171.0","FAGERHULT D, SW","18",",E","3",",E","0",",E","6",",","20221120",",,E","20221104",",,E","230",",,E,20,","23.3",",,E,04,","47.0",",,,E"
"SWE00137976","2022-12","57.15","15.68","171.0","FAGERHULT D, SW","20",",E","6",",E","0",",E","14","1,","20221217","+,1,E","20221205",",,E","100","1,,E,17,+","13.5",",,E,05,","49.1",",,,E"
"SWE00137976","2023-01","57.15","15.68","171.0","FAGERHULT D, SW","20",",E","11",",E","1",",E","4",",","20230107",",,E","20230104",",,E","150",",,E,07,","25.9",",,E,04,","95.7",",,,E"
"SWE00137976","2023-02","57.15","15.68","171.0","FAGERHULT D, SW","8",",E","3",",E","0",",E","7",",","20230225",",,E","20230224",",,E","90",",,E,25,","9.7",",,E,24,","27.5",",,,E"
"SWE00137976","2023-03","57.15","15.68","171.0","FAGERHULT D, SW","14",",E","7",",E","0",",E","7",",","20230308",",,E","20230330",",,E","260",",,E,08,","18.0",",,E,30,","64.2",",,,E"
"SWE00137976","2023-04","57.15","15.68","171.0","FAGERHULT D, SW","5",",E","0",",E","0",",E","0","1,","20230406",",1,E","20230405",",,E","20","1,,E,06,","2.4",",,E,05,","5.3",",,,E"
"SWE00137976","2023-05","57.15","15.68","171.0","FAGERHULT D, SW","4",",E","2",",E","0",",E","0",",","20230531","+,,E","20230515",",,E","0",",,E,31,+","3.7",",,E,15,","9.3",",,,E"
"SWE00137976","2023-06","57.15","15.68","171.0","FAGERHULT D, SW","6",",E","5",",E","0",",E","0",",","20230630","+,,E","20230626",",,E","0",",,E,30,+","12.4",",,E,26,","39.5",",,,E"
"SWE00137976","2023-07","57.15","15.68","171.0","FAGERHULT D, SW","16",",E","7",",E","0",",E","0",",","20230731","+,,E","20230724",",,E","0",",,E,31,+","8.5",",,E,24,","44.1",",,,E"
"SWE00137976","2023-08","57.15","15.68","171.0","FAGERHULT D, SW","16",",E","8",",E","0",",E","0",",","20230831","+,,E","20230825",",,E","0",",,E,31,+","19.9",",,E,25,","87.4",",,,E"
"SWE00137976","2023-09","57.15","15.68","171.0","FAGERHULT D, SW","5",",E","2",",E","0",",E","0",",","20230930","+,,E","20230901",",,E","0",",,E,30,+","15.8",",,E,01,","24.0",",,,E"
"SWE00137976","2023-10","57.15","15.68","171.0","FAGERHULT D, SW","21",",E","9",",E","0",",E","0",",","20231031","+,,E","20231029",",,E","0",",,E,31,+","16.3",",,E,29,","99.1",",,,E"
"SWE00137976","2023-11","57.15","15.68","171.0","FAGERHULT D, SW","14",",E","4",",E","0",",E","0",",","20231130","+,,E","20231103",",,E","20",",,E,30,+","7.7",",,E,03,","34.0",",,,E"
"SWE00137976","2023-12","57.15","15.68","171.0","FAGERHULT D, SW","20",",E","12",",E","0",",E","22",",","20231208",",,E","20231221",",,E","150",",,E,08,","9.7",",,E,21,","73.0",",,,E"
"SWE00137976","2024-01","57.15","15.68","171.0","FAGERHULT D, SW","17",",E","7",",E","0",",E","23",",","20240121","+,,E","20240123",",,E","230",",,E,21,+","5.8",",,E,23,","37.5",",,,E"
"SWE00137976","2024-02","57.15","15.68","171.0","FAGERHULT D, SW","15","2,E","5","2,E","0","2,E","9","1,","20240213","+,1,E","20240212",",2,E","110","1,,E,13,+","10.1","2,,E,12,","46.6","2,,,E"
"SWE00137976","2024-03","57.15","15.68","171.0","FAGERHULT D, SW","9","4,E","1","4,E","0","4,E","0","3,","20240331","+,3,E","20240324",",4,E","0","3,,E,31,+","3.2","4,,E,24,","13.4","4,,,E"
