"STATION","DATE","LATITUDE","LONGITUDE","ELEVATION","NAME","DP01","DP01_ATTRIBUTES","DP10","DP10_ATTRIBUTES","DP1X","DP1X_ATTRIBUTES","DSND","DSND_ATTRIBUTES","DSNW","DSNW_ATTRIBUTES","DYSD","DYSD_ATTRIBUTES","DYSN","DYSN_ATTRIBUTES","DYXP","DYXP_ATTRIBUTES","EMSD","EMSD_ATTRIBUTES","EMSN","EMSN_ATTRIBUTES","EMXP","EMXP_ATTRIBUTES","PRCP","PRCP_ATTRIBUTES","SNOW","SNOW_ATTRIBUTES"
"US10cust015","2004-08","41.7171","-99.9848","823.0","ANSELMO 9.2 NW, NE US","8",",N","5",",N","1",",N","0",",N","0",",N","20040831","+,,N","20040831","+,,N","20040824",",,N","0",",,N,31,+","0",",,N,31,+","57.9",",,N,24,","86.8",",,,N","0",",,,N"
"US10cust015","2004-09","41.7171","-99.9848","823.0","ANSELMO 9.2 NW, NE US","9",",N","6",",N","1",",N","0",",N","0",",N","20040930","+,,N","20040930","+,,N","20040923",",,N","0",",,N,30,+","0",",,N,30,+","42.2",",,N,23,","116.0",",,,N","0",",,,N"
"US10cust015","2004-10","41.7171","-99.9848","823.0","ANSELMO 9.2 NW, NE US","9",",N","3",",N","0",",N","0",",N","0",",N","20041031","+,,N","20041031","+,,N","20041001",",,N","0",",,N,31,+","0",",,N,31,+","5.6",",,N,01,","16.9",",,,N","0",",,,N"
"US10cust015","2004-11","41.7171","-99.9848","823.0","ANSELMO 9.2 NW, NE US","6",",N","4",",N","0",",N","2",",N","1",",N","20041130","+,,N","20041129",",,N","20041119",",,N","89",",,N,30,+","89",",,N,29,","14.2",",,N,19,","37.8",",,,N","89",",,,N"
"US10cust015","2004-12","41.7171","-99.9848","823.0","ANSELMO 9.2 NW, NE US","1",",N","0",",N","0",",N","5",",N","0",",N","20041201",",,N","20041224","+,,N","20041221",",,N","76",",,N,01,","0",",T,N,24,+","0.3",",,N,21,","0.3",",,,N","0",",T,,N"
"US10cust015","2005-01","41.7171","-99.9848","823.0","ANSELMO 9.2 NW, NE US","5",",N","1",",N","0",",N","17",",N","3",",N","20050107","+,,N","20050105",",,N","20050105",",,N","178",",,N,07,+","127",",,N,05,","9.1",",,N,05,","14.7",",,,N","226",",,,N"
"US10cust015","2005-02","41.7171","-99.9848","823.0","ANSELMO 9.2 NW, NE US","5",",N","3",",N","0",",N","3",",N","2",",N","20050208",",,N","20050208",",,N","20050213",",,N","43",",,N,08,","43",",,N,08,","15.2",",,N,13,","23.3",",,,N","86",",,,N"
"US10cust015","2005-03","41.7171","-99.9848","823.0","ANSELMO 9.2 NW, NE US","9",",N","4",",N","0",",N","6",",N","3",",N","20050322",",,N","20050322",",,N","20050321",",,N","178",",,N,22,","254",",,N,22,","20.8",",,N,21,","63.4",",,,N","369",",,,N"
"US10cust015","2005-04","41.7171","-99.9848","823.0","ANSELMO 9.2 NW, NE US","11",",N","6",",N","0",",N","0",",N","0",",N","20050428",",,N","20050428",",,N","20050420",",,N","5",",,N,28,","5",",,N,28,","20.1",",,N,20,","89.3",",,,N","5",",,,N"
"US10cust015","2005-05","41.7171","-99.9848","823.0","ANSELMO 9.2 NW, NE US","14",",N","7",",N","2",",N","0",",N","0",",N","20050531","+,,N","20050531","+,,N","20050512",",,N","0",",,N,31,+","0",",,N,31,+","30.7",",,N,12,","99.8",",,,N","0",",,,N"
"US10cust015","2005-06","41.7171","-99.9848","823.0","ANSELMO 9.2 NW, NE US","12",",N","8",",N","0",",N","0",",N","0",",N","20050630","+,,N","20050630","+,,N","20050611",",,N","0",",,N,30,+","0",",,N,30,+","22.1",",,N,11,","79.2",",,,N","0",",,,N"
"US10cust015","2005-07","41.7171","-99.9848","823.0","ANSELMO 9.2 NW, NE US","6",",N","2",",N","0",",N","0",",N","0",",N","20050731","+,,N","20050731","+,,N","20050702",",,N","0",",,N,31,+","0",",,N,31,+","4.6",",,N,02,","11.7",",,,N","0",",,,N"
"US10cust015","2005-08","41.7171","-99.9848","823.0","ANSELMO 9.2 NW, NE US","11",",N","4",",N","2",",N","0",",N","0",",N","20050831","+,,N","20050831","+,,N","20050811",",,N","0",",,N,31,+","0",",,N,31,+","60.7",",,N,11,","106.3",",,,N","0",",,,N"
"US10cust015","2005-09","41.7171","-99.9848","823.0","ANSELMO 9.2 NW, NE US","6",",N","2",",N","0",",N","0",",N","0",",N","20050930","+,,N","20050930","+,,N","20050925",",,N","0",",,N,30,+","0",",,N,30,+","4.8",",,N,25,","11.6",",,,N","0",",,,N"
"US10cust015","2005-10","41.7171","-99.9848","823.0","ANSELMO 9.2 NW, NE US","6",",N","3",",N","0",",N","0",",N","0",",N","20051031","+,,N","20051031","+,,N","20051012",",,N","0",",,N,31,+","0",",,N,31,+","6.4",",,N,12,","17.4",",,,N","0",",,,N"
"US10cust015","2005-11","41.7171","-99.9848","823.0","ANSELMO 9.2 NW, NE US","5",",N","3",",N","0",",N","7",",N","3",",N","20051130","+,,N","20051128",",,N","20051128",",,N","305",",,N,30,+","254",",,N,28,","15.2",",,N,28,","32.5",",,,N","419",",,,N"
"US10cust015","2005-12","41.7171","-99.9848","823.0","ANSELMO 9.2 NW, NE US","5",",N","2",",N","0",",N","22","4,N","2","2,N","20051201",",4,N","20051206","+,2,N","20051201",",,N","330","4,,N,01,","51","2,,N,06,+","3.3",",,N,01,","8.1",",,,N","131","2,,,N"
"US10cust015","2006-01","41.7171","-99.9848","823.0","ANSELMO 9.2 NW, NE US","2",",N","1",",N","0",",N","0",",N","0",",N","20060102",",,N","20060102",",,N","20060102",",,N","13",",,N,02,","13",",,N,02,","9.9",",,N,02,","10.4",",,,N","13",",,,N"
"US10cust015","2006-02","41.7171","-99.9848","823.0","ANSELMO 9.2 NW, NE US","4",",N","1",",N","0",",N","7",",N","3",",N","20060217",",,N","20060216",",,N","20060216",",,N","76",",,N,17,","51",",,N,16,","3.0",",,N,16,","6.3",",,,N","132",",,,N"
"US10cust015","2006-03","41.7171","-99.9848","823.0","ANSELMO 9.2 NW, NE US","10",",N","3",",N","0",",N","11",",N","3",",N","20060321",",,N","20060321",",,N","20060321",",,N","330",",,N,21,","178",",,N,21,","14.2",",,N,21,","43.1",",,,N","407",",,,N"
"US10cust015","2006-04","41.7171","-99.9848","823.0","ANSELMO 9.2 NW, NE US","9",",N","3",",N","1",",N","1",",N","1",",N","20060425",",,N","20060425",",,N","20060407",",,N","38",",,N,25,","38",",,N,25,","27.2",",,N,07,","55.0",",,,N","38",",,,N"
"US10cust015","2006-05","41.7171","-99.9848","823.0","ANSELMO 9.2 NW, NE US","3",",N","0",",N","0",",N","0",",N","0",",N","20060531","+,,N","20060531","+,,N","20060531","+,,N","0",",,N,31,+","0",",,N,31,+","0.5",",,N,31,+","1.3",",,,N","0",",,,N"
"US10cust015","2006-06","41.7171","-99.9848","823.0","ANSELMO 9.2 NW, NE US","11",",N","8",",N","0",",N","0",",N","0",",N","20060630","+,,N","20060630","+,,N","20060617",",,N","0",",,N,30,+","0",",,N,30,+","20.1",",,N,17,","76.3",",,,N","0",",,,N"
"US10cust015","2006-07","41.7171","-99.9848","823.0","ANSELMO 9.2 NW, NE US","6",",N","3",",N","0",",N","0",",N","0",",N","20060731","+,,N","20060731","+,,N","20060725",",,N","0",",,N,31,+","0",",,N,31,+","11.2",",,N,25,","27.5",",,,N","0",",,,N"
"US10cust015","2006-08","41.7171","-99.9848","823.0","ANSELMO 9.2 NW, NE US","9",",N","4",",N","0",",N","0",",N","0",",N","20060831","+,,N","20060831","+,,N","20060813",",,N","0",",,N,31,+","0",",,N,31,+","14.7",",,N,13,","52.8",",,,N","0",",,,N"
"US10cust015","2006-09","41.7171","-99.9848","823.0","ANSELMO 9.2 NW, NE US","9",",N","5",",N","3",",N","0","4,N","0","4,N","20060930","+,4,N","20060930","+,4,N","20060909",",,N","0","4,,N,30,+","0","4,,N,30,+","46.2",",,N,09,","139.7",",,,N","0","4,,,N"
"US10cust015","2006-10","41.7171","-99.9848","823.0","ANSELMO 9.2 NW, NE US","8",",N","3",",N","0",",N","1",",N","1",",N","20061018",",,N","20061018",",,N","20061009",",,N","25",",,N,18,","25",",,N,18,","10.9",",,N,09,","25.2",",,,N","33",",,,N"
"US10cust015","2006-11","41.7171","-99.9848","823.0","ANSELMO 9.2 NW, NE US","4",",N","1",",N","0",",N","0",",N","0",",N","20061129",",,N","20061129","+,,N","20061115",",,N","0",",T,N,29,","0",",T,N,29,+","7.4",",,N,15,","8.7",",,,N","0",",T,,N"
"US10cust015","2006-12","41.7171","-99.9848","823.0","ANSELMO 9.2 NW, NE US","4",",N","3",",N","1",",N","11",",N","2",",N","20061230",",,N","20061230",",,N","20061221",",,N","224",",,N,30,","191",",,N,30,","29.5",",,N,21,","59.0",",,,N","298",",,,N"
"US10cust015","2007-01","41.7171","-99.9848","823.0","ANSELMO 9.2 NW, NE US","4",",N","2",",N","0",",N","31",",N","2",",N","20070121",",,N","20070121",",,N","20070121",",,N","221",",,N,21,","127",",,N,21,","10.7",",,N,21,","17.6",",,,N","241",",,,N"
"US10cust015","2007-02","41.7171","-99.9848","823.0","ANSELMO 9.2 NW, NE US","9",",N","4",",N","1",",N","19","5,N","3",",N","20070225","+,5,N","20070225","+,,N","20070224",",,N","89","5,,N,25,+","89",",,N,25,+","36.6",",,N,24,","68.3",",,,N","269",",,,N"
"US10cust015","2007-03","41.7171","-99.9848","823.0","ANSELMO 9.2 NW, NE US","7",",N","5",",N","0",",N","","","0",",N","","","20070301",",,N","20070329",",,N","","","15",",,N,01,","20.3",",,N,29,","74.7",",,,N","15",",,,N"
"US10cust015","2007-04","41.7171","-99.9848","823.0","ANSELMO 9.2 NW, NE US","14",",N","9",",N","2",",N","","","1",",N","","","20070406",",,N","20070423",",,N","","","46",",,N,06,","29.0",",,N,23,","119.7",",,,N","46",",,,N"
"US10cust015","2007-05","41.7171","-99.9848","823.0","ANSELMO 9.2 NW, NE US","15",",N","11",",N","4",",N","","","0",",N","","","20070531","+,,N","20070530",",,N","","","0",",,N,31,+","54.4",",,N,30,","207.6",",,,N","0",",,,N"
"US10cust015","2007-06","41.7171","-99.9848","823.0","ANSELMO 9.2 NW, NE US","12",",N","8",",N","0",",N","","","0",",N","","","20070630","+,,N","20070613",",,N","","","0",",,N,30,+","22.9",",,N,13,","76.0",",,,N","0",",,,N"
"US10cust015","2007-07","41.7171","-99.9848","823.0","ANSELMO 9.2 NW, NE US","9",",N","6",",N","3",",N","","","0",",N","","","20070731","+,,N","20070727",",,N","","","0",",,N,31,+","86.4",",,N,27,","189.7",",,,N","0",",,,N"
"US10cust015","2007-08","41.7171","-99.9848","823.0","ANSELMO 9.2 NW, NE US","12",",N","6",",N","0",",N","","","0",",N","","","20070831","+,,N","20070811",",,N","","","0",",,N,31,+","21.6",",,N,11,","55.3",",,,N","0",",,,N"
"US10cust015","2007-09","41.7171","-99.9848","823.0","ANSELMO 9.2 NW, NE US","7",",N","4",",N","0",",N","","","0",",N","","","20070930","+,,N","20070929",",,N","","","0",",,N,30,+","17.8",",,N,29,","42.2",",,,N","0",",,,N"
"US10cust015","2007-10","41.7171","-99.9848","823.0","ANSELMO 9.2 NW, NE US","9",",N","7",",N","1",",N","","","0",",N","","","20071031","+,,N","20071015",",,N","","","0",",,N,31,+","31.5",",,N,15,","73.4",",,,N","0",",,,N"
"US10cust015","2007-11","41.7171","-99.9848","823.0","ANSELMO 9.2 NW, NE US","1",",N","0",",N","0",",N","","","0",",N","","","20071121",",,N","20071121",",,N","","","5",",,N,21,","0.3",",,N,21,","0.3",",,,N","5",",,,N"
"US10cust015","2007-12","41.7171","-99.9848","823.0","ANSELMO 9.2 NW, NE US","9",",N","4",",N","0",",N","20","5,N","2",",N","20071209",",5,N","20071209",",,N","20071209",",,N","152","5,,N,09,","127",",,N,09,","9.7",",,N,09,","25.3",",,,N","244",",,,N"
"US10cust015","2008-01","41.7171","-99.9848","823.0","ANSELMO 9.2 NW, NE US","3",",N","0",",N","0",",N","","","0",",N","","","20080122","+,,N","20080121",",,N","","","13",",,N,22,+","0.8",",,N,21,","1.6",",,,N","26",",,,N"
"US10cust015","2008-02","41.7171","-99.9848","823.0","ANSELMO 9.2 NW, NE US","5",",N","1",",N","0",",N","","","3",",N","","","20080226","+,,N","20080226",",,N","","","25",",,N,26,+","3.0",",,N,26,","7.0",",,,N","104",",,,N"
"US10cust015","2008-03","41.7171","-99.9848","823.0","ANSELMO 9.2 NW, NE US","8",",N","3",",N","0",",N","","","3",",N","","","20080317","+,,N","20080331",",,N","","","51",",,N,17,+","7.6",",,N,31,","20.5",",,,N","171",",,,N"
"US10cust015","2008-04","41.7171","-99.9848","823.0","ANSELMO 9.2 NW, NE US","10",",N","6",",N","2",",N","","","3",",N","","","20080411",",,N","20080424",",,N","","","279",",,N,11,","45.2",",,N,24,","152.4",",,,N","437",",,,N"
"US10cust015","2008-05","41.7171","-99.9848","823.0","ANSELMO 9.2 NW, NE US","13",",N","10",",N","2",",N","","","1",",N","","","20080503",",,N","20080524","+,,N","","","25",",,N,03,","61.7",",,N,24,+","189.8",",,,N","25",",,,N"
"US10cust015","2008-06","41.7171","-99.9848","823.0","ANSELMO 9.2 NW, NE US","12",",N","8",",N","1",",N","","","0",",N","","","20080630","+,,N","20080602",",,N","","","0",",,N,30,+","36.6",",,N,02,","85.5",",,,N","0",",,,N"
"US10cust015","2008-07","41.7171","-99.9848","823.0","ANSELMO 9.2 NW, NE US","10",",N","7",",N","0",",N","","","0",",N","","","20080731","+,,N","20080710",",,N","","","0",",,N,31,+","21.3",",,N,10,","69.3",",,,N","0",",,,N"
"US10cust015","2008-08","41.7171","-99.9848","823.0","ANSELMO 9.2 NW, NE US","9",",N","7",",N","0",",N","","","0",",N","","","20080831","+,,N","20080815",",,N","","","0",",,N,31,+","22.6",",,N,15,","75.7",",,,N","0",",,,N"
"US10cust015","2008-09","41.7171","-99.9848","823.0","ANSELMO 9.2 NW, NE US","10",",N","8",",N","0",",N","","","0",",N","","","20080930","+,,N","20080908",",,N","","","0",",,N,30,+","14.7",",,N,08,","57.2",",,,N","0",",,,N"
"US10cust015","2008-10","41.7171","-99.9848","823.0","ANSELMO 9.2 NW, NE US","9",",N","7",",N","5",",N","","","1",",N","","","20081023",",,N","20081013",",,N","","","89",",,N,23,","44.2",",,N,13,","193.3",",,,N","89",",,,N"
"US10cust015","2008-11","41.7171","-99.9848","823.0","ANSELMO 9.2 NW, NE US","3",",N","1",",N","0",",N","","","2",",N","","","20081111",",,N","20081111",",,N","","","51",",,N,11,","9.1",",,N,11,","12.2",",,,N","89",",,,N"
"US10cust015","2008-12","41.7171","-99.9848","823.0","ANSELMO 9.2 NW, NE US","4",",N","1",",N","0",",N","","","2",",N","","","20081219",",,N","20081219",",,N","","","81",",,N,19,","6.6",",,N,19,","10.2",",,,N","124",",,,N"
"US10cust015","2009-01","41.7171","-99.9848","823.0","ANSELMO 9.2 NW, NE US","5",",N","3",",N","0",",N","","","4",",N","","","20090126",",,N","20090125",",,N","","","71",",,N,26,","3.8",",,N,25,","11.7",",,,N","214",",,,N"
"US10cust015","2009-02","41.7171","-99.9848","823.0","ANSELMO 9.2 NW, NE US","5",",N","4",",N","0",",N","","","3",",N","","","20090228",",,N","20090210",",,N","","","104",",,N,28,","12.7",",,N,10,","35.1",",,,N","196",",,,N"
"US10cust015","2009-03","41.7171","-99.9848","823.0","ANSELMO 9.2 NW, NE US","5",",N","2",",N","0",",N","","","3",",N","","","20090308",",,N","20090308",",,N","","","127",",,N,08,","8.6",",,N,08,","19.1",",,,N","236",",,,N"
"US10cust015","2009-04","41.7171","-99.9848","823.0","ANSELMO 9.2 NW, NE US","13",",N","6",",N","0",",N","","","2",",N","","","20090405",",,N","20090418",",,N","","","89",",,N,05,","11.2",",,N,18,","47.9",",,,N","114",",,,N"
"US10cust015","2009-05","41.7171","-99.9848","823.0","ANSELMO 9.2 NW, NE US","15",",N","6",",N","0",",N","","","0",",N","","","20090501",",,N","20090526",",,N","","","0",",T,N,01,","12.7",",,N,26,","51.0",",,,N","0",",T,,N"
"US10cust015","2009-06","41.7171","-99.9848","823.0","ANSELMO 9.2 NW, NE US","23",",N","12",",N","2",",N","","","0",",N","","","20090630","+,,N","20090616",",,N","","","0",",,N,30,+","43.9",",,N,16,","186.6",",,,N","0",",,,N"
"US10cust015","2009-07","41.7171","-99.9848","823.0","ANSELMO 9.2 NW, NE US","13",",N","7",",N","0",",N","","","0",",N","","","20090731","+,,N","20090729",",,N","","","0",",,N,31,+","18.5",",,N,29,","75.9",",,,N","0",",,,N"
"US10cust015","2009-08","41.7171","-99.9848","823.0","ANSELMO 9.2 NW, NE US","12",",N","8",",N","1",",N","","","0",",N","","","20090831","+,,N","20090825",",,N","","","0",",,N,31,+","26.7",",,N,25,","91.2",",,,N","0",",,,N"
"US10cust015","2009-10","41.7171","-99.9848","823.0","ANSELMO 9.2 NW, NE US","14",",N","12",",N","1",",N","","","3",",N","","","20091030",",,N","20091030",",,N","","","305",",,N,30,","30.0",",,N,30,","124.7",",,,N","600",",,,N"
"US10cust015","2009-11","41.7171","-99.9848","823.0","ANSELMO 9.2 NW, NE US","3",",N","0",",N","0",",N","","","0",",N","","","20091130","+,,N","20091103",",,N","","","0",",,N,30,+","1.3",",,N,03,","2.8",",,,N","0",",,,N"
"US10cust015","2009-12","41.7171","-99.9848","823.0","ANSELMO 9.2 NW, NE US","6",",N","2",",N","0",",N","","","5",",N","","","20091209",",,N","20091209",",,N","","","102",",,N,09,","6.9",",,N,09,","14.0",",,,N","301",",,,N"
"US10cust015","2010-01","41.7171","-99.9848","823.0","ANSELMO 9.2 NW, NE US","2",",N","1",",N","0",",N","","","1",",N","","","20100107",",,N","20100123",",,N","","","25",",,N,07,","3.3",",,N,23,","5.1",",,,N","28",",,,N"
"US10cust015","2010-02","41.7171","-99.9848","823.0","ANSELMO 9.2 NW, NE US","7",",N","3",",N","0",",N","","","3",",N","","","20100219",",,N","20100219",",,N","","","97",",,N,19,","8.4",",,N,19,","19.3",",,,N","201",",,,N"
"US10cust015","2010-03","41.7171","-99.9848","823.0","ANSELMO 9.2 NW, NE US","6",",N","5",",N","0",",N","","","1",",N","","","20100301",",,N","20100309",",,N","","","25",",,N,01,","15.2",",,N,09,","41.4",",,,N","45",",,,N"
"US10cust015","2010-04","41.7171","-99.9848","823.0","ANSELMO 9.2 NW, NE US","11",",N","6",",N","0",",N","","","0",",N","","","20100430","+,,N","20100407",",,N","","","0",",,N,30,+","21.8",",,N,07,","78.5",",,,N","0",",,,N"
"US10cust015","2010-05","41.7171","-99.9848","823.0","ANSELMO 9.2 NW, NE US","12",",N","8",",N","1",",N","","","0",",N","","","20100531","+,,N","20100530",",,N","","","0",",,N,31,+","39.1",",,N,30,","86.4",",,,N","0",",,,N"
"US10cust015","2010-06","41.7171","-99.9848","823.0","ANSELMO 9.2 NW, NE US","16",",N","12",",N","5",",N","","","0",",N","","","20100630","+,,N","20100611",",,N","","","0",",,N,30,+","52.1",",,N,11,","270.6",",,,N","0",",,,N"
"US10cust015","2010-07","41.7171","-99.9848","823.0","ANSELMO 9.2 NW, NE US","10",",N","6",",N","1",",N","","","0",",N","","","20100731","+,,N","20100704",",,N","","","0",",,N,31,+","34.8",",,N,04,","85.4",",,,N","0",",,,N"
"US10cust015","2010-08","41.7171","-99.9848","823.0","ANSELMO 9.2 NW, NE US","9",",N","6",",N","2",",N","","","0",",N","","","20100831","+,,N","20100804",",,N","","","0",",,N,31,+","40.1",",,N,04,","118.8",",,,N","0",",,,N"
"US10cust015","2010-09","41.7171","-99.9848","823.0","ANSELMO 9.2 NW, NE US","8",",N","3",",N","0",",N","","","0",",N","","","20100930","+,,N","20100923",",,N","","","0",",,N,30,+","9.9",",,N,23,","28.9",",,,N","0",",,,N"
"US10cust015","2010-10","41.7171","-99.9848","823.0","ANSELMO 9.2 NW, NE US","7",",N","4",",N","0",",N","","","0",",N","","","20101031","+,,N","20101023",",,N","","","0",",,N,31,+","21.6",",,N,23,","55.7",",,,N","0",",,,N"
"US10cust015","2010-11","41.7171","-99.9848","823.0","ANSELMO 9.2 NW, NE US","4",",N","1",",N","0",",N","","","0",",N","","","20101130",",,N","20101112",",,N","","","5",",,N,30,","7.4",",,N,12,","8.8",",,,N","5",",,,N"
"US10cust015","2010-12","41.7171","-99.9848","823.0","ANSELMO 9.2 NW, NE US","2",",N","1",",N","0",",N","","","1",",N","","","20101231",",,N","20101231",",,N","","","76",",,N,31,","6.1",",,N,31,","6.4",",,,N","76",",,,N"
"US10cust015","2011-01","41.7171","-99.9848","823.0","ANSELMO 9.2 NW, NE US","6",",N","4",",N","0",",N","","","4",",N","","","20110120",",,N","20110120",",,N","","","272",",,N,20,","17.3",",,N,20,","36.2",",,,N","468",",,,N"
"US10cust015","2011-02","41.7171","-99.9848","823.0","ANSELMO 9.2 NW, NE US","7",",N","1",",N","0",",N","","","1",",N","","","20110208",",,N","20110220",",,N","","","38",",,N,08,","10.4",",,N,20,","17.8",",,,N","97",",,,N"
"US10cust015","2011-03","41.7171","-99.9848","823.0","ANSELMO 9.2 NW, NE US","10",",N","6",",N","0",",N","","","4","3,N","","","20110326",",3,N","20110307",",,N","","","97","3,,N,26,","7.9",",,N,07,","37.0",",,,N","313","3,,,N"
"US10cust015","2011-04","41.7171","-99.9848","823.0","ANSELMO 9.2 NW, NE US","10",",N","4",",N","0",",N","","","2","3,N","","","20110419","+,3,N","20110415",",,N","","","51","3,,N,19,+","19.3",",,N,15,","42.0",",,,N","102","3,,,N"
"US10cust015","2011-05","41.7171","-99.9848","823.0","ANSELMO 9.2 NW, NE US","19",",N","9",",N","0",",N","","","0",",N","","","20110531","+,,N","20110531",",,N","","","0",",,N,31,+","19.1",",,N,31,","80.9",",,,N","0",",,,N"
"US10cust015","2011-06","41.7171","-99.9848","823.0","ANSELMO 9.2 NW, NE US","12",",N","11",",N","0",",N","","","0",",N","","","20110630","+,,N","20110627",",,N","","","0",",,N,30,+","19.6",",,N,27,","91.2",",,,N","0",",,,N"
"US10cust015","2011-07","41.7171","-99.9848","823.0","ANSELMO 9.2 NW, NE US","11",",N","7",",N","2",",N","","","0","1,N","","","20110731","+,1,N","20110707",",,N","","","0","1,,N,31,+","39.9",",,N,07,","110.5",",,,N","0","1,,,N"
"US10cust015","2011-08","41.7171","-99.9848","823.0","ANSELMO 9.2 NW, NE US","11",",N","4",",N","0",",N","","","0","4,N","","","20110831","+,4,N","20110805",",,N","","","0","4,,N,31,+","16.3",",,N,05,","42.2",",,,N","0","4,,,N"
"US10cust015","2011-09","41.7171","-99.9848","823.0","ANSELMO 9.2 NW, NE US","4",",N","1",",N","0",",N","","","0","2,N","","","20110930","+,2,N","20110916",",,N","","","0","2,,N,30,+","13.7",",,N,16,","15.8",",,,N","0","2,,,N"
"US10cust015","2011-10","41.7171","-99.9848","823.0","ANSELMO 9.2 NW, NE US","7",",N","6",",N","2",",N","","","0",",N","","","20111031","+,,N","20111010",",,N","","","0",",,N,31,+","31.0",",,N,10,","100.5",",,,N","0",",,,N"
"US10cust015","2011-11","41.7171","-99.9848","823.0","ANSELMO 9.2 NW, NE US","1",",N","1",",N","0",",N","","","1",",N","","","20111102",",,N","20111102",",,N","","","89",",,N,02,","8.4",",,N,02,","8.4",",,,N","89",",,,N"
"US10cust015","2011-12","41.7171","-99.9848","823.0","ANSELMO 9.2 NW, NE US","5",",N","2",",N","0",",N","","","2",",N","","","20111209",",,N","20111209",",,N","","","38",",,N,09,","3.3",",,N,09,","10.2",",,,N","84",",,,N"
"US10cust015","2012-01","41.7171","-99.9848","823.0","ANSELMO 9.2 NW, NE US","2",",N","0",",N","0",",N","","","","","","","","","20120123",",,N","","","","","1.0",",,N,23,","1.3",",,,N","",""
"US10cust015","2012-02","41.7171","-99.9848","823.0","ANSELMO 9.2 NW, NE US","9",",N","6",",N","0",",N","","","4",",N","","","20120204",",,N","20120204",",,N","","","191",",,N,04,","19.1",",,N,04,","51.7",",,,N","364",",,,N"
"US10cust015","2012-03","41.7171","-99.9848","823.0","ANSELMO 9.2 NW, NE US","4",",N","4",",N","0",",N","","","0","4,N","","","20120331","+,4,N","20120312",",,N","","","0","4,,N,31,+","8.9",",,N,12,","21.0",",,,N","0","4,,,N"
"US10cust015","2012-04","41.7171","-99.9848","823.0","ANSELMO 9.2 NW, NE US","10",",N","7",",N","3",",N","","","0",",N","","","20120430","+,,N","20120415",",,N","","","0",",,N,30,+","31.2",",,N,15,","116.6",",,,N","0",",,,N"
"US10cust015","2012-05","41.7171","-99.9848","823.0","ANSELMO 9.2 NW, NE US","7",",N","4",",N","0",",N","","","","","","","","","20120506",",,N","","","","","10.7",",,N,06,","24.4",",,,N","",""
"US10cust015","2012-06","41.7171","-99.9848","823.0","ANSELMO 9.2 NW, NE US","4",",N","1",",N","0",",N","","","","","","","","","20120602",",,N","","","","","2.8",",,N,02,","5.1",",,,N","",""
"US10cust015","2012-07","41.7171","-99.9848","823.0","ANSELMO 9.2 NW, NE US","5",",N","4",",N","0",",N","","","","","","","","","20120705",",,N","","","","","18.0",",,N,05,","47.2",",,,N","",""
"US10cust015","2012-08","41.7171","-99.9848","823.0","ANSELMO 9.2 NW, NE US","5",",N","1",",N","0",",N","","","","","","","","","20120804",",,N","","","","","10.4",",,N,04,","15.5",",,,N","",""
"US10cust015","2012-09","41.7171","-99.9848","823.0","ANSELMO 9.2 NW, NE US","3",",N","1",",N","0",",N","","","","","","","","","20120904",",,N","","","","","2.8",",,N,04,","6.3",",,,N","",""
"US10cust015","2012-10","41.7171","-99.9848","823.0","ANSELMO 9.2 NW, NE US","3",",N","1",",N","0",",N","","","","","","","","","20121025",",,N","","","","","6.1",",,N,25,","7.1",",,,N","",""
"US10cust015","2012-11","41.7171","-99.9848","823.0","ANSELMO 9.2 NW, NE US","3",",N","0",",N","0",",N","","","","","","","","","20121126",",,N","","","","","2.3",",,N,26,","5.4",",,,N","",""
"US10cust015","2012-12","41.7171","-99.9848","823.0","ANSELMO 9.2 NW, NE US","3",",N","2",",N","0",",N","","","","","","","","","20121220",",,N","","","","","6.6",",,N,20,","11.9",",,,N","",""
"US10cust015","2013-01","41.7171","-99.9848","823.0","ANSELMO 9.2 NW, NE US","3",",N","1",",N","0",",N","","","","","","","","","20130127",",,N","","","","","5.6",",,N,27,","6.9",",,,N","",""
"US10cust015","2013-02","41.7171","-99.9848","823.0","ANSELMO 9.2 NW, NE US","5",",N","4",",N","0",",N","","","","","","","","","20130210",",,N","","","","","16.8",",,N,10,","27.5",",,,N","",""
"US10cust015","2013-03","41.7171","-99.9848","823.0","ANSELMO 9.2 NW, NE US","8",",N","3",",N","0",",N","","","","","","","","","20130310",",,N","","","","","7.6",",,N,10,","23.9",",,,N","",""
"US10cust015","2013-04","41.7171","-99.9848","823.0","ANSELMO 9.2 NW, NE US","7",",N","6",",N","1",",N","","","2","2,N","","","20130418",",2,N","20130409",",,N","","","30","2,,N,18,","42.2",",,N,09,","61.7",",,,N","66","2,,,N"
"US10cust015","2013-05","41.7171","-99.9848","823.0","ANSELMO 9.2 NW, NE US","15",",N","10",",N","1",",N","","","","","","","","","20130530",",,N","","","","","36.6",",,N,30,","92.4",",,,N","",""
"US10cust015","2013-06","41.7171","-99.9848","823.0","ANSELMO 9.2 NW, NE US","10",",N","7",",N","0",",N","","","0","5,N","","","20130630","+,5,N","20130622",",,N","","","0","5,,N,30,+","15.7",",,N,22,","63.8",",,,N","0","5,,,N"
"US10cust015","2013-07","41.7171","-99.9848","823.0","ANSELMO 9.2 NW, NE US","11",",N","6",",N","0",",N","","","","","","","","","20130721",",,N","","","","","20.8",",,N,21,","68.0",",,,N","",""
"US10cust015","2013-08","41.7171","-99.9848","823.0","ANSELMO 9.2 NW, NE US","10",",N","7",",N","2",",N","","","","","","","","","20130813",",,N","","","","","45.0",",,N,13,","132.2",",,,N","",""
"US10cust015","2013-09","41.7171","-99.9848","823.0","ANSELMO 9.2 NW, NE US","7",",N","7",",N","0",",N","","","","","","","","","20130924",",,N","","","","","22.9",",,N,24,","74.9",",,,N","",""
"US10cust015","2013-10","41.7171","-99.9848","823.0","ANSELMO 9.2 NW, NE US","7",",N","3",",N","1",",N","","","","","","","","","20131015",",,N","","","","","27.4",",,N,15,","46.8",",,,N","",""
"US10cust015","2013-11","41.7171","-99.9848","823.0","ANSELMO 9.2 NW, NE US","3",",N","2",",N","0",",N","","","","","","","","","20131106",",,N","","","","","10.7",",,N,06,","15.0",",,,N","",""
"US10cust015","2013-12","41.7171","-99.9848","823.0","ANSELMO 9.2 NW, NE US","2",",N","0",",N","0",",N","","","","","","","","","20131208",",,N","","","","","1.3",",,N,08,","1.8",",,,N","",""
"US10cust015","2014-01","41.7171","-99.9848","823.0","ANSELMO 9.2 NW, NE US","5",",N","0",",N","0",",N","","","","","","","","","20140101",",,N","","","","","1.5",",,N,01,","4.3",",,,N","",""
"US10cust015","2014-02","41.7171","-99.9848","823.0","ANSELMO 9.2 NW, NE US","6",",N","3",",N","0",",N","","","","","","","","","20140224",",,N","","","","","3.3",",,N,24,","10.7",",,,N","",""
"US10cust015","2014-03","41.7171","-99.9848","823.0","ANSELMO 9.2 NW, NE US","7",",N","2",",N","0",",N","","","","","","","","","20140319",",,N","","","","","21.1",",,N,19,","30.4",",,,N","",""
"US10cust015","2014-04","41.7171","-99.9848","823.0","ANSELMO 9.2 NW, NE US","8",",N","3",",N","0",",N","","","","","","","","","20140428",",,N","","","","","10.9",",,N,28,","30.6",",,,N","",""
"US10cust015","2014-05","41.7171","-99.9848","823.0","ANSELMO 9.2 NW, NE US","9",",N","5",",N","0",",N","","","","","","","","","20140512",",,N","","","","","11.2",",,N,12,","30.3",",,,N","",""
"US10cust015","2014-06","41.7171","-99.9848","823.0","ANSELMO 9.2 NW, NE US","14",",N","11",",N","2",",N","","","","","","","","","20140609",",,N","","","","","62.2",",,N,09,","159.2",",,,N","",""
"US10cust015","2014-07","41.7171","-99.9848","823.0","ANSELMO 9.2 NW, NE US","7","1,N","6","1,N","0","1,N","","","","","","","","","20140710",",1,N","","","","","17.5","1,,N,10,","66.3","1,,,N","",""
"US10cust015","2014-08","41.7171","-99.9848","823.0","ANSELMO 9.2 NW, NE US","12","1,N","7","1,N","0","1,N","","","","","","","","","20140809",",1,N","","","","","23.6","1,,N,09,","67.3","1,,,N","",""
"US10cust015","2014-09","41.7171","-99.9848","823.0","ANSELMO 9.2 NW, NE US","10",",N","7",",N","1",",N","","","","","","","","","20140924",",,N","","","","","43.7",",,N,24,","83.7",",,,N","",""
"US10cust015","2014-10","41.7171","-99.9848","823.0","ANSELMO 9.2 NW, NE US","3",",N","2",",N","0",",N","","","","","","","","","20141002",",,N","","","","","14.0",",,N,02,","18.3",",,,N","",""
"US10cust015","2014-11","41.7171","-99.9848","823.0","ANSELMO 9.2 NW, NE US","3",",N","0",",N","0",",N","","","","","","","","","20141111",",,N","","","","","1.5",",,N,11,","3.8",",,,N","",""
"US10cust015","2014-12","41.7171","-99.9848","823.0","ANSELMO 9.2 NW, NE US","8",",N","3",",N","0",",N","","","","","","","","","20141215",",,N","","","","","18.8",",,N,15,","36.0",",,,N","",""
"US10cust015","2015-01","41.7171","-99.9848","823.0","ANSELMO 9.2 NW, NE US","2",",N","1",",N","0",",N","","","","","","","","","20150104",",,N","","","","","2.5",",,N,04,","3.0",",,,N","",""
"US10cust015","2015-02","41.7171","-99.9848","823.0","ANSELMO 9.2 NW, NE US","3",",N","2",",N","0",",N","","","","","","","","","20150201",",,N","","","","","9.1",",,N,01,","18.5",",,,N","",""
"US10cust015","2015-03","41.7171","-99.9848","823.0","ANSELMO 9.2 NW, NE US","0",",N","0",",N","0",",N","","","","","","","","","20150328","+,,N","","","","","0.0",",T,N,28,+","0.0",",T,,N","",""
"US10cust015","2015-04","41.7171","-99.9848","823.0","ANSELMO 9.2 NW, NE US","9",",N","6",",N","0",",N","","","","","","","","","20150418",",,N","","","","","22.4",",,N,18,","73.2",",,,N","",""
"US10cust015","2015-05","41.7171","-99.9848","823.0","ANSELMO 9.2 NW, NE US","20",",N","11",",N","2",",N","","","0",",N","","","20150531","+,,N","20150510",",,N","","","0",",,N,31,+","44.2",",,N,10,","173.2",",,,N","0",",,,N"
"US10cust015","2015-06","41.7171","-99.9848","823.0","ANSELMO 9.2 NW, NE US","14",",N","7",",N","1",",N","","","0",",N","","","20150630","+,,N","20150611",",,N","","","0",",,N,30,+","48.3",",,N,11,","129.5",",,,N","0",",,,N"
"US10cust015","2015-07","41.7171","-99.9848","823.0","ANSELMO 9.2 NW, NE US","10",",N","4",",N","1",",N","","","0","3,N","","","20150731","+,3,N","20150718",",,N","","","0","3,,N,31,+","28.2",",,N,18,","55.3",",,,N","0","3,,,N"
"US10cust015","2015-08","41.7171","-99.9848","823.0","ANSELMO 9.2 NW, NE US","10",",N","6",",N","2",",N","","","0","4,N","","","20150831","+,4,N","20150808",",,N","","","0","4,,N,31,+","52.8",",,N,08,","152.9",",,,N","0","4,,,N"
"US10cust015","2015-09","41.7171","-99.9848","823.0","ANSELMO 9.2 NW, NE US","13",",N","4",",N","1",",N","","","","","","","","","20150924",",,N","","","","","41.7",",,N,24,","61.3",",,,N","",""
"US10cust015","2015-10","41.7171","-99.9848","823.0","ANSELMO 9.2 NW, NE US","10",",N","6",",N","0",",N","","","0","2,N","","","20151031","+,2,N","20151023",",,N","","","0","2,,N,31,+","18.5",",,N,23,","45.1",",,,N","0","2,,,N"
"US10cust015","2015-11","41.7171","-99.9848","823.0","ANSELMO 9.2 NW, NE US","8","3,N","4","3,N","0","3,N","","","","","","","","","20151105",",3,N","","","","","10.2","3,,N,05,","35.4","3,,,N","",""
"US10cust015","2015-12","41.7171","-99.9848","823.0","ANSELMO 9.2 NW, NE US","6","1,N","3","1,N","0","1,N","","","3","2,N","","","20151216",",2,N","20151216",",1,N","","","76","2,,N,16,","6.6","1,,N,16,","15.1","1,,,N","184","2,,,N"
"US10cust015","2016-01","41.7171","-99.9848","823.0","ANSELMO 9.2 NW, NE US","7","1,N","1","1,N","0","1,N","","","2","2,N","","","20160119",",2,N","20160119",",1,N","","","38","2,,N,19,","4.6","1,,N,19,","13.4","1,,,N","134","2,,,N"
"US10cust015","2016-02","41.7171","-99.9848","823.0","ANSELMO 9.2 NW, NE US","3","3,N","1","3,N","0","3,N","","","","","","","","","20160203",",3,N","","","","","3.3","3,,N,03,","4.4","3,,,N","",""
"US10cust015","2016-04","41.7171","-99.9848","823.0","ANSELMO 9.2 NW, NE US","11","5,N","6","5,N","2","5,N","","","","","","","","","20160417",",5,N","","","","","39.6","5,,N,17,","148.9","5,,,N","",""
"US10cust015","2016-06","41.7171","-99.9848","823.0","ANSELMO 9.2 NW, NE US","5","4,N","5","4,N","1","4,N","","","","","","","","","20160629",",4,N","","","","","28.7","4,,N,29,","82.6","4,,,N","",""
"US10cust015","2016-07","41.7171","-99.9848","823.0","ANSELMO 9.2 NW, NE US","13","4,N","7","4,N","2","4,N","","","","","","","","","20160702",",4,N","","","","","31.5","4,,N,02,","159.6","4,,,N","",""
"US10cust015","2016-08","41.7171","-99.9848","823.0","ANSELMO 9.2 NW, NE US","8","1,N","3","1,N","0","1,N","","","","","","","","","20160816",",1,N","","","","","5.6","1,,N,16,","17.9","1,,,N","",""
"US10cust015","2016-09","41.7171","-99.9848","823.0","ANSELMO 9.2 NW, NE US","7","3,N","3","3,N","0","3,N","","","","","","","","","20160907",",3,N","","","","","10.9","3,,N,07,","20.6","3,,,N","",""
"US10cust015","2016-10","41.7171","-99.9848","823.0","ANSELMO 9.2 NW, NE US","5","3,N","2","3,N","0","3,N","","","","","","","","","20161004",",3,N","","","","","19.8","3,,N,04,","30.7","3,,,N","",""
"US10cust015","2016-11","41.7171","-99.9848","823.0","ANSELMO 9.2 NW, NE US","3","1,N","1","1,N","0","1,N","","","1","4,N","","","20161118",",4,N","20161118",",1,N","","","64","4,,N,18,","6.1","1,,N,18,","8.9","1,,,N","64","4,,,N"
"US10cust015","2016-12","41.7171","-99.9848","823.0","ANSELMO 9.2 NW, NE US","3","2,N","1","2,N","0","2,N","","","","","","","","","20161226",",2,N","","","","","11.9","2,,N,26,","13.7","2,,,N","",""
"US10cust015","2017-01","41.7171","-99.9848","823.0","ANSELMO 9.2 NW, NE US","6","1,N","4","1,N","0","1,N","","","","","","","","","20170125",",1,N","","","","","18.3","1,,N,25,","28.4","1,,,N","",""
"US10cust015","2017-02","41.7171","-99.9848","823.0","ANSELMO 9.2 NW, NE US","4","1,N","3","1,N","0","1,N","","","3","3,N","","","20170224",",3,N","20170224",",1,N","","","203","3,,N,24,","12.7","1,,N,24,","21.6","1,,,N","356","3,,,N"
"US10cust015","2017-03","41.7171","-99.9848","823.0","ANSELMO 9.2 NW, NE US","4",",N","2",",N","0",",N","","","","","","","","","20170324",",,N","","","","","22.1",",,N,24,","33.0",",,,N","",""
"US10cust015","2017-04","41.7171","-99.9848","823.0","ANSELMO 9.2 NW, NE US","9",",N","7",",N","0",",N","","","","","","","","","20170429","+,,N","","","","","14.0",",,N,29,+","61.9",",,,N","",""
"US10cust015","2017-05","41.7171","-99.9848","823.0","ANSELMO 9.2 NW, NE US","14","2,N","8","2,N","1","2,N","","","","","","","","","20170520",",2,N","","","","","27.9","2,,N,20,","116.4","2,,,N","",""
"US10cust015","2017-06","41.7171","-99.9848","823.0","ANSELMO 9.2 NW, NE US","5",",N","5",",N","2",",N","","","","","","","","","20170609",",,N","","","","","34.5",",,N,09,","73.9",",,,N","",""
"US10cust015","2017-07","41.7171","-99.9848","823.0","ANSELMO 9.2 NW, NE US","8",",N","3",",N","0",",N","","","","","","","","","20170726",",,N","","","","","13.2",",,N,26,","27.8",",,,N","",""
"US10cust015","2017-08","41.7171","-99.9848","823.0","ANSELMO 9.2 NW, NE US","13",",N","9",",N","3",",N","","","","","","","","","20170813",",,N","","","","","55.9",",,N,13,","174.5",",,,N","",""
"US10cust015","2017-09","41.7171","-99.9848","823.0","ANSELMO 9.2 NW, NE US","10",",N","6",",N","1",",N","","","","","","","","","20170924",",,N","","","","","50.0",",,N,24,","91.2",",,,N","",""
"US10cust015","2017-10","41.7171","-99.9848","823.0","ANSELMO 9.2 NW, NE US","7",",N","5",",N","1",",N","","","","","","","","","20171007",",,N","","","","","38.9",",,N,07,","93.8",",,,N","",""
"US10cust015","2017-11","41.7171","-99.9848","823.0","ANSELMO 9.2 NW, NE US","2",",N","2",",N","0",",N","","","","","","","","","20171118",",,N","","","","","6.1",",,N,18,","8.6",",,,N","",""
"US10cust015","2017-12","41.7171","-99.9848","823.0","ANSELMO 9.2 NW, NE US","6",",N","1",",N","0",",N","","","","","","","","","20171224",",,N","","","","","3.6",",,N,24,","10.1",",,,N","",""
"US10cust015","2018-01","41.7171","-99.9848","823.0","ANSELMO 9.2 NW, NE US","4",",N","3",",N","0",",N","","","","","","","","","20180122",",,N","","","","","24.1",",,N,22,","32.7",",,,N","",""
"US10cust015","2018-02","41.7171","-99.9848","823.0","ANSELMO 9.2 NW, NE US","9",",N","5",",N","0",",N","","","","","","","","","20180220","+,,N","","","","","4.6",",,N,20,+","21.1",",,,N","",""
"US10cust015","2018-03","41.7171","-99.9848","823.0","ANSELMO 9.2 NW, NE US","7",",N","2",",N","0",",N","","","","","","","","","20180317",",,N","","","","","13.7",",,N,17,","20.7",",,,N","",""
"US10cust015","2018-04","41.7171","-99.9848","823.0","ANSELMO 9.2 NW, NE US","13",",N","5",",N","0",",N","","","","","","","","","20180414",",,N","","","","","13.2",",,N,14,","40.0",",,,N","",""
"US10cust015","2018-05","41.7171","-99.9848","823.0","ANSELMO 9.2 NW, NE US","16",",N","11",",N","2",",N","","","","","","","","","20180519",",,N","","","","","56.6",",,N,19,","211.6",",,,N","",""
"US10cust015","2018-06","41.7171","-99.9848","823.0","ANSELMO 9.2 NW, NE US","12",",N","8",",N","2",",N","","","","","","","","","20180626",",,N","","","","","48.0",",,N,26,","153.7",",,,N","",""
"US10cust015","2018-07","41.7171","-99.9848","823.0","ANSELMO 9.2 NW, NE US","13",",N","10",",N","1",",N","","","","","","","","","20180713",",,N","","","","","34.8",",,N,13,","175.2",",,,N","",""
"US10cust015","2018-08","41.7171","-99.9848","823.0","ANSELMO 9.2 NW, NE US","8",",N","2",",N","0",",N","","","","","","","","","20180820",",,N","","","","","19.3",",,N,20,","43.4",",,,N","",""
"US10cust015","2018-09","41.7171","-99.9848","823.0","ANSELMO 9.2 NW, NE US","12",",N","5",",N","1",",N","","","","","","","","","20180905",",,N","","","","","26.7",",,N,05,","71.4",",,,N","",""
"US10cust015","2018-10","41.7171","-99.9848","823.0","ANSELMO 9.2 NW, NE US","9",",N","6",",N","0",",N","","","","","","","","","20181010",",,N","","","","","22.9",",,N,10,","63.4",",,,N","",""
"US10cust015","2018-11","41.7171","-99.9848","823.0","ANSELMO 9.2 NW, NE US","8",",N","4",",N","0",",N","","","","","","","","","20181125",",,N","","","","","10.2",",,N,25,","27.3",",,,N","",""
"US10cust015","2018-12","41.7171","-99.9848","823.0","ANSELMO 9.2 NW, NE US","6",",N","5",",N","1",",N","","","","","","","","","20181201",",,N","","","","","28.2",",,N,01,","68.3",",,,N","",""
"US10cust015","2019-01","41.7171","-99.9848","823.0","ANSELMO 9.2 NW, NE US","7",",N","0",",N","0",",N","","","","","","","","","20190117",",,N","","","","","1.5",",,N,17,","4.2",",,,N","",""
"US10cust015","2019-02","41.7171","-99.9848","823.0","ANSELMO 9.2 NW, NE US","8",",N","3",",N","0",",N","","","","","","","","","20190220",",,N","","","","","4.6",",,N,20,","17.0",",,,N","",""
"US10cust015","2019-03","41.7171","-99.9848","823.0","ANSELMO 9.2 NW, NE US","10",",N","7",",N","1",",N","","","","","","","","","20190314",",,N","","","","","30.7",",,N,14,","79.3",",,,N","",""
"US10cust015","2019-04","41.7171","-99.9848","823.0","ANSELMO 9.2 NW, NE US","10",",N","5",",N","0",",N","","","","","","","","","20190411",",,N","","","","","12.2",",,N,11,","38.4",",,,N","",""
"US10cust015","2019-05","41.7171","-99.9848","823.0","ANSELMO 9.2 NW, NE US","17",",N","13",",N","2",",N","","","","","","","","","20190522",",,N","","","","","53.3",",,N,22,","186.4",",,,N","",""
"US10cust015","2019-06","41.7171","-99.9848","823.0","ANSELMO 9.2 NW, NE US","15",",N","8",",N","1",",N","","","","","","","","","20190603",",,N","","","","","30.5",",,N,03,","111.8",",,,N","",""
"US10cust015","2019-07","41.7171","-99.9848","823.0","ANSELMO 9.2 NW, NE US","12",",N","8",",N","2",",N","","","","","","","","","20190709",",,N","","","","","56.4",",,N,09,","130.1",",,,N","",""
"US10cust015","2019-08","41.7171","-99.9848","823.0","ANSELMO 9.2 NW, NE US","17",",N","11",",N","3",",N","","","","","","","","","20190826",",,N","","","","","42.7",",,N,26,","203.1",",,,N","",""
"US10cust015","2019-09","41.7171","-99.9848","823.0","ANSELMO 9.2 NW, NE US","6",",N","3",",N","0",",N","","","","","","","","","20190912",",,N","","","","","12.2",",,N,12,","20.6",",,,N","",""
"US10cust015","2019-10","41.7171","-99.9848","823.0","ANSELMO 9.2 NW, NE US","7",",N","4",",N","0",",N","","","","","","","","","20191001",",,N","","","","","13.2",",,N,01,","26.2",",,,N","",""
"US10cust015","2019-11","41.7171","-99.9848","823.0","ANSELMO 9.2 NW, NE US","4",",N","3",",N","0",",N","","","","","","","","","20191127",",,N","","","","","11.2",",,N,27,","19.4",",,,N","",""
"US10cust015","2019-12","41.7171","-99.9848","823.0","ANSELMO 9.2 NW, NE US","5",",N","3",",N","0",",N","","","","","","","","","20191229",",,N","","","","","19.1",",,N,29,","32.6",",,,N","",""
"US10cust015","2020-01","41.7171","-99.9848","823.0","ANSELMO 9.2 NW, NE US","8",",N","2",",N","0",",N","","","","","","","","","20200118",",,N","","","","","4.1",",,N,18,","11.5",",,,N","",""
"US10cust015","2020-02","41.7171","-99.9848","823.0","ANSELMO 9.2 NW, NE US","4",",N","2",",N","0",",N","","","","","","","","","20200220",",,N","","","","","7.6",",,N,20,","12.7",",,,N","",""
"US10cust015","2020-03","41.7171","-99.9848","823.0","ANSELMO 9.2 NW, NE US","9",",N","7",",N","0",",N","","","","","","","","","20200320",",,N","","","","","14.7",",,N,20,","62.5",",,,N","",""
"US10cust015","2020-04","41.7171","-99.9848","823.0","ANSELMO 9.2 NW, NE US","9",",N","5",",N","0",",N","","","","","","","","","20200420",",,N","","","","","6.4",",,N,20,","27.6",",,,N","",""
"US10cust015","2020-05","41.7171","-99.9848","823.0","ANSELMO 9.2 NW, NE US","17",",N","11",",N","2",",N","","","","","","","","","20200516",",,N","","","","","45.0",",,N,16,","168.6",",,,N","",""
"US10cust015","2020-06","41.7171","-99.9848","823.0","ANSELMO 9.2 NW, NE US","11",",N","6",",N","1",",N","","","","","","","","","20200609",",,N","","","","","92.2",",,N,09,","127.7",",,,N","",""
"US10cust015","2020-07","41.7171","-99.9848","823.0","ANSELMO 9.2 NW, NE US","14",",N","7",",N","2",",N","","","","","","","","","20200726",",,N","","","","","81.3",",,N,26,","167.5",",,,N","",""
"US10cust015","2020-08","41.7171","-99.9848","823.0","ANSELMO 9.2 NW, NE US","6",",N","3",",N","0",",N","","","","","","","","","20200809",",,N","","","","","24.6",",,N,09,","53.9",",,,N","",""
"US10cust015","2020-09","41.7171","-99.9848","823.0","ANSELMO 9.2 NW, NE US","7",",N","4",",N","0",",N","","","","","","","","","20200908",",,N","","","","","13.5",",,N,08,","26.7",",,,N","",""
"US10cust015","2020-10","41.7171","-99.9848","823.0","ANSELMO 9.2 NW, NE US","9",",N","5",",N","0",",N","","","","","","","","","20201018",",,N","","","","","16.5",",,N,18,","38.0",",,,N","",""
"US10cust015","2020-11","41.7171","-99.9848","823.0","ANSELMO 9.2 NW, NE US","5",",N","1",",N","0",",N","","","","","","","","","20201109",",,N","","","","","11.4",",,N,09,","15.7",",,,N","",""
"US10cust015","2020-12","41.7171","-99.9848","823.0","ANSELMO 9.2 NW, NE US","6",",N","3",",N","0",",N","","","","","","","","","20201229",",,N","","","","","8.1",",,N,29,","19.5",",,,N","",""
"US10cust015","2021-01","41.7171","-99.9848","823.0","ANSELMO 9.2 NW, NE US","4",",N","1",",N","0",",N","","","","","","","","","20210126",",,N","","","","","12.2",",,N,26,","15.1",",,,N","",""
"US10cust015","2021-02","41.7171","-99.9848","823.0","ANSELMO 9.2 NW, NE US","5",",N","4",",N","0",",N","","","","","","","","","20210213",",,N","","","","","6.1",",,N,13,","17.0",",,,N","",""
"US10cust015","2021-03","41.7171","-99.9848","823.0","ANSELMO 9.2 NW, NE US","7",",N","7",",N","2",",N","","","","","","","","","20210314",",,N","","","","","33.0",",,N,14,","88.1",",,,N","",""
"US10cust015","2021-04","41.7171","-99.9848","823.0","ANSELMO 9.2 NW, NE US","6",",N","3",",N","0",",N","","","","","","","","","20210428",",,N","","","","","15.2",",,N,28,","36.1",",,,N","",""
"US10cust015","2021-05","41.7171","-99.9848","823.0","ANSELMO 9.2 NW, NE US","13",",N","8",",N","0",",N","","","","","","","","","20210524",",,N","","","","","24.4",",,N,24,","68.5",",,,N","",""
"US10cust015","2021-06","41.7171","-99.9848","823.0","ANSELMO 9.2 NW, NE US","3",",N","2",",N","0",",N","","","","","","","","","20210626",",,N","","","","","20.3",",,N,26,","37.8",",,,N","",""
"US10cust015","2021-07","41.7171","-99.9848","823.0","ANSELMO 9.2 NW, NE US","8",",N","5",",N","0",",N","","","","","","","","","20210717",",,N","","","","","16.8",",,N,17,","66.6",",,,N","",""
"US10cust015","2021-08","41.7171","-99.9848","823.0","ANSELMO 9.2 NW, NE US","8",",N","5",",N","1",",N","","","","","","","","","20210829",",,N","","","","","54.4",",,N,29,","88.2",",,,N","",""
"US10cust015","2021-09","41.7171","-99.9848","823.0","ANSELMO 9.2 NW, NE US","6",",N","4",",N","1",",N","","","","","","","","","20210930",",,N","","","","","43.2",",,N,30,","78.0",",,,N","",""
"US10cust015","2021-10","41.7171","-99.9848","823.0","ANSELMO 9.2 NW, NE US","5",",N","3",",N","0",",N","","","","","","","","","20211013",",,N","","","","","11.2",",,N,13,","23.7",",,,N","",""
"US10cust015","2021-11","41.7171","-99.9848","823.0","ANSELMO 9.2 NW, NE US","3",",N","1",",N","0",",N","","","","","","","","","20211111",",,N","","","","","3.3",",,N,11,","5.1",",,,N","",""
"US10cust015","2021-12","41.7171","-99.9848","823.0","ANSELMO 9.2 NW, NE US","2",",N","2",",N","0",",N","","","","","","","","","20211211",",,N","","","","","4.8",",,N,11,","7.3",",,,N","",""
"US10cust015","2022-01","41.7171","-99.9848","823.0","ANSELMO 9.2 NW, NE US","3",",N","0",",N","0",",N","","","","","","","","","20220101",",,N","","","","","1.3",",,N,01,","3.3",",,,N","",""
"US10cust015","2022-02","41.7171","-99.9848","823.0","ANSELMO 9.2 NW, NE US","4",",N","0",",N","0",",N","","","","","","","","","20220212",",,N","","","","","1.0",",,N,12,","2.8",",,,N","",""
"US10cust015","2022-03","41.7171","-99.9848","823.0","ANSELMO 9.2 NW, NE US","6",",N","2",",N","0",",N","","","","","","","","","20220306",",,N","","","","","18.5",",,N,06,","25.6",",,,N","",""
"US10cust015","2022-04","41.7171","-99.9848","823.0","ANSELMO 9.2 NW, NE US","4",",N","1",",N","1",",N","","","","","","","","","20220430",",,N","","","","","69.1",",,N,30,","70.4",",,,N","",""
"US10cust015","2022-05","41.7171","-99.9848","823.0","ANSELMO 9.2 NW, NE US","9",",N","7",",N","1",",N","","","","","","","","","20220508",",,N","","","","","36.3",",,N,08,","107.8",",,,N","",""
"US10cust015","2022-06","41.7171","-99.9848","823.0","ANSELMO 9.2 NW, NE US","7",",N","5",",N","0",",N","","","","","","","","","20220607",",,N","","","","","13.5",",,N,07,","41.8",",,,N","",""
"US10cust015","2022-07","41.7171","-99.9848","823.0","ANSELMO 9.2 NW, NE US","11",",N","8",",N","1",",N","","","","","","","","","20220706",",,N","","","","","30.5",",,N,06,","100.3",",,,N","",""
"US10cust015","2022-08","41.7171","-99.9848","823.0","ANSELMO 9.2 NW, NE US","4",",N","3",",N","0",",N","","","","","","","","","20220828",",,N","","","","","5.8",",,N,28,","15.5",",,,N","",""
"US10cust015","2022-09","41.7171","-99.9848","823.0","ANSELMO 9.2 NW, NE US","6",",N","1",",N","0",",N","","","","","","","","","20220917",",,N","","","","","7.4",",,N,17,","12.3",",,,N","",""
"US10cust015","2022-10","41.7171","-99.9848","823.0","ANSELMO 9.2 NW, NE US","2",",N","0",",N","0",",N","","","","","","","","","20221027","+,,N","","","","","2.3",",,N,27,+","4.6",",,,N","",""
"US10cust015","2022-11","41.7171","-99.9848","823.0","ANSELMO 9.2 NW, NE US","5",",N","2",",N","0",",N","","","","","","","","","20221104",",,N","","","","","3.8",",,N,04,","9.5",",,,N","",""
"US10cust015","2022-12","41.7171","-99.9848","823.0","ANSELMO 9.2 NW, NE US","5",",N","3",",N","0",",N","","","","","","","","","20221214",",,N","","","","","10.2",",,N,14,","33.4",",,,N","",""
"US10cust015","2023-01","41.7171","-99.9848","823.0","ANSELMO 9.2 NW, NE US","8",",N","3",",N","2",",N","","","","","","","","","20230119",",,N","","","","","43.2",",,N,19,","80.6",",,,N","",""
"US10cust015","2023-02","41.7171","-99.9848","823.0","ANSELMO 9.2 NW, NE US","1",",N","1",",N","0",",N","","","","","","","","","20230223",",,N","","","","","2.8",",,N,23,","2.8",",,,N","",""
"US10cust015","2023-03","41.7171","-99.9848","823.0","ANSELMO 9.2 NW, NE US","6",",N","2",",N","0",",N","","","","","","","","","20230310",",,N","","","","","4.1",",,N,10,","11.8",",,,N","",""
"US10cust015","2023-04","41.7171","-99.9848","823.0","ANSELMO 9.2 NW, NE US","2",",N","1",",N","0",",N","","","","","","","","","20230428",",,N","","","","","3.3",",,N,28,","4.6",",,,N","",""
"US10cust015","2023-05","41.7171","-99.9848","823.0","ANSELMO 9.2 NW, NE US","19",",N","11",",N","3",",N","","","","","","","","","20230513",",,N","","","","","44.5",",,N,13,","165.3",",,,N","",""
"US10cust015","2023-06","41.7171","-99.9848","823.0","ANSELMO 9.2 NW, NE US","11",",N","6",",N","0",",N","","","","","","","","","20230624",",,N","","","","","14.0",",,N,24,","55.9",",,,N","",""
"US10cust015","2023-07","41.7171","-99.9848","823.0","ANSELMO 9.2 NW, NE US","16",",N","11",",N","1",",N","","","","","","","","","20230729",",,N","","","","","43.2",",,N,29,","139.8",",,,N","",""
"US10cust015","2023-08","41.7171","-99.9848","823.0","ANSELMO 9.2 NW, NE US","7","1,N","4","1,N","0","1,N","","","","","","","","","20230803",",1,N","","","","","9.4","1,,N,03,","30.3","1,,,N","",""
"US10cust015","2023-09","41.7171","-99.9848","823.0","ANSELMO 9.2 NW, NE US","6",",N","4",",N","0",",N","","","","","","","","","20230910",",,N","","","","","14.7",",,N,10,","52.2",",,,N","",""
"US10cust015","2023-10","41.7171","-99.9848","823.0","ANSELMO 9.2 NW, NE US","7",",N","3",",N","1",",N","","","","","","","","","20231013",",,N","","","","","52.1",",,N,13,","72.2",",,,N","",""
"US10cust015","2023-11","41.7171","-99.9848","823.0","ANSELMO 9.2 NW, NE US","7",",N","3",",N","0",",N","","","","","","","","","20231120",",,N","","","","","17.8",",,N,20,","38.6",",,,N","",""
"US10cust015","2023-12","41.7171","-99.9848","823.0","ANSELMO 9.2 NW, NE US","5",",N","3",",N","0",",N","","","","","","","","","20231226",",,N","","","","","7.6",",,N,26,","19.7",",,,N","",""
"US10cust015","2024-01","41.7171","-99.9848","823.0","ANSELMO 9.2 NW, NE US","7",",N","2",",N","0",",N","","","","","","","","","20240112",",,N","","","","","6.1",",,N,12,","17.0",",,,N","",""
"US10cust015","2024-02","41.7171","-99.9848","823.0","ANSELMO 9.2 NW, NE US","7",",N","4",",N","0",",N","","","","","","","","","20240204",",,N","","","","","10.7",",,N,04,","24.3",",,,N","",""
"US10cust015","2024-03","41.7171","-99.9848","823.0","ANSELMO 9.2 NW, NE US","4","2,N","2","2,N","0","2,N","","","","","","","","","20240308",",2,N","","","","","5.1","2,,N,08,","12.2","2,,,N","",""
"US10cust015","2024-04","41.7171","-99.9848","823.0","ANSELMO 9.2 NW, NE US","10",",N","7",",N","1",",N","","","","","","","","","20240417",",,N","","","","","33.0",",,N,17,","100.0",",,,N","",""
"US10cust015","2024-05","41.7171","-99.9848","823.0","ANSELMO 9.2 NW, NE US","10","2,N","9","2,N","1","2,N","","","","","","","","","20240521",",2,N","","","","","53.3","2,,N,21,","101.8","2,,,N","",""
