"STATION","DATE","LATITUDE","LONGITUDE","ELEVATION","NAME","CDSD","CDSD_ATTRIBUTES","CLDD","CLDD_ATTRIBUTES","DP01","DP01_ATTRIBUTES","DP10","DP10_ATTRIBUTES","DP1X","DP1X_ATTRIBUTES","DSND","DSND_ATTRIBUTES","DSNW","DSNW_ATTRIBUTES","DT00","DT00_ATTRIBUTES","DT32","DT32_ATTRIBUTES","DX32","DX32_ATTRIBUTES","DX70","DX70_ATTRIBUTES","DX90","DX90_ATTRIBUTES","DYFG","DYFG_ATTRIBUTES","DYNT","DYNT_ATTRIBUTES","DYSD","DYSD_ATTRIBUTES","DYSN","DYSN_ATTRIBUTES","DYTS","DYTS_ATTRIBUTES","DYXP","DYXP_ATTRIBUTES","DYXT","DYXT_ATTRIBUTES","EMNT","EMNT_ATTRIBUTES","EMSD","EMSD_ATTRIBUTES","EMSN","EMSN_ATTRIBUTES","EMXP","EMXP_ATTRIBUTES","EMXT","EMXT_ATTRIBUTES","HDSD","HDSD_ATTRIBUTES","HTDD","HTDD_ATTRIBUTES","PRCP","PRCP_ATTRIBUTES","SNOW","SNOW_ATTRIBUTES","TAVG","TAVG_ATTRIBUTES","TMAX","TMAX_ATTRIBUTES","TMIN","TMIN_ATTRIBUTES"
"USC00392927","1893-01","45.03239","-99.12253","481.0","FAULKTON, SD US","0.0","6","0.0","5,6","","","","","","","","","3",",6","17","2,6","29","2,6","18","3,6","0","3,6","0","3,6","","","18930130",",2,6","","","18930107",",,6","","","","","18930109",",3,6","-31.1","2,6,30,","","","102",",,6,07,","","","6.1","3,6,09,","","","819.3","3,6","","","152",",,,6","-12.87","5,6","-6.71","3,,,6","-19.03","2,,,6"
"USC00392927","1893-02","45.03239","-99.12253","481.0","FAULKTON, SD US","0.0","6","0.0","2,6","2",",6","2",",6","0",",6","","","2",",6","13","1,6","27","1,6","18","1,6","0","1,6","0","1,6","","","18930201",",1,6","","","18930224","+,,6","","","18930209",",,6","18930213",",1,6","-37.2","1,6,01,","","","25",",,6,24,+","22.4",",,6,09,","5.6","1,6,13,","","","822.5","1,6","43.7",",,,6","50",",,,6","-13.10","2,6","-7.06","1,,,6","-19.14","1,,,6"
"USC00392927","1893-03","45.03239","-99.12253","481.0","FAULKTON, SD US","","","","","4",",6","2",",6","2",",6","","","1",",6","","","","","","","","","","","1","","","","","","18930324",",,6","","","18930324",",,6","","","","","","","457",",,6,24,","78.7",",,6,24,","","","","","","","149.6",",,,6","465",",,,6","","","","","",""
"USC00392927","1893-04","45.03239","-99.12253","481.0","FAULKTON, SD US","","","","","","","","","","","","","1",",6","","","","","","","","","","","","","","","","","18930425",",,6","","","","","","","","","","","76",",,6,25,","","","","","","","","","","","76",",,,6","","","","","",""
"USC00392927","1893-05","45.03239","-99.12253","481.0","FAULKTON, SD US","","","4.5",",6","","","","","","","","","","","0",",6","4",",6","0",",6","12",",6","0",",6","","","18930502",",,6","","","","","","","","","18930518",",,6","-4.4",",6,02,","","","","","","","30.0",",6,18,","","","203.8",",6","","","","","11.90",",6","19.33",",,,6","4.48",",,,6"
"USC00392927","1893-06","45.03239","-99.12253","481.0","FAULKTON, SD US","","","","","9",",6","6",",6","0",",6","","","","","","","","","","","","","","","","","","","","","","","","","18930614",",,6","","","","","","","","","20.6",",,6,14,","","","","","","","60.1",",,,6","","","","","","","",""
"USC00392927","1893-07","45.03239","-99.12253","481.0","FAULKTON, SD US","","","107.3",",6","7",",6","6",",6","1",",6","","","","","0",",6","0",",6","0",",6","31",",6","9",",6","","","18930721",",,6","","","","","","","18930705",",,6","18930723",",,6","7.8",",6,21,","","","","","42.2",",,6,05,","38.9",",6,23,","5.7","6","5.7",",6","91.2",",,,6","","","21.61",",6","29.93",",,,6","13.29",",,,6"
"USC00392927","1893-08","45.03239","-99.12253","481.0","FAULKTON, SD US","","","97.2",",6","4",",6","3",",6","0",",6","","","","","0",",6","0",",6","0",",6","31",",6","10",",6","","","18930829",",,6","","","","","","","18930823",",,6","18930807",",,6","0.6",",6,29,","","","","","5.1",",,6,23,","37.2",",6,07,","28.8","6","23.1",",6","15.1",",,,6","","","20.72",",6","29.87",",,,6","11.57",",,,6"
"USC00392927","1893-09","45.03239","-99.12253","481.0","FAULKTON, SD US","","","56.1",",6","4",",6","1",",6","0",",6","","","","","0",",6","3",",6","0",",6","21",",6","10",",6","","","18930923",",,6","","","","","","","18930930",",,6","18930903",",,6","-3.3",",6,23,","","","","","3.8",",,6,30,","36.1",",6,03,","126.0","6","97.2",",6","7.4",",,,6","","","16.96",",6","25.57",",,,6","8.35",",,,6"
"USC00392927","1893-10","45.03239","-99.12253","481.0","FAULKTON, SD US","","","0.0","2,6","6",",6","5",",6","0",",6","","","","","0","1,6","13","1,6","0","1,6","4","1,6","0","1,6","","","18931028",",1,6","","","","","","","18931005",",,6","18931021",",1,6","-10.6","1,6,28,","","","","","24.1",",,6,05,","22.8","1,6,21,","447.1","6","321.1","1,6","40.8",",,,6","","","7.11","2,6","13.94","1,,,6","0.28","1,,,6"
"USC00392927","1893-11","45.03239","-99.12253","481.0","FAULKTON, SD US","","","0.0","5,6","","","","","","","","","1",",6","3","3,6","25","3,6","9","3,6","0","3,6","0","3,6","","","18931130",",3,6","","","18931127",",,6","","","","","18931106",",3,6","-23.9","3,6,30,","","","25",",,6,27,","","","20.6","3,6,06,","928.4","6","481.3","3,6","","","25",",,,6","-1.46","5,6","5.74","3,,,6","-8.66","3,,,6"
"USC00392927","1893-12","45.03239","-99.12253","481.0","FAULKTON, SD US","","","","","7",",6","0",",6","0",",6","","","","","","","","","20","3,6","0","3,6","0","3,6","1","","","","","","","","","","18931210",",,6","18931204",",3,6","","","","","","","2.3",",,6,10,","11.7","3,6,04,","","","","","10.6",",,,6","","","","","-4.53","3,,,6","",""
"USC00392927","1894-01","45.03239","-99.12253","481.0","FAULKTON, SD US","0.0","6","0.0","2,6","4",",6","1",",6","0",",6","","","2",",6","23","1,6","30","1,6","21","1,6","0","1,6","0","1,6","","","18940124",",1,6","","","18940103",",,6","","","18940131",",,6","18940113",",1,6","-37.2","1,6,24,","","","51",",,6,03,","5.1",",,6,31,","6.1","1,6,13,","","","1002.0","1,6","7.6",",,,6","96",",,,6","-16.16","2,6","-9.52","1,,,6","-22.80","1,,,6"
"USC00392927","1894-02","45.03239","-99.12253","481.0","FAULKTON, SD US","0.0","6","0.0","3,6","2","1,6","0","1,6","0","1,6","","","0",",6","15","2,6","26","2,6","17","2,6","0","2,6","0","2,6","","","18940219",",2,6","","","18940218",",,6","","","18940210",",1,6","18940228",",2,6","-27.8","2,6,19,","","","0",",T,6,18,","1.3","1,,6,10,","11.1","2,6,28,","","","742.3","2,6","1.8","1,,,6","0",",T,,6","-11.33","3,6","-4.25","2,,,6","-18.40","2,,,6"
"USC00392927","1894-03","45.03239","-99.12253","481.0","FAULKTON, SD US","0.0","6","0.0","2,6","4","3,6","4","3,6","2","3,6","","","2",",6","4","1,6","30","1,6","8","1,6","0","1,6","0","1,6","","","18940325",",1,6","","","18940321",",,6","","","18940310",",3,6","18940316",",1,6","-25.6","1,6,25,","","","559",",,6,21,","63.5","3,,6,10,","20.0","1,6,16,","","","584.2","1,6","136.4","3,,,6","584",",,,6","-1.60","2,6","5.04","1,,,6","-8.25","1,,,6"
"USC00392927","1894-04","45.03239","-99.12253","481.0","FAULKTON, SD US","2.0","6","2.0",",6","16",",6","8",",6","0",",6","","","","","0",",6","17",",6","0",",6","6",",6","0",",6","","","18940401",",,6","","","","","","","18940419",",,6","18940428",",,6","-5.6",",6,01,","","","","","23.1",",,6,19,","28.9",",6,28,","","","332.8",",6","62.1",",,,6","","","7.31",",6","13.82",",,,6","0.79",",,,6"
"USC00392927","1894-05","45.03239","-99.12253","481.0","FAULKTON, SD US","20.6","6","18.6","2,6","2",",6","0",",6","0",",6","","","","","0","1,6","2","1,6","0","1,6","21","1,6","2","1,6","","","18940503",",1,6","","","","","","","18940517",",,6","18940513",",1,6","-1.1","1,6,03,","","","","","2.0",",,6,17,","36.1","1,6,13,","","","124.0","1,6","3.0",",,,6","","","14.81","2,6","24.01","1,,,6","5.61","1,,,6"
"USC00392927","1894-06","45.03239","-99.12253","481.0","FAULKTON, SD US","118.2","6","97.6",",6","9",",6","7",",6","1",",6","","","","","0",",6","0",",6","0",",6","30",",6","12",",6","","","18940606","+,,6","","","","","","","18940627",",,6","18940612",",,6","4.4",",6,06,+","","","","","61.0",",,6,27,","37.2",",6,12,","","","11.7",",6","108.6",",,,6","","","21.20",",6","30.05",",,,6","12.35",",,,6"
"USC00392927","1894-07","45.03239","-99.12253","481.0","FAULKTON, SD US","266.6","6","148.4","2,6","3",",6","1",",6","0",",6","","","","","0","1,6","0","1,6","0","1,6","30","1,6","17","1,6","","","18940729",",1,6","","","","","","","18940718",",,6","18940726",",1,6","7.8","1,6,29,","","","","","5.1",",,6,18,","41.1","1,6,26,","2.5","6","2.5","1,6","7.7",",,,6","","","23.45","2,6","33.17","1,,,6","13.72","1,,,6"
"USC00392927","1894-08","45.03239","-99.12253","481.0","FAULKTON, SD US","395.8","6","129.2",",6","7",",6","3",",6","0",",6","","","","","0",",6","0",",6","0",",6","31",",6","14",",6","","","18940803",",,6","","","","","","","18940813",",,6","18940805",",,6","4.4",",6,03,","","","","","23.6",",,6,13,","37.2",",6,05,","11.5","6","9.0",",6","42.0",",,,6","","","22.21",",6","31.10",",,,6","13.33",",,,6"
"USC00392927","1894-09","45.03239","-99.12253","481.0","FAULKTON, SD US","426.3","6","30.5","2,6","","","","","","","","","","","0","1,6","2","1,6","0","1,6","19","1,6","4","1,6","","","18940930",",1,6","","","","","","","","","18940901",",1,6","-5.0","1,6,30,","","","","","","","37.2","1,6,01,","85.3","6","73.8","1,6","","","","","16.57","2,6","25.42","1,,,6","7.72","1,,,6"
"USC00392927","1894-10","45.03239","-99.12253","481.0","FAULKTON, SD US","426.3","6","0.0",",6","5",",6","4",",6","0",",6","","","","","0",",6","17",",6","0",",6","4",",6","0",",6","1","","18941030",",,6","","","","","","","18941007",",,6","18941024",",,6","-6.1",",6,30,","","","","","23.1",",,6,07,","27.2",",6,24,","421.8","6","336.5",",6","45.9",",,,6","","","7.48",",6","15.14",",,,6","-0.18",",,,6"
"USC00392927","1894-11","45.03239","-99.12253","481.0","FAULKTON, SD US","","","","","4",",6","1",",6","0",",6","","","0",",6","4","3,6","24","3,6","4","3,6","0","3,6","0","3,6","","","18941119",",3,6","","","18941109",",,6","","","18941109",",,6","18941114",",3,6","-20.0","3,6,19,","","","3",",,6,09,","2.5",",,6,09,","18.3","3,6,14,","","","","","5.1",",,,6","3",",,,6","-1.69","6,6","5.34","3,,,6","-8.73","3,,,6"
"USC00392927","1894-12","45.03239","-99.12253","481.0","FAULKTON, SD US","","","","","0",",6","0",",6","0",",6","","","","","","","","","","","","","","","","","","","","","","","","","18941208",",,6","","","","","","","","","0.0",",T,6,08,","","","","","","","0.0",",T,,6","","","","","","","",""
"USC00392927","1895-01","45.03239","-99.12253","481.0","FAULKTON, SD US","0.0","6","0.0","4,6","","","","","","","","","","","25","2,6","29","2,6","29","2,6","0","2,6","0","2,6","","","18950124","+,2,6","","","","","","","","","18950118","+,2,6","-32.8","2,6,24,+","","","","","","","0.0","2,6,18,+","","","973.9","2,6","","","","","-17.58","4,6","-11.28","2,,,6","-23.88","2,,,6"
"USC00392927","1895-02","45.03239","-99.12253","481.0","FAULKTON, SD US","0.0","6","0.0","1,6","5",",6","0",",6","0",",6","","","","","12","1,6","25","1,6","19",",6","0",",6","0",",6","","","18950208",",1,6","","","","","","","18950206",",,6","18950227",",,6","-39.4","1,6,08,","","","","","1.5",",,6,06,","17.8",",6,27,","","","835.4",",6","2.9",",,,6","","","-12.37","1,6","-6.14",",,,6","-18.60","1,,,6"
"USC00392927","1895-03","45.03239","-99.12253","481.0","FAULKTON, SD US","0.0","6","0.0","3,6","","","","","","","","","0",",6","7","1,6","28","1,6","8","2,6","1","2,6","0","2,6","","","18950313",",1,6","","","18950315","+,,6","","","","","18950328",",2,6","-26.1","1,6,13,","","","0",",T,6,15,+","","","26.1","2,6,28,","","","551.2","2,6","","","0",",T,,6","-1.64","3,6","6.75","2,,,6","-10.03","1,,,6"
"USC00392927","1895-04","45.03239","-99.12253","481.0","FAULKTON, SD US","0.6","6","0.6",",6","7",",6","5",",6","1",",6","","","","","0",",6","12",",6","0",",6","14",",6","0",",6","","","18950402",",,6","","","","","","","18950415",",,6","18950427","+,,6","-3.9",",6,02,","","","","","25.9",",,6,15,","28.3",",6,27,+","","","212.5",",6","52.4",",,,6","","","11.27",",6","20.13",",,,6","2.40",",,,6"
"USC00392927","1895-05","45.03239","-99.12253","481.0","FAULKTON, SD US","15.5","6","14.9",",6","12",",6","4",",6","0",",6","","","","","0",",6","6",",6","0",",6","19",",6","2",",6","","","18950521",",,6","","","","","","","18950531",",,6","18950508",",,6","-6.7",",6,21,","","","","","16.5",",,6,31,","34.4",",6,08,","","","147.6",",6","51.0",",,,6","","","14.05",",6","22.29",",,,6","5.82",",,,6"
"USC00392927","1895-06","45.03239","-99.12253","481.0","FAULKTON, SD US","47.0","6","31.5","1,6","","","","","","","","","","","0","1,6","0","1,6","0","1,6","22","1,6","0","1,6","","","18950628",",1,6","","","","","","","","","18950622","+,1,6","2.2","1,6,28,","","","","","","","31.7","1,6,22,+","","","61.4","1,6","","","","","17.30","1,6","25.08","1,,,6","9.52","1,,,6"
"USC00392927","1895-07","45.03239","-99.12253","481.0","FAULKTON, SD US","144.4","6","97.4",",6","8",",6","5",",6","0",",6","","","","","0",",6","0",",6","0",",6","30",",6","10",",6","","","18950710","+,,6","","","","","","","18950717",",,6","18950705",",,6","6.1",",6,10,+","","","","","16.3",",,6,17,","39.4",",6,05,","13.3","6","13.3",",6","48.1",",,,6","","","21.05",",6","30.12",",,,6","11.97",",,,6"
"USC00392927","1895-08","45.03239","-99.12253","481.0","FAULKTON, SD US","222.2","6","77.8","2,6","7",",6","4",",6","0",",6","","","","","0","1,6","0","1,6","0","1,6","30","1,6","11","1,6","","","18950831","+,1,6","","","","","","","18950808",",,6","18950821",",1,6","2.8","1,6,31,+","","","","","13.7",",,6,08,","38.9","1,6,21,","32.1","6","18.8","1,6","28.8",",,,6","","","20.44","2,6","30.25","1,,,6","10.63","1,,,6"
"USC00392927","1895-09","45.03239","-99.12253","481.0","FAULKTON, SD US","272.5","6","50.3","2,6","4",",6","1",",6","0",",6","","","","","0","1,6","5","1,6","0","1,6","22","1,6","9","1,6","","","18950929",",1,6","","","","","","","18950922",",,6","18950902",",1,6","-5.0","1,6,29,","","","","","12.7",",,6,22,","37.2","1,6,02,","130.8","6","98.7","1,6","16.0",",,,6","","","16.57","2,6","25.95","1,,,6","7.18","1,,,6"
"USC00392927","1895-10","45.03239","-99.12253","481.0","FAULKTON, SD US","272.5","6","0.0","2,6","1",",6","1",",6","0",",6","","","","","1","1,6","17","1,6","1","1,6","9","1,6","0","1,6","","","18951029",",1,6","","","","","","","18951011",",,6","18951017","+,1,6","-20.0","1,6,29,","","","","","4.1",",,6,11,","26.7","1,6,17,+","468.3","6","337.5","1,6","4.1",",,,6","","","6.61","2,6","15.55","1,,,6","-2.33","1,,,6"
"USC00392927","1895-11","45.03239","-99.12253","481.0","FAULKTON, SD US","","","","","4",",6","3",",6","0",",6","","","0",",6","4","4,6","24","4,6","7","3,6","0","3,6","0","3,6","","","18951123","+,4,6","","","18951109","+,,6","","","18951105",",,6","18951103",",3,6","-22.2","4,6,23,+","","","3",",,6,09,+","15.5",",,6,05,","20.6","3,6,03,","","","","","28.5",",,,6","6",",,,6","-2.38","7,6","4.01","3,,,6","-8.77","4,,,6"
"USC00392927","1895-12","45.03239","-99.12253","481.0","FAULKTON, SD US","","","0.0","5,6","2",",6","0",",6","0",",6","","","0",",6","5","2,6","29","2,6","11","3,6","0","3,6","0","3,6","","","18951202",",2,6","","","18951211",",,6","","","18951211",",,6","18951210",",3,6","-25.6","2,6,02,","","","3",",,6,11,","0.8",",,6,11,","11.7","3,6,10,","","","620.9","3,6","1.1",",,,6","3",",,,6","-5.76","5,6","0.91","3,,,6","-12.43","2,,,6"
"USC00392927","1896-01","45.03239","-99.12253","481.0","FAULKTON, SD US","","","","","3",",0","2",",0","0",",0","0",",0","1",",0","15","4,0","26","4,0","17","4,0","0","4,0","0","4,0","","","18960104",",4,0","18960131","+,,0","18960117",",,0","","","18960131",",,0","18960109",",4,0","-32.2","4,0,04,","0",",,0,31,+","51",",,0,17,","3.6",",,0,31,","12.2","4,0,09,","","","","","6.6",",,,0","64",",,,0","-9.99","7,0","-3.17","4,,,0","-16.81","4,,,0"
"USC00392927","1896-02","45.03239","-99.12253","481.0","FAULKTON, SD US","","","0.0","4,0","1",",0","0",",0","0",",0","0",",0","0",",0","5","2,0","25","2,0","11","2,0","0","2,0","0","2,0","","","18960215",",2,0","18960229","+,,0","18960211","+,,0","","","18960229",",,0","18960226",",2,0","-25.0","2,0,15,","0",",,0,29,+","0",",T,0,11,+","1.0",",,0,29,","18.9","2,0,26,","","","599.1","2,0","1.0",",,,0","0",",T,,0","-5.52","4,0","1.36","2,,,0","-12.40","2,,,0"
"USC00392927","1896-03","45.03239","-99.12253","481.0","FAULKTON, SD US","","","0.0","2,0","8",",0","1",",0","1",",0","0",",0","3",",0","12","1,0","28","1,0","20","1,0","0","1,0","0","1,0","","","18960313",",1,0","18960331","+,,0","18960322",",,0","","","18960328",",,0","18960324",",1,0","-30.6","1,0,13,","0",",,0,31,+","51",",,0,22,","26.7",",,0,28,","15.0","1,0,24,","","","762.6","1,0","34.2",",,,0","101",",,,0","-7.96","2,0","-1.67","1,,,0","-14.25","1,,,0"
"USC00392927","1896-04","45.03239","-99.12253","481.0","FAULKTON, SD US","","","3.3","2,0","13",",0","11",",0","1",",0","0",",0","1",",0","0","1,0","17","1,0","2","1,0","5","1,0","1","1,0","","","18960403",",1,0","18960430","+,,0","18960417",",,0","","","18960417",",,0","18960427",",1,0","-8.9","1,0,03,","0",",,0,30,+","51",",,0,17,","43.2",",,0,17,","33.9","1,0,27,","","","335.9","1,0","143.9",",,,0","51",",,,0","6.62","2,0","13.10","1,,,0","0.15","1,,,0"
"USC00392927","1896-05","45.03239","-99.12253","481.0","FAULKTON, SD US","","","30.9",",0","9",",0","7",",0","0",",0","0",",0","0",",0","0",",0","0",",0","0",",0","19",",0","1",",0","","","18960515","+,,0","18960531","+,,0","18960531","+,,0","2","","18960523",",,0","18960506",",,0","1.7",",0,15,+","0",",,0,31,+","0",",,0,31,+","16.5",",,0,23,","32.2",",0,06,","","","110.8",",0","57.5",",,,0","0",",,,0","15.76",",0","23.20",",,,0","8.31",",,,0"
"USC00392927","1896-06","45.03239","-99.12253","481.0","FAULKTON, SD US","","","63.4",",0","9",",0","5",",0","1",",0","0",",0","0",",0","0",",0","0",",0","0",",0","27",",0","2",",0","","","18960601",",,0","18960630","+,,0","18960630","+,,0","","","18960606",",,0","18960630",",,0","3.3",",0,01,","0",",,0,30,+","0",",,0,30,+","30.2",",,0,06,","34.4",",0,30,","","","38.4",",0","63.7",",,,0","0",",,,0","19.17",",0","26.70",",,,0","11.63",",,,0"
"USC00392927","1896-07","45.03239","-99.12253","481.0","FAULKTON, SD US","","","89.1","3,0","5",",0","5",",0","1",",0","0","1,0","0",",0","0","1,0","0","1,0","0","2,0","28","2,0","4","2,0","","","18960723",",1,0","18960731","+,1,0","18960731","+,,0","","","18960722",",,0","18960711",",2,0","7.8","1,0,23,","0","1,,0,31,+","0",",,0,31,+","27.9",",,0,22,","40.0","2,0,11,","9.8","0","9.8","2,0","81.2",",,,0","0",",,,0","21.07","3,0","27.37","2,,,0","14.77","1,,,0"
"USC00392927","1896-08","45.03239","-99.12253","481.0","FAULKTON, SD US","","","79.5",",0","7",",0","4",",0","0",",0","0",",0","0",",0","0",",0","0",",0","0",",0","31",",0","8",",0","","","18960831","+,,0","18960831","+,,0","18960831","+,,0","","","18960815",",,0","18960828",",,0","4.4",",0,31,+","0",",,0,31,+","0",",,0,31,+","6.4",",,0,15,","37.2",",0,28,","26.5","0","16.7",",0","19.5",",,,0","0",",,,0","20.36",",0","29.11",",,,0","11.61",",,,0"
"USC00392927","1896-09","45.03239","-99.12253","481.0","FAULKTON, SD US","","","9.2",",0","7",",0","2",",0","1",",0","0",",0","0",",0","0",",0","4",",0","0",",0","13",",0","2",",0","","","18960919",",,0","18960930","+,,0","18960930","+,,0","","","18960915",",,0","18960907",",,0","-5.6",",0,19,","0",",,0,30,+","0",",,0,30,+","29.5",",,0,15,","36.1",",0,07,","187.0","0","160.5",",0","35.7",",,,0","0",",,,0","13.29",",0","21.09",",,,0","5.49",",,,0"
"USC00392927","1896-10","45.03239","-99.12253","481.0","FAULKTON, SD US","","","0.0","2,0","2","2,0","1","2,0","0","2,0","0",",0","1",",0","0","2,0","20","2,0","2","2,0","5","2,0","0","2,0","","","18961020",",2,0","18961031","+,,0","18961030",",,0","","","18961009",",2,0","18961003",",2,0","-11.1","2,0,20,","0",",,0,31,+","305",",,0,30,","14.5","2,,0,09,","28.9","2,0,03,","552.5","0","365.5","2,0","15.5","2,,,0","305",",,,0","5.73","2,0","13.76","2,,,0","-2.30","2,,,0"
"USC00392927","1896-11","45.03239","-99.12253","481.0","FAULKTON, SD US","","","0.0","2,0","3",",0","3",",0","1",",0","","","3",",0","14","1,0","29","1,0","26","1,0","0","1,0","0","1,0","","","18961128",",1,0","","","18961103",",,0","","","18961103",",,0","18961116",",1,0","-31.7","1,0,28,","","","305",",,0,03,","30.5",",,0,03,","5.0","1,0,16,","1412.4","0","859.9","1,0","55.9",",,,0","559",",,,0","-12.17","2,0","-7.44","1,,,0","-16.90","1,,,0"
"USC00392927","1896-12","45.03239","-99.12253","481.0","FAULKTON, SD US","","","0.0","4,0","0",",0","0",",0","0",",0","","","0",",0","5","2,0","29","2,0","16","2,0","0","2,0","0","2,0","","","18961202",",2,0","","","18961231","+,,0","","","18961231",",,0","18961229","+,2,0","-28.3","2,0,02,","","","0",",,0,31,+","0.0",",T,0,31,","5.0","2,0,29,+","2075.3","0","662.9","2,0","0.0",",T,,0","0",",,,0","-6.38","4,0","-1.90","2,,,0","-10.87","2,,,0"
"USC00392927","1897-01","45.03239","-99.12253","481.0","FAULKTON, SD US","0.0","","0.0","2,0","0",",0","0",",0","0",",0","","","0","3,0","15","1,0","30","1,0","27","1,0","0","1,0","0","1,0","","","18970124",",1,0","","","18970131","+,3,0","","","18970130",",,0","18970108",",1,0","-33.9","1,0,24,","","","0","3,,0,31,+","0.0",",T,0,30,","3.3","1,0,08,","3022.7","","947.4","1,0","0.0",",T,,0","0","3,,,0","-14.23","2,0","-9.44","1,,,0","-19.02","1,,,0"
"USC00392927","1897-03","45.03239","-99.12253","481.0","FAULKTON, SD US","","","","","1",",0","1",",0","1",",0","","","","","","","","","","","","","","","","","","","","","","","","","18970331",",,0","","","","","","","","","33.0",",,0,31,","","","","","","","33.0",",,,0","","","","","","","",""
"USC00392927","1897-04","45.03239","-99.12253","481.0","FAULKTON, SD US","","","0.0",",0","13",",0","6",",0","2",",0","0",",0","2",",0","0",",0","16",",0","0",",0","4",",0","0",",0","","","18970419",",,0","18970430","+,,0","18970402",",,0","1","","18970404",",,0","18970428",",,0","-5.6",",0,19,","0",",,0,30,+","104",",,0,02,","40.4",",,0,04,","31.7",",0,28,","","","370.2",",0","107.6",",,,0","132",",,,0","5.99",",0","11.41",",,,0","0.57",",,,0"
"USC00392927","1897-05","45.03239","-99.12253","481.0","FAULKTON, SD US","","","17.7",",0","4",",0","1",",0","0",",0","0",",0","0",",0","0",",0","3",",0","0",",0","17",",0","0",",0","","","18970514",",,0","18970531","+,,0","18970531","+,,0","","","18970519",",,0","18970506",",,0","-3.3",",0,14,","0",",,0,31,+","0",",,0,31,+","5.8",",,0,19,","31.1",",0,06,","","","144.7",",0","7.4",",,,0","0",",,,0","14.24",",0","21.70",",,,0","6.77",",,,0"
"USC00392927","1897-08","45.03239","-99.12253","481.0","FAULKTON, SD US","","","57.4","3,6","","","","","","","","","","","0","2,6","0","2,6","0","2,6","27","2,6","5","2,6","","","18970805",",2,6","","","","","","","","","18970808","+,2,6","2.8","2,6,05,","","","","","","","35.0","2,6,08,+","","","26.6","2,6","","","","","19.34","3,6","26.91","2,,,6","11.76","2,,,6"
"USC00392927","1899-12","45.03239","-99.12253","481.0","FAULKTON, SD US","","","","","3",",0","2",",0","0",",0","","","2",",0","","","","","","","","","","","","","","","","","18991226","+,,0","","","18991226","+,,0","","","","","","","25",",,0,26,+","2.5",",,0,26,+","","","","","","","6.3",",,,0","63",",,,0","","","","","",""
"USC00392927","1900-01","45.03239","-99.12253","481.0","FAULKTON, SD US","0.0","0","0.0","2,0","2",",0","1",",0","0",",0","0",",0","1",",0","6","1,0","30","1,0","15","1,0","0","1,0","0","1,0","","","19000131",",1,0","19000131","+,,0","19000114",",,0","","","19000114",",,0","19000119",",1,0","-28.3","1,0,31,","0",",,0,31,+","25",",,0,14,","2.5",",,0,14,","17.2","1,0,19,","","","683.4","1,0","4.0",",,,0","25",",,,0","-5.47","2,0","1.24","1,,,0","-12.18","1,,,0"
"USC00392927","1900-02","45.03239","-99.12253","481.0","FAULKTON, SD US","0.0","0","0.0","4,0","5",",0","2",",0","0",",0","0",",0","2",",0","17","2,0","26","2,0","21","2,0","0","2,0","0","2,0","","","19000209",",2,0","19000228","+,,0","19000225",",,0","","","19000225","+,,0","19000206",",2,0","-29.4","2,0,09,","0",",,0,28,+","64",",,0,25,","5.1",",,0,25,+","10.0","2,0,06,","","","765.0","2,0","11.7",",,,0","131",",,,0","-12.98","4,0","-6.12","2,,,0","-19.85","2,,,0"
"USC00392927","1900-03","45.03239","-99.12253","481.0","FAULKTON, SD US","0.0","0","0.0","4,0","7",",0","4",",0","1",",0","1","3,0","5",",0","6","2,0","26","2,0","8","2,0","0","2,0","0","2,0","","","19000316",",2,0","19000328",",3,0","19000328",",,0","","","19000328",",,0","19000310",",2,0","-25.0","2,0,16,","406","3,,0,28,","419",",,0,28,","41.9",",,0,28,","20.0","2,0,10,","","","564.4","2,0","61.3",",,,0","635",",,,0","-3.00","4,0","3.94","2,,,0","-9.94","2,,,0"
"USC00392927","1900-04","45.03239","-99.12253","481.0","FAULKTON, SD US","0.6","0","0.6",",0","5",",0","4",",0","1",",0","0",",0","0",",0","0",",0","13",",0","0",",0","13",",0","0",",0","1","","19000413",",,0","19000430","+,,0","19000430","+,,0","3","","19000425",",,0","19000420",",,0","-5.6",",0,13,","0",",,0,30,+","0",",,0,30,+","57.4",",,0,25,","28.9",",0,20,","","","261.3",",0","103.6",",,,0","0",",,,0","9.64",",0","17.41",",,,0","1.87",",,,0"
"USC00392927","1900-05","45.03239","-99.12253","481.0","FAULKTON, SD US","36.2","0","35.6",",0","3",",0","2",",0","0",",0","0",",0","0",",0","0",",0","2",",0","0",",0","25",",0","5",",0","","","19000502",",,0","19000531","+,,0","19000531","+,,0","","","19000507",",,0","19000527",",,0","-1.1",",0,02,","0",",,0,31,+","0",",,0,31,+","6.9",",,0,07,","33.9",",0,27,","","","104.4",",0","12.3",",,,0","0",",,,0","16.11",",0","24.85",",,,0","7.37",",,,0"
"USC00392927","1900-06","45.03239","-99.12253","481.0","FAULKTON, SD US","124.7","0","88.5",",0","7",",0","3",",0","0",",0","0",",0","0",",0","0",",0","0",",0","0",",0","28",",0","7",",0","","","19000602",",,0","19000630","+,,0","19000630","+,,0","1","","19000615",",,0","19000625",",,0","1.1",",0,02,","0",",,0,30,+","0",",,0,30,+","13.2",",,0,15,","35.6",",0,25,","","","29.2",",0","42.0",",,,0","0",",,,0","20.31",",0","28.45",",,,0","12.16",",,,0"
"USC00392927","1900-07","45.03239","-99.12253","481.0","FAULKTON, SD US","228.2","0","103.5","1,0","9",",0","2",",0","0",",0","0",",0","0",",0","0","1,0","0","1,0","0",",0","31",",0","10",",0","","","19000729",",1,0","19000731","+,,0","19000731","+,,0","","","19000705",",,0","19000730",",,0","5.6","1,0,29,","0",",,0,31,+","0",",,0,31,+","23.6",",,0,05,","37.8",",0,30,","3.6","0","3.6",",0","38.8",",,,0","0",",,,0","21.71","1,0","29.73",",,,0","13.70","1,,,0"
"USC00392927","1900-08","45.03239","-99.12253","481.0","FAULKTON, SD US","396.7","0","168.5",",0","10",",0","8",",0","1",",0","0",",0","0",",0","0",",0","0",",0","0",",0","31",",0","10",",0","","","19000825","+,,0","19000831","+,,0","19000831","+,,0","3","","19000824",",,0","19000801",",,0","11.7",",0,25,+","0",",,0,31,+","0",",,0,31,+","36.6",",,0,24,","43.3",",0,01,","4.4","0","0.8",",0","107.3",",,,0","0",",,,0","23.74",",0","30.66",",,,0","16.82",",,,0"
"USC00392927","1900-09","45.03239","-99.12253","481.0","FAULKTON, SD US","424.4","0","27.7","2,0","11",",0","6",",0","1",",0","0",",0","0",",0","0","1,0","5","1,0","0","1,0","18","1,0","1","1,0","","","19000927",",1,0","19000930","+,,0","19000930","+,,0","1","","19000914",",,0","19000901",",1,0","-5.0","1,0,27,","0",",,0,30,+","0",",,0,30,+","71.4",",,0,14,","33.9","1,0,01,","124.1","0","119.7","1,0","99.8",",,,0","0",",,,0","15.13","2,0","21.82","1,,,0","8.44","1,,,0"
"USC00392927","1900-10","45.03239","-99.12253","481.0","FAULKTON, SD US","424.4","0","0.0",",0","7",",0","2",",0","0",",0","0",",0","0",",0","0",",0","4",",0","0",",0","9",",0","0",",0","3","","19001016",",,0","19001031","+,,0","19001031","+,,0","1","","19001021",",,0","19001019",",,0","-6.1",",0,16,","0",",,0,31,+","0",",,0,31,+","16.5",",,0,21,","27.2",",0,19,","357.3","0","233.2",",0","27.1",",,,0","0",",,,0","10.81",",0","17.58",",,,0","4.04",",,,0"
"USC00392927","1900-11","45.03239","-99.12253","481.0","FAULKTON, SD US","424.4","0","0.0","2,0","9",",0","0",",0","0",",0","","","1",",0","4","1,0","27","1,0","11","1,0","0","1,0","0","1,0","1","","19001121",",1,0","","","19001118",",,0","","","19001118",",,0","19001103",",1,0","-21.7","1,0,21,","","","25",",,0,18,","1.3",",,0,18,","19.4","1,0,03,","960.9","0","603.6","1,0","5.3",",,,0","70",",,,0","-3.17","2,0","2.23","1,,,0","-8.58","1,,,0"
"USC00392927","1900-12","45.03239","-99.12253","481.0","FAULKTON, SD US","","","","","3",",0","0",",0","0",",0","0",",0","0",",0","3","3,0","28","3,0","8","3,0","0","3,0","0","3,0","","","19001231",",3,0","19001231","+,,0","19001225",",,0","","","19001206",",,0","19001221",",3,0","-23.9","3,0,31,","0",",,0,31,+","20",",,0,25,","1.0",",,0,06,","15.0","3,0,21,","","","","","2.1",",,,0","28",",,,0","-3.26","6,0","3.09","3,,,0","-9.62","3,,,0"
"USC00392927","1901-01","45.03239","-99.12253","481.0","FAULKTON, SD US","0.0","0","0.0",",0","1",",0","1",",0","0",",0","0",",0","1",",0","11",",0","31",",0","19",",0","0",",0","0",",0","","","19010102",",,0","19010131","+,,0","19010109",",,0","","","19010109",",,0","19010120",",,0","-26.7",",0,02,","0",",,0,31,+","64",",,0,09,","3.8",",,0,09,","13.9",",0,20,","","","802.7",",0","3.8",",,,0","64",",,,0","-7.56",",0","-1.11",",,,0","-14.01",",,,0"
"USC00392927","1901-02","45.03239","-99.12253","481.0","FAULKTON, SD US","","","","","4",",0","0",",0","0",",0","0",",0","1",",0","","","","","19","1,0","0","1,0","0","1,0","","","","","19010228","+,,0","19010217",",,0","","","19010217",",,0","19010228","+,1,0","","","0",",,0,28,+","25",",,0,17,","2.3",",,0,17,","13.3","1,0,28,+","","","","","5.4",",,,0","59",",,,0","","","-2.78","1,,,0","",""
"USC00392927","1901-03","45.03239","-99.12253","481.0","FAULKTON, SD US","","","","","5",",0","3",",0","0",",0","0",",0","3",",0","2","1,0","30","1,0","2","5,0","2","5,0","0","5,0","1","","19010305",",1,0","19010331","+,,0","19010325","+,,0","1","","19010324",",,0","19010317",",5,0","-18.3","1,0,05,","0",",,0,31,+","25",",,0,25,+","5.1",",,0,24,","22.2","5,0,17,","","","","","12.7",",,,0","75",",,,0","-0.30","6,0","6.83","5,,,0","-7.44","1,,,0"
"USC00392927","1901-04","45.03239","-99.12253","481.0","FAULKTON, SD US","","","6.7","3,0","9",",0","4",",0","0",",0","","","1",",0","0",",0","14",",0","0","3,0","10","3,0","2","3,0","2","","19010417",",,0","","","19010404",",,0","1","","19010404",",,0","19010430",",3,0","-7.8",",0,17,","","","51",",,0,04,","12.7",",,0,04,","33.3","3,0,30,","","","271.3","3,0","30.1",",,,0","51",",,,0","8.74","3,0","16.53","3,,,0","0.94",",,,0"
"USC00392927","1901-05","45.03239","-99.12253","481.0","FAULKTON, SD US","","","29.2","1,0","9",",0","4",",0","0",",0","0",",0","0",",0","0",",0","4",",0","0","1,0","22","1,0","1","1,0","","","19010512",",,0","19010531","+,,0","19010531","+,,0","","","19010524",",,0","19010501",",1,0","-4.4",",0,12,","0",",,0,31,+","0",",,0,31,+","7.6",",,0,24,","34.4","1,0,01,","","","101.7","1,0","29.6",",,,0","0",",,,0","15.87","1,0","24.83","1,,,0","6.92",",,,0"
"USC00392927","1901-06","45.03239","-99.12253","481.0","FAULKTON, SD US","","","51.5","1,0","18",",0","8",",0","1",",0","0",",0","0",",0","0",",0","1",",0","0","1,0","25","1,0","4","1,0","","","19010607",",,0","19010630","+,,0","19010630","+,,0","","","19010615",",,0","19010625",",1,0","-1.7",",0,07,","0",",,0,30,+","0",",,0,30,+","41.4",",,0,15,","35.0","1,0,25,","","","32.3","1,0","113.8",",,,0","0",",,,0","18.90","1,0","25.81","1,,,0","12.00",",,,0"
"USC00392927","1901-07","45.03239","-99.12253","481.0","FAULKTON, SD US","","","193.0","3,0","11",",0","6",",0","0",",0","0",",0","0",",0","0",",0","0",",0","0","3,0","28","3,0","16","3,0","1","","19010706",",,0","19010731","+,,0","19010731","+,,0","","","19010728",",,0","19010720",",3,0","10.0",",0,06,","0",",,0,31,+","0",",,0,31,+","11.2",",,0,28,","40.6","3,0,20,","0.0","0","0.0","3,0","48.0",",,,0","0",",,,0","25.30","3,0","33.31","3,,,0","17.30",",,,0"
"USC00392927","1901-08","45.03239","-99.12253","481.0","FAULKTON, SD US","","","111.6",",0","9",",0","4",",0","1",",0","0",",0","0",",0","0",",0","0",",0","0",",0","31",",0","8",",0","1","","19010819",",,0","19010831","+,,0","19010831","+,,0","1","","19010808",",,0","19010801",",,0","5.6",",0,19,","0",",,0,31,+","0",",,0,31,+","41.7",",,0,08,","38.3",",0,01,","1.1","0","1.1",",0","65.4",",,,0","0",",,,0","21.90",",0","29.99",",,,0","13.80",",,,0"
"USC00392927","1901-09","45.03239","-99.12253","481.0","FAULKTON, SD US","","","16.1","1,0","10",",0","7",",0","0",",0","0",",0","0",",0","0",",0","2",",0","0","1,0","13","1,0","2","1,0","","","19010918",",,0","19010930","+,,0","19010930","+,,0","1","","19010907",",,0","19010903",",1,0","-5.0",",0,18,","0",",,0,30,+","0",",,0,30,+","21.6",",,0,07,","33.3","1,0,03,","142.9","0","141.8","1,0","79.3",",,,0","0",",,,0","13.96","1,0","20.75","1,,,0","7.17",",,,0"
"USC00392927","1901-10","45.03239","-99.12253","481.0","FAULKTON, SD US","","","0.0","5,0","7",",0","5",",0","0",",0","0",",0","0",",0","0",",0","8",",0","0","5,0","10","5,0","0","5,0","1","","19011003",",,0","19011031","+,,0","19011031","+,,0","","","19011028",",,0","19011022",",5,0","-3.3",",0,03,","0",",,0,31,+","0",",,0,31,+","14.2",",,0,28,","26.7","5,0,22,","331.3","0","188.4","5,0","44.4",",,,0","0",",,,0","11.06","5,0","18.65","5,,,0","3.46",",,,0"
"USC00392927","1901-11","45.03239","-99.12253","481.0","FAULKTON, SD US","","","","","2",",0","1",",0","0",",0","1",",0","1",",0","0",",0","30",",0","","","","","","","","","19011107",",,0","19011106",",,0","19011106",",,0","","","19011106",",,0","","","-15.0",",0,07,","51",",,0,06,","51",",,0,06,","3.0",",,0,06,","","","","","","","3.5",",,,0","51",",,,0","","","","","-6.78",",,,0"
"USC00392927","1901-12","45.03239","-99.12253","481.0","FAULKTON, SD US","","","0.0","5,0","2",",0","2",",0","0",",0","","","2",",0","8",",0","31",",0","14","5,0","0","5,0","0","5,0","","","19011219",",,0","","","19011218",",,0","","","19011218",",,0","19011229",",5,0","-30.6",",0,19,","","","51",",,0,18,","3.8",",,0,18,","4.4","5,0,29,","","","677.1","5,0","6.3",",,,0","89",",,,0","-7.86","5,0","-3.53","5,,,0","-12.19",",,,0"
"USC00392927","1902-01","45.03239","-99.12253","481.0","FAULKTON, SD US","0.0","0","0.0","5,0","3",",0","1",",0","0",",0","","","1",",0","9","1,0","29","1,0","11","4,0","0","4,0","0","4,0","","","19020127",",1,0","","","19020126",",,0","","","19020126",",,0","19020108",",4,0","-29.4","1,0,27,","","","33",",,0,26,","3.3",",,0,26,","10.6","4,0,08,","","","678.4","4,0","5.6",",,,0","61",",,,0","-7.76","5,0","-2.17","4,,,0","-13.35","1,,,0"
"USC00392927","1902-02","45.03239","-99.12253","481.0","FAULKTON, SD US","0.0","0","0.0","2,0","4",",0","1",",0","0",",0","14","4,0","2",",0","9",",0","28",",0","18","2,0","0","2,0","0","2,0","","","19020204",",,0","19020228","+,4,0","19020228",",,0","","","19020228",",,0","19020225",",2,0","-30.0",",0,04,","51","4,,0,28,+","51",",,0,28,","3.8",",,0,28,","10.0","2,0,25,","","","730.7","2,0","5.9",",,,0","94",",,,0","-9.43","2,0","-4.99","2,,,0","-13.87",",,,0"
"USC00392927","1902-03","45.03239","-99.12253","481.0","FAULKTON, SD US","0.0","0","0.0","5,0","11",",0","6",",0","1",",0","","","4",",0","3",",0","24",",0","7","5,0","0","5,0","0","5,0","3","","19020317",",,0","","","19020315","+,,0","1","","19020326",",,0","19020313",",5,0","-23.3",",0,17,","","","64",",,0,15,+","26.4",",,0,26,","16.1","5,0,13,","","","476.0","5,0","68.1",",,,0","212",",,,0","-0.23","5,0","4.98","5,,,0","-5.45",",,,0"
"USC00392927","1902-04","45.03239","-99.12253","481.0","FAULKTON, SD US","0.0","0","0.0","3,0","6",",0","4",",0","1",",0","0","3,0","1",",0","0",",0","17",",0","0","3,0","4","3,0","0","3,0","","","19020407",",,0","19020430","+,3,0","19020422",",,0","","","19020422",",,0","19020420",",3,0","-10.6",",0,07,","0","3,,0,30,+","102",",,0,22,","25.7",",,0,22,","28.3","3,0,20,","","","331.1","3,0","39.8",",,,0","102",",,,0","6.09","3,0","13.20","3,,,0","-1.01",",,,0"
"USC00392927","1902-05","45.03239","-99.12253","481.0","FAULKTON, SD US","7.5","0","7.5","5,0","10",",0","6",",0","0",",0","0",",0","0",",0","0",",0","0",",0","0","5,0","20","5,0","0","5,0","","","19020510","+,,0","19020531","+,,0","19020531","+,,0","","","19020505",",,0","19020529","+,5,0","0.6",",0,10,+","0",",,0,31,+","0",",,0,31,+","10.7",",,0,05,","28.3","5,0,29,+","","","81.6","5,0","37.0",",,,0","0",",,,0","15.54","5,0","22.99","5,,,0","8.09",",,,0"
"USC00392927","1902-06","45.03239","-99.12253","481.0","FAULKTON, SD US","18.3","0","10.8","1,0","12",",0","10",",0","1",",0","0",",0","0",",0","0",",0","1",",0","0","1,0","19","1,0","1","1,0","","","19020621",",,0","19020630","+,,0","19020630","+,,0","","","19020614",",,0","19020609",",1,0","0.0",",0,21,","0",",,0,30,+","0",",,0,30,+","29.7",",,0,14,","35.0","1,0,09,","","","86.5","1,0","111.5",",,,0","0",",,,0","15.72","1,0","22.44","1,,,0","9.00",",,,0"
"USC00392927","1902-07","45.03239","-99.12253","481.0","FAULKTON, SD US","127.0","0","108.7",",0","6",",0","4",",0","0",",0","0",",0","0",",0","0",",0","0",",0","0",",0","30",",0","7",",0","","","19020718","+,,0","19020731","+,,0","19020731","+,,0","","","19020708",",,0","19020729",",,0","8.9",",0,18,+","0",",,0,31,+","0",",,0,31,+","12.4",",,0,08,","38.9",",0,29,","8.6","0","8.6",",0","40.1",",,,0","0",",,,0","21.56",",0","28.91",",,,0","14.21",",,,0"
"USC00392927","1902-08","45.03239","-99.12253","481.0","FAULKTON, SD US","182.7","0","55.7","2,0","12",",0","8",",0","1",",0","0",",0","0",",0","0",",0","0",",0","0","2,0","26","2,0","3","2,0","2","","19020811",",,0","19020831","+,,0","19020831","+,,0","","","19020830",",,0","19020801",",2,0","1.7",",0,11,","0",",,0,31,+","0",",,0,31,+","25.4",",,0,30,","34.4","2,0,01,","33.0","0","24.4","2,0","91.0",",,,0","0",",,,0","19.50","2,0","26.49","2,,,0","12.51",",,,0"
"USC00392927","1902-09","45.03239","-99.12253","481.0","FAULKTON, SD US","188.3","0","5.6",",0","2",",0","1",",0","0",",0","0",",0","0",",0","0",",0","3",",0","0",",0","16",",0","1",",0","","","19020912",",,0","19020930","+,,0","19020930","+,,0","","","19020926",",,0","19020907",",,0","-3.3",",0,12,","0",",,0,30,+","0",",,0,30,+","10.4",",,0,26,","32.2",",0,07,","180.7","0","147.7",",0","11.4",",,,0","0",",,,0","13.60",",0","21.93",",,,0","5.26",",,,0"
"USC00392927","1902-10","45.03239","-99.12253","481.0","FAULKTON, SD US","188.3","0","0.0","1,0","5",",0","2",",0","0",",0","0",",0","0",",0","0",",0","16",",0","0","1,0","6","1,0","0","1,0","","","19021028",",,0","19021031","+,,0","19021031","+,,0","","","19021012",",,0","19021005",",1,0","-9.4",",0,28,","0",",,0,31,+","0",",,0,31,+","4.6",",,0,12,","25.6","1,0,05,","471.8","0","291.1","1,0","10.4",",,,0","0",",,,0","8.66","1,0","16.54","1,,,0","0.79",",,,0"
"USC00392927","1902-11","45.03239","-99.12253","481.0","FAULKTON, SD US","188.3","0","0.0","5,0","2",",0","1",",0","0",",0","0","4,0","1",",0","0",",0","29",",0","6","5,0","0","5,0","0","5,0","1","","19021130","+,,0","19021125",",4,0","19021112",",,0","","","19021112",",,0","19021103",",5,0","-13.9",",0,30,+","0","4,T,0,25,","58",",,0,12,","6.9",",,0,12,","17.2","5,0,03,","941.9","0","470.1","5,0","7.7",",,,0","71",",,,0","-0.15","5,0","5.82","5,,,0","-6.12",",,,0"
"USC00392927","1902-12","45.03239","-99.12253","481.0","FAULKTON, SD US","","","","","5",",0","3",",0","1",",0","","","3",",0","13",",0","31",",0","","","","","","","","","19021226",",,0","","","19021220",",,0","","","19021220",",,0","","","-30.6",",0,26,","","","203",",,0,20,","25.4",",,0,20,","","","","","","","38.0",",,,0","343",",,,0","","","","","-16.02",",,,0"
"USC00392927","1903-01","45.03239","-99.12253","481.0","FAULKTON, SD US","","","","","4",",0","0",",0","0",",0","","","0",",0","12",",0","31",",0","","","","","","","","","19030112",",,0","","","19030127",",,0","","","19030127",",,0","","","-26.7",",0,12,","","","20",",,0,27,","1.0",",,0,27,","","","","","","","2.8",",,,0","51",",,,0","","","","","-15.31",",,,0"
"USC00392927","1903-02","45.03239","-99.12253","481.0","FAULKTON, SD US","","","0.0","5,0","2",",0","1",",0","0",",0","","","1",",0","14",",0","28",",0","17","5,0","0","5,0","0","5,0","","","19030216",",,0","","","19030227",",,0","","","19030227",",,0","19030226",",5,0","-33.9",",0,16,","","","152",",,0,27,","15.2",",,0,27,","4.4","5,0,26,","","","704.5","5,0","16.0",",,,0","160",",,,0","-12.47","5,0","-6.36","5,,,0","-18.57",",,,0"
"USC00392927","1903-03","45.03239","-99.12253","481.0","FAULKTON, SD US","","","0.0","3,0","3",",0","3",",0","0",",0","","","0","1,0","1",",0","29",",0","12","3,0","0","3,0","0","3,0","","","19030320",",,0","","","19030321","+,1,0","","","19030318",",,0","19030331",",3,0","-18.3",",0,20,","","","0","1,T,0,21,+","10.2",",,0,18,","16.7","3,0,31,","","","597.9","3,0","24.7",",,,0","0","1,T,,0","-2.87","3,0","2.68","3,,,0","-8.41",",,,0"
"USC00392927","1903-04","45.03239","-99.12253","481.0","FAULKTON, SD US","","","0.0",",0","7",",0","4",",0","0",",0","0",",0","1",",0","0",",0","16",",0","0",",0","6",",0","0",",0","","","19030430",",,0","19030430","+,,0","19030406",",,0","","","19030401",",,0","19030426",",,0","-8.3",",0,30,","0",",,0,30,+","25",",,0,06,","18.0",",,0,01,","25.0",",0,26,","","","319.4",",0","44.3",",,,0","25",",,,0","7.69",",0","15.31",",,,0","0.06",",,,0"
"USC00392927","1903-05","45.03239","-99.12253","481.0","FAULKTON, SD US","","","6.3",",0","6",",0","5",",0","0",",0","0",",0","0",",0","0",",0","5",",0","0",",0","21",",0","0",",0","","","19030502",",,0","19030531","+,,0","19030531","+,,0","","","19030522",",,0","19030516",",,0","-3.3",",0,02,","0",",,0,31,+","0",",,0,31,+","7.9",",,0,22,","29.4",",0,16,","","","138.8",",0","23.2",",,,0","0",",,,0","14.06",",0","21.85",",,,0","6.27",",,,0"
"USC00392927","1903-06","45.03239","-99.12253","481.0","FAULKTON, SD US","","","48.3",",0","7",",0","6",",0","2",",0","0",",0","0",",0","0",",0","0",",0","0",",0","28",",0","6",",0","","","19030610",",,0","19030630","+,,0","19030630","+,,0","3","","19030629",",,0","19030630","+,,0","3.3",",0,10,","0",",,0,30,+","0",",,0,30,+","44.5",",,0,29,","36.7",",0,30,+","","","30.3",",0","102.7",",,,0","0",",,,0","18.93",",0","27.74",",,,0","10.12",",,,0"
"USC00392927","1903-07","45.03239","-99.12253","481.0","FAULKTON, SD US","","","71.0",",0","11",",0","8",",0","1",",0","0",",0","0",",0","0",",0","0",",0","0",",0","30",",0","2",",0","","","19030730",",,0","19030731","+,,0","19030731","+,,0","2","","19030722",",,0","19030724",",,0","5.6",",0,30,","0",",,0,31,+","0",",,0,31,+","25.4",",,0,22,","36.1",",0,24,","20.5","0","20.5",",0","63.6",",,,0","0",",,,0","19.96",",0","26.82",",,,0","13.10",",,,0"
"USC00392927","1903-08","45.03239","-99.12253","481.0","FAULKTON, SD US","","","55.0",",0","12",",0","7",",0","0",",0","0",",0","0",",0","0",",0","0",",0","0",",0","25",",0","3",",0","","","19030810",",,0","19030831","+,,0","19030831","+,,0","2","","19030824",",,0","19030820",",,0","4.4",",0,10,","0",",,0,31,+","0",",,0,31,+","23.6",",,0,24,","36.7",",0,20,","56.9","0","36.4",",0","73.2",",,,0","0",",,,0","18.94",",0","25.18",",,,0","12.69",",,,0"
"USC00392927","1903-09","45.03239","-99.12253","481.0","FAULKTON, SD US","","","5.7",",0","9",",0","5",",0","1",",0","0",",0","0",",0","0",",0","4",",0","0",",0","16",",0","0",",0","","","19030917",",,0","19030930","+,,0","19030930","+,,0","","","19030912",",,0","19030925","+,,0","-3.3",",0,17,","0",",,0,30,+","0",",,0,30,+","27.4",",,0,12,","28.3",",0,25,+","226.2","0","169.3",",0","58.8",",,,0","0",",,,0","12.88",",0","19.40",",,,0","6.35",",,,0"
"USC00392927","1903-10","45.03239","-99.12253","481.0","FAULKTON, SD US","","","0.0",",0","4",",0","1",",0","0",",0","0",",0","0",",0","0",",0","11",",0","0",",0","10",",0","0",",0","","","19031026",",,0","19031031","+,,0","19031031","+,,0","1","","19031003",",,0","19031010",",,0","-6.7",",0,26,","0",",,0,31,+","0",",,0,31,+","5.8",",,0,03,","26.7",",0,10,","479.4","0","253.2",",0","10.4",",,,0","0",",,,0","10.17",",0","18.06",",,,0","2.27",",,,0"
"USC00392927","1903-11","45.03239","-99.12253","481.0","FAULKTON, SD US","","","0.0","1,0","4",",0","2",",0","0",",0","4","2,0","3",",0","1","1,0","26","1,0","11",",0","0",",0","0",",0","","","19031117",",1,0","19031109",",2,0","19031109",",,0","","","19031109",",,0","19031108",",,0","-18.3","1,0,17,","76","2,,0,09,","76",",,0,09,","7.6",",,0,09,","20.6",",0,08,","1065.7","0","586.3",",0","12.1",",,,0","139",",,,0","-1.87","1,0","4.08",",,,0","-7.81","1,,,0"
"USC00392927","1903-12","45.03239","-99.12253","481.0","FAULKTON, SD US","","","0.0","1,0","7",",0","1",",0","0",",0","","","3","1,0","9",",0","31",",0","21","1,0","0","1,0","0","1,0","","","19031213",",,0","","","19031211","+,1,0","","","19031211",",,0","19031202",",1,0","-28.3",",0,13,","","","51","1,,0,11,+","3.0",",,0,11,","6.1","1,0,02,","1868.2","0","802.5","1,0","9.3",",,,0","148","1,,,0","-8.64","1,0","-2.26","1,,,0","-15.02",",,,0"
"USC00392927","1904-01","45.03239","-99.12253","481.0","FAULKTON, SD US","0.0","0","0.0","4,0","3",",0","0",",0","0",",0","","","3",",0","14",",0","31",",0","20","4,0","0","4,0","0","4,0","","","19040124",",,0","","","19040101",",,0","","","19040101",",,0","19040108","+,4,0","-34.4",",0,24,","","","127",",,0,01,","1.8",",,0,01,","2.8","4,0,08,+","2697.8","0","829.6","4,0","2.6",",,,0","203",",,,0","-12.60","4,0","-6.99","4,,,0","-18.21",",,,0"
"USC00392927","1904-02","45.03239","-99.12253","481.0","FAULKTON, SD US","0.0","0","0.0","1,0","3",",0","3",",0","0",",0","","","3",",0","22","1,0","28","1,0","26",",0","0",",0","0",",0","","","19040211",",1,0","","","19040228",",,0","","","19040228",",,0","19040227",",,0","-33.3","1,0,11,","","","64",",,0,28,","5.6",",,0,28,","5.0",",0,27,","3637.2","0","939.4",",0","14.0",",,,0","132",",,,0","-15.17","1,0","-8.75",",,,0","-21.59","1,,,0"
"USC00392927","1904-03","45.03239","-99.12253","481.0","FAULKTON, SD US","0.0","0","0.0",",0","1",",0","0",",0","0",",0","0",",0","0",",0","1",",0","30",",0","9",",0","0",",0","0",",0","","","19040303",",,0","19040331","+,,0","19040324","+,,0","","","19040330",",,0","19040323",",,0","-22.2",",0,03,","0",",,0,31,+","0",",T,0,24,+","0.5",",,0,30,","16.7",",0,23,","4284.0","0","646.8",",0","0.5",",,,0","0",",T,,0","-2.53",",0","4.20",",,,0","-9.27",",,,0"
"USC00392927","1904-04","45.03239","-99.12253","481.0","FAULKTON, SD US","0.0","0","0.0","1,0","5",",0","4",",0","0",",0","2",",0","2",",0","0","1,0","22","1,0","1",",0","3",",0","0",",0","","","19040416",",1,0","19040407",",,0","19040407",",,0","","","19040407",",,0","19040429",",,0","-12.8","1,0,16,","152",",,0,07,","152",",,0,07,","19.6",",,0,07,","28.3",",0,29,","4661.8","0","377.8",",0","50.9",",,,0","228",",,,0","5.05","1,0","12.38",",,,0","-2.28","1,,,0"
"USC00392927","1904-05","45.03239","-99.12253","481.0","FAULKTON, SD US","5.0","0","5.0","1,0","6",",0","3",",0","1",",0","0",",0","0",",0","0",",0","1",",0","0","1,0","15","1,0","0","1,0","","","19040514",",,0","19040531","+,,0","19040531","+,,0","","","19040516",",,0","19040522",",1,0","-1.7",",0,14,","0",",,0,31,+","0",",,0,31,+","79.5",",,0,16,","29.4","1,0,22,","4817.6","0","155.8","1,0","103.6",",,,0","0",",,,0","13.25","1,0","20.70","1,,,0","5.81",",,,0"
"USC00392927","1904-06","45.03239","-99.12253","481.0","FAULKTON, SD US","34.1","0","29.1",",0","12",",0","4",",0","0",",0","0",",0","0",",0","0",",0","0",",0","0",",0","21",",0","1",",0","","","19040607","+,,0","19040630","+,,0","19040630","+,,0","2","","19040603",",,0","19040622",",,0","4.4",",0,07,+","0",",,0,30,+","0",",,0,30,+","13.5",",,0,03,","32.2",",0,22,","4877.8","0","60.2",",0","45.9",",,,0","0",",,,0","17.30",",0","23.69",",,,0","10.91",",,,0"
"USC00392927","1904-07","45.03239","-99.12253","481.0","FAULKTON, SD US","82.8","0","48.7",",0","7",",0","1",",0","1",",0","0",",0","0",",0","0",",0","0",",0","0",",0","30",",0","2",",0","","","19040707","+,,0","19040731","+,,0","19040731","+,,0","2","","19040713",",,0","19040729",",,0","6.7",",0,07,+","0",",,0,31,+","0",",,0,31,+","30.2",",,0,13,","35.0",",0,29,","18.3","0","18.3",",0","36.2",",,,0","0",",,,0","19.31",",0","27.04",",,,0","11.58",",,,0"
"USC00392927","1904-08","45.03239","-99.12253","481.0","FAULKTON, SD US","148.6","0","65.8",",0","6",",0","3",",0","1",",0","0",",0","0",",0","0",",0","0",",0","0",",0","28",",0","6",",0","","","19040807",",,0","19040831","+,,0","19040831","+,,0","5","","19040818",",,0","19040803",",,0","6.1",",0,07,","0",",,0,31,+","0",",,0,31,+","34.3",",,0,18,","36.1",",0,03,","46.7","0","28.4",",0","48.2",",,,0","0",",,,0","19.54",",0","27.12",",,,0","11.96",",,,0"
"USC00392927","1904-09","45.03239","-99.12253","481.0","FAULKTON, SD US","164.2","0","15.6",",0","4",",0","2",",0","1",",0","0",",0","0",",0","0",",0","3",",0","0",",0","18",",0","1",",0","2","","19040921",",,0","19040930","+,,0","19040930","+,,0","2","","19040901",",,0","19040909",",,0","-4.4",",0,21,","0",",,0,30,+","0",",,0,30,+","26.2",",,0,01,","33.9",",0,09,","165.8","0","119.1",",0","38.4",",,,0","0",",,,0","14.88",",0","22.36",",,,0","7.41",",,,0"
"USC00392927","1904-10","45.03239","-99.12253","481.0","FAULKTON, SD US","164.2","0","0.0",",0","2",",0","1",",0","0",",0","0",",0","0",",0","0",",0","10",",0","0",",0","8",",0","0",",0","","","19041027","+,,0","19041031","+,,0","19041031","+,,0","","","19041018",",,0","19041007","+,,0","-4.4",",0,27,+","0",",,0,31,+","0",",,0,31,+","6.4",",,0,18,","25.6",",0,07,+","407.3","0","241.5",",0","7.7",",,,0","0",",,,0","10.54",",0","18.07",",,,0","3.02",",,,0"
"USC00392927","1904-11","45.03239","-99.12253","481.0","FAULKTON, SD US","164.2","0","0.0",",0","1",",0","0",",0","0",",0","0",",0","0",",0","0",",0","26",",0","1",",0","1",",0","0",",0","","","19041130",",,0","19041130","+,,0","19041130","+,,0","","","19041109",",,0","19041102",",,0","-16.7",",0,30,","0",",,0,30,+","0",",,0,30,+","1.3",",,0,09,","22.2",",0,02,","850.6","0","443.3",",0","1.3",",,,0","0",",,,0","3.56",",0","11.69",",,,0","-4.58",",,,0"
"USC00392927","1904-12","45.03239","-99.12253","481.0","FAULKTON, SD US","164.2","0","0.0",",0","3",",0","3",",0","0",",0","","","3",",0","10",",0","31",",0","19",",0","0",",0","0",",0","","","19041227",",,0","","","19041225","+,,0","","","19041216",",,0","19041231",",,0","-28.3",",0,27,","","","76",",,0,25,+","7.1",",,0,16,","10.6",",0,31,","1655.4","0","804.8",",0","13.7",",,,0","203",",,,0","-7.63",",0","-1.89",",,,0","-13.36",",,,0"
"USC00392927","1905-01","45.03239","-99.12253","481.0","FAULKTON, SD US","0.0","0","0.0","1,0","8",",0","0",",0","0",",0","","","3","1,0","18","1,0","30","1,0","25",",0","0",",0","0",",0","","","19050130",",1,0","","","19050130","+,1,0","","","19050128",",,0","19050119","+,,0","-32.2","1,0,30,","","","25","1,,0,30,+","2.3",",,0,28,","5.6",",0,19,+","2613.6","0","958.2",",0","7.1",",,,0","140","1,,,0","-13.50","1,0","-7.45",",,,0","-19.56","1,,,0"
"USC00392927","1905-02","45.03239","-99.12253","481.0","FAULKTON, SD US","0.0","0","0.0",",0","3",",0","1",",0","0",",0","","","2",",0","14",",0","26",",0","17",",0","0",",0","0",",0","","","19050203",",,0","","","19050226","+,,0","","","19050226",",,0","19050228","+,,0","-39.4",",0,03,","","","76",",,0,26,+","7.6",",,0,26,","15.0",",0,28,+","3443.3","0","829.7",",0","10.2",",,,0","152",",,,0","-11.30",",0","-4.13",",,,0","-18.47",",,,0"
"USC00392927","1905-03","45.03239","-99.12253","481.0","FAULKTON, SD US","0.0","0","0.0",",0","4",",0","3",",0","0",",0","0","2,0","2",",0","0",",0","26",",0","5",",0","3",",0","0",",0","2","","19050314","+,,0","19050331","+,2,0","19050320","+,,0","","","19050328",",,0","19050326",",,0","-15.6",",0,14,+","0","2,,0,31,+","51",",,0,20,+","3.6",",,0,28,","22.8",",0,26,","3905.0","0","461.7",",0","10.4",",,,0","102",",,,0","3.44",",0","10.77",",,,0","-3.89",",,,0"
"USC00392927","1905-04","45.03239","-99.12253","481.0","FAULKTON, SD US","0.0","0","0.0",",0","6",",0","4",",0","1",",0","1",",0","0",",0","0",",0","18",",0","0",",0","4",",0","0",",0","","","19050417",",,0","19050415",",,0","19050415",",,0","1","","19050402",",,0","19050423","+,,0","-11.1",",0,17,","25",",,0,15,","13",",,0,15,","31.0",",,0,02,","23.3",",0,23,+","4257.1","0","352.1",",0","43.8",",,,0","13",",,,0","6.60",",0","14.47",",,,0","-1.28",",,,0"
"USC00392927","1905-05","45.03239","-99.12253","481.0","FAULKTON, SD US","0.6","0","0.6","2,0","9",",0","8",",0","2",",0","0","2,0","2",",0","0","1,0","6","1,0","0","2,0","9","2,0","0","2,0","","","19050508",",1,0","19050531","+,2,0","19050510",",,0","3","","19050510",",,0","19050531","+,2,0","-3.9","1,0,08,","0","2,,0,31,+","76",",,0,10,","40.6",",,0,10,","27.8","2,0,31,+","4469.6","0","212.5","2,0","137.6",",,,0","101",",,,0","11.02","2,0","17.87","2,,,0","4.18","1,,,0"
"USC00392927","1905-06","45.03239","-99.12253","481.0","FAULKTON, SD US","19.8","0","19.2",",0","16",",0","9",",0","1",",0","0",",0","0",",0","0",",0","0",",0","0",",0","19",",0","1",",0","","","19050622",",,0","19050630","+,,0","19050630","+,,0","7","","19050627",",,0","19050603",",,0","3.9",",0,22,","0",",,0,30,+","0",",,0,30,+","41.4",",,0,27,","33.3",",0,03,","4540.2","0","70.6",",0","114.2",",,,0","0",",,,0","16.62",",0","22.79",",,,0","10.44",",,,0"
"USC00392927","1905-07","45.03239","-99.12253","481.0","FAULKTON, SD US","67.9","0","48.1",",0","8",",0","7",",0","1",",0","0",",0","0",",0","0",",0","0",",0","0",",0","29",",0","3",",0","","","19050724",",,0","19050731","+,,0","19050731","+,,0","4","","19050703",",,0","19050715",",,0","6.7",",0,24,","0",",,0,31,+","0",",,0,31,+","41.9",",,0,03,","34.4",",0,15,","17.7","0","17.7",",0","89.7",",,,0","0",",,,0","19.31",",0","25.93",",,,0","12.69",",,,0"
"USC00392927","1905-08","45.03239","-99.12253","481.0","FAULKTON, SD US","151.2","0","83.3","1,0","9","1,0","6","1,0","0","1,0","0",",0","0",",0","0","1,0","0","1,0","0","1,0","30","1,0","6","1,0","","","19050821","+,1,0","19050831","+,,0","19050831","+,,0","6","","19050823",",1,0","19050809",",1,0","8.9","1,0,21,+","0",",,0,31,+","0",",,0,31,+","23.1","1,,0,23,","34.4","1,0,09,","23.2","0","5.5","1,0","79.5","1,,,0","0",",,,0","20.93","1,0","27.81","1,,,0","14.04","1,,,0"
"USC00392927","1905-09","45.03239","-99.12253","481.0","FAULKTON, SD US","176.6","0","25.4",",0","7",",0","2",",0","0",",0","0",",0","0",",0","0",",0","0",",0","0",",0","26",",0","3",",0","","","19050904",",,0","19050930","+,,0","19050930","+,,0","1","","19050930",",,0","19050928",",,0","0.6",",0,04,","0",",,0,30,+","0",",,0,30,+","4.6",",,0,30,","32.8",",0,28,","88.9","0","65.7",",0","13.3",",,,0","0",",,,0","16.99",",0","25.14",",,,0","8.84",",,,0"
"USC00392927","1905-10","45.03239","-99.12253","481.0","FAULKTON, SD US","179.4","0","2.8",",0","9",",0","6",",0","0",",0","","","4",",0","0",",0","17",",0","0",",0","8",",0","0",",0","","","19051030","+,,0","","","19051016",",,0","","","19051016",",,0","19051006",",,0","-10.0",",0,30,+","","","152",",,0,16,","15.2",",,0,16,","31.7",",0,06,","488.3","0","399.4",",0","42.9",",,,0","356",",,,0","5.54",",0","12.16",",,,0","-1.08",",,,0"
"USC00392927","1905-11","45.03239","-99.12253","481.0","FAULKTON, SD US","179.4","0","0.0",",0","3",",0","3",",0","0",",0","4","2,0","2",",0","2",",0","26",",0","5",",0","0",",0","0",",0","","","19051130",",,0","19051130","+,2,0","19051127",",,0","","","19051127",",,0","19051116",",,0","-31.1",",0,30,","229","2,,0,30,+","229",",,0,27,","21.6",",,0,27,","19.4",",0,16,","983.1","0","494.8",",0","31.2",",,,0","280",",,,0","1.84",",0","8.36",",,,0","-4.68",",,,0"
"USC00392927","1905-12","45.03239","-99.12253","481.0","FAULKTON, SD US","179.4","0","0.0",",0","1",",0","0",",0","0",",0","","","0","1,0","5",",0","31",",0","22",",0","0",",0","0",",0","1","","19051203",",,0","","","19051223",",1,0","","","19051223",",,0","19051211",",,0","-26.1",",0,03,","","","13","1,,0,23,","1.3",",,0,23,","4.4",",0,11,","1793.7","0","810.6",",0","1.3",",,,0","13","1,,,0","-7.82",",0","-2.66",",,,0","-12.97",",,,0"
"USC00392927","1906-01","45.03239","-99.12253","481.0","FAULKTON, SD US","0.0","0","0.0",",0","4",",0","1",",0","0",",0","","","4","1,0","9",",0","31",",0","20",",0","0",",0","0",",0","1","","19060122",",,0","","","19060120",",1,0","","","19060120",",,0","19060131","+,,0","-28.3",",0,22,","","","51","1,,0,20,","3.8",",,0,20,","4.4",",0,31,+","2609.4","0","815.7",",0","6.9",",,,0","126","1,,,0","-7.98",",0","-2.12",",,,0","-13.84",",,,0"
"USC00392927","1906-02","45.03239","-99.12253","481.0","FAULKTON, SD US","0.0","0","0.0","1,0","3",",0","1",",0","0",",0","","","2",",0","9",",0","28",",0","14","1,0","0","1,0","0","1,0","","","19060214",",,0","","","19060222",",,0","","","19060222",",,0","19060223",",1,0","-35.6",",0,14,","","","38",",,0,22,","3.0",",,0,22,","11.7","1,0,23,","3317.1","0","707.7","1,0","4.8",",,,0","76",",,,0","-8.26","1,0","-1.64","1,,,0","-14.89",",,,0"
"USC00392927","1906-03","45.03239","-99.12253","481.0","FAULKTON, SD US","0.0","0","0.0",",0","5",",0","4",",0","0",",0","","","4",",0","7",",0","31",",0","18",",0","0",",0","0",",0","","","19060314",",,0","","","19060313","+,,0","1","","19060313",",,0","19060329",",,0","-29.4",",0,14,","","","102",",,0,13,+","8.9",",,0,13,","15.0",",0,29,","4072.6","0","755.5",",0","24.4",",,,0","280",",,,0","-6.04",",0","-0.61",",,,0","-11.47",",,,0"
"USC00392927","1906-04","45.03239","-99.12253","481.0","FAULKTON, SD US","1.1","0","1.1",",0","6",",0","4",",0","2",",0","0",",0","0",",0","0",",0","11",",0","0",",0","9",",0","0",",0","","","19060404",",,0","19060430","+,,0","19060430","+,,0","","","19060413",",,0","19060424",",,0","-7.8",",0,04,","0",",,0,30,+","0",",,0,30,+","33.0",",,0,13,","31.7",",0,24,","4321.0","0","248.4",",0","77.0",",,,0","0",",,,0","10.09",",0","17.68",",,,0","2.50",",,,0"
"USC00392927","1906-05","45.03239","-99.12253","481.0","FAULKTON, SD US","11.0","0","9.9",",0","14",",0","11",",0","3",",0","0",",0","0",",0","0",",0","4",",0","0",",0","14",",0","1",",0","","","19060508",",,0","19060531","+,,0","19060505",",,0","9","","19060526",",,0","19060511",",,0","-2.8",",0,08,","0",",,0,31,+","0",",T,0,05,","37.6",",,0,26,","33.3",",0,11,","4496.8","0","175.8",",0","173.0",",,,0","0",",T,,0","12.98",",0","19.52",",,,0","6.44",",,,0"
"USC00392927","1906-06","45.03239","-99.12253","481.0","FAULKTON, SD US","39.8","0","28.8",",0","7",",0","4",",0","0",",0","0",",0","0",",0","0",",0","0",",0","0",",0","24",",0","1",",0","","","19060624","+,,0","19060630","+,,0","19060630","+,,0","1","","19060604",",,0","19060628",",,0","5.0",",0,24,+","0",",,0,30,+","0",",,0,30,+","13.2",",,0,04,","32.2",",0,28,","4549.6","0","52.8",",0","41.7",",,,0","0",",,,0","17.53",",0","23.81",",,,0","11.25",",,,0"
"USC00392927","1906-07","45.03239","-99.12253","481.0","FAULKTON, SD US","131.3","0","91.5","1,0","10",",0","4",",0","0",",0","0",",0","0",",0","0",",0","0",",0","0","1,0","28","1,0","8","1,0","","","19060717",",,0","19060731","+,,0","19060731","+,,0","1","","19060714",",,0","19060721",",1,0","7.8",",0,17,","0",",,0,31,+","0",",,0,31,+","18.0",",,0,14,","38.3","1,0,21,","12.0","0","12.0","1,0","35.6",",,,0","0",",,,0","20.95","1,0","29.03","1,,,0","12.88",",,,0"
"USC00392927","1906-08","45.03239","-99.12253","481.0","FAULKTON, SD US","195.7","0","64.4",",0","10",",0","8",",0","2",",0","0",",0","0",",0","0",",0","0",",0","0",",0","26",",0","4",",0","","","19060827",",,0","19060831","+,,0","19060831","+,,0","","","19060806",",,0","19060819",",,0","6.1",",0,27,","0",",,0,31,+","0",",,0,31,+","28.4",",,0,06,","35.0",",0,19,","36.1","0","24.1",",0","116.0",",,,0","0",",,,0","19.63",",0","25.63",",,,0","13.64",",,,0"
"USC00392927","1906-09","45.03239","-99.12253","481.0","FAULKTON, SD US","228.8","0","33.1",",0","10",",0","4",",0","1",",0","0",",0","0",",0","0",",0","0",",0","0",",0","18",",0","4",",0","","","19060930","+,,0","19060930","+,,0","19060930","+,,0","","","19060912",",,0","19060907","+,,0","1.1",",0,30,+","0",",,0,30,+","0",",,0,30,+","26.9",",,0,12,","33.9",",0,07,+","115.8","0","79.7",",0","55.3",",,,0","0",",,,0","16.78",",0","23.91",",,,0","9.65",",,,0"
"USC00392927","1906-10","45.03239","-99.12253","481.0","FAULKTON, SD US","229.3","0","0.5",",0","5",",0","4",",0","1",",0","0","1,0","1",",0","0",",0","15",",0","1",",0","8",",0","0",",0","","","19061010",",,0","19061031","+,1,0","19061019",",,0","","","19061019",",,0","19061003",",,0","-11.7",",0,10,","0","1,,0,31,+","165",",,0,19,","33.0",",,0,19,","29.4",",0,03,","444.2","0","328.4",",0","46.7",",,,0","165",",,,0","7.76",",0","14.82",",,,0","0.69",",,,0"
"USC00392927","1906-11","45.03239","-99.12253","481.0","FAULKTON, SD US","229.3","0","0.0",",0","5",",0","1",",0","0",",0","0",",0","0",",0","2",",0","28",",0","8",",0","0",",0","0",",0","","","19061121","+,,0","19061130","+,,0","19061113","+,,0","1","","19061126",",,0","19061105",",,0","-17.8",",0,21,+","0",",,0,30,+","0",",T,0,13,+","4.6",",,0,26,","15.6",",0,05,","1035.6","0","591.4",",0","11.7",",,,0","0",",T,,0","-1.38",",0","4.11",",,,0","-6.87",",,,0"
"USC00392927","1906-12","45.03239","-99.12253","481.0","FAULKTON, SD US","229.3","0","0.0",",0","4",",0","3",",0","0",",0","","","3",",0","11",",0","31",",0","21",",0","0",",0","0",",0","","","19061217",",,0","","","19061205",",,0","","","19061205",",,0","19061202",",,0","-27.2",",0,17,","","","76",",,0,05,","14.2",",,0,05,","12.2",",0,02,","1891.4","0","855.8",",0","20.5",",,,0","126",",,,0","-9.27",",0","-3.26",",,,0","-15.28",",,,0"
"USC00392927","1907-01","45.03239","-99.12253","481.0","FAULKTON, SD US","0.0","0","0.0",",0","5","1,0","3","1,0","0","1,0","","","3","1,0","26",",0","31",",0","29",",0","0",",0","0",",0","","","19070115",",,0","","","19070101",",1,0","","","19070101",",1,0","19070104",",,0","-31.7",",0,15,","","","229","1,,0,01,","22.9","1,,0,01,","2.8",",0,04,","2981.9","0","1090.5",",0","35.6","1,,,0","356","1,,,0","-16.85",",0","-11.27",",,,0","-22.42",",,,0"
"USC00392927","1907-02","45.03239","-99.12253","481.0","FAULKTON, SD US","0.0","0","0.0",",0","3",",0","2",",0","0",",0","1",",0","2",",0","8",",0","28",",0","12",",0","0",",0","0",",0","","","19070205",",,0","19070228",",,0","19070201",",,0","","","19070201",",,0","19070225",",,0","-32.8",",0,05,","51",",,0,28,","142",",,0,01,","14.2",",,0,01,","9.4",",0,25,","3728.5","0","746.6",",0","20.3",",,,0","203",",,,0","-8.33",",0","-3.37",",,,0","-13.29",",,,0"
"USC00392927","1907-03","45.03239","-99.12253","481.0","FAULKTON, SD US","0.0","0","0.0","2,0","3","1,0","3","1,0","0","1,0","","","3","1,0","2","1,0","26","1,0","7","2,0","2","2,0","0","2,0","","","19070301",",1,0","","","19070309",",1,0","","","19070309",",1,0","19070321",",2,0","-21.7","1,0,01,","","","127","1,,0,09,","12.7","1,,0,09,","26.7","2,0,21,","4242.2","0","513.7","2,0","19.3","1,,,0","177","1,,,0","0.63","2,0","7.64","2,,,0","-6.38","1,,,0"
"USC00392927","1907-04","45.03239","-99.12253","481.0","FAULKTON, SD US","0.0","0","0.0",",0","4",",0","2",",0","0",",0","0","3,0","1",",0","0",",0","29",",0","0",",0","1",",0","0",",0","","","19070420","+,,0","19070428","+,3,0","19070424",",,0","","","19070424",",,0","19070401",",,0","-11.7",",0,20,+","0","3,T,0,28,+","51",",,0,24,","14.5",",,0,24,","25.0",",0,01,","4706.4","0","464.2",",0","18.5",",,,0","61",",,,0","2.86",",0","10.19",",,,0","-4.47",",,,0"
"USC00392927","1907-05","45.03239","-99.12253","481.0","FAULKTON, SD US","0.0","0","0.0","2,0","10",",0","8",",0","1",",0","0","1,0","2",",0","0","2,0","18","2,0","0",",0","4",",0","0",",0","","","19070503",",2,0","19070531","+,1,0","19070507",",,0","1","","19070525",",,0","19070521",",,0","-7.8","2,0,03,","0","1,,0,31,+","140",",,0,07,","46.5",",,0,25,","26.7",",0,21,","4987.0","0","280.6",",0","108.6",",,,0","178",",,,0","8.53","2,0","16.05",",,,0","1.02","2,,,0"
"USC00392927","1907-06","45.03239","-99.12253","481.0","FAULKTON, SD US","30.9","0","30.9",",0","8",",0","5",",0","0",",0","0",",0","0",",0","0",",0","0",",0","0",",0","22",",0","0",",0","2","","19070605",",,0","19070630","+,,0","19070630","+,,0","2","","19070610",",,0","19070628",",,0","1.7",",0,05,","0",",,0,30,+","0",",,0,30,+","13.2",",,0,10,","31.1",",0,28,","5049.4","0","62.4",",0","38.1",",,,0","0",",,,0","17.28",",0","23.75",",,,0","10.82",",,,0"
"USC00392927","1907-07","45.03239","-99.12253","481.0","FAULKTON, SD US","101.0","0","70.1",",0","15",",0","7",",0","0",",0","0",",0","0",",0","0",",0","0",",0","0",",0","31",",0","2",",0","","","19070726",",,0","19070731","+,,0","19070731","+,,0","2","","19070705",",,0","19070704",",,0","8.3",",0,26,","0",",,0,31,+","0",",,0,31,+","19.6",",,0,05,","35.0",",0,04,","5.6","0","5.6",",0","67.0",",,,0","0",",,,0","20.41",",0","27.22",",,,0","13.61",",,,0"
"USC00392927","1907-08","45.03239","-99.12253","481.0","FAULKTON, SD US","186.9","0","85.9",",0","5","1,0","2","1,0","0","1,0","0",",0","0",",0","0",",0","0",",0","0",",0","31",",0","4",",0","","","19070820",",,0","19070831","+,,0","19070831","+,,0","3","","19070804",",1,0","19070810",",,0","1.1",",0,20,","0",",,0,31,+","0",",,0,31,+","15.5","1,,0,04,","37.2",",0,10,","26.7","0","21.1",",0","25.6","1,,,0","0",",,,0","20.42",",0","28.68",",,,0","12.17",",,,0"
"USC00392927","1907-09","45.03239","-99.12253","481.0","FAULKTON, SD US","193.6","0","6.7",",0","5",",0","4",",0","1",",0","0",",0","0",",0","0",",0","3",",0","0",",0","13",",0","0",",0","1","","19070930",",,0","19070930","+,,0","19070930","+,,0","2","","19070919",",,0","19070906",",,0","-7.2",",0,30,","0",",,0,30,+","0",",,0,30,+","25.4",",,0,19,","27.8",",0,06,","191.0","0","164.3",",0","42.2",",,,0","0",",,,0","13.08",",0","20.36",",,,0","5.80",",,,0"
"USC00392927","1907-10","45.03239","-99.12253","481.0","FAULKTON, SD US","193.6","0","0.0","1,0","4",",0","2",",0","1",",0","0",",0","0",",0","0","1,0","13","1,0","0",",0","5",",0","0",",0","","","19071027","+,1,0","19071031","+,,0","19071031","+,,0","","","19071001",",,0","19071016","+,,0","-8.9","1,0,27,+","0",",,0,31,+","0",",,0,31,+","31.0",",,0,01,","26.7",",0,16,+","497.4","0","306.4",",0","43.2",",,,0","0",",,,0","8.22","1,0","16.56",",,,0","-0.11","1,,,0"
"USC00392927","1907-11","45.03239","-99.12253","481.0","FAULKTON, SD US","193.6","0","0.0",",0","0",",0","0",",0","0",",0","0",",0","0",",0","0",",0","27",",0","4",",0","0",",0","0",",0","","","19071114",",,0","19071130","+,,0","19071111","+,,0","","","19071111","+,,0","19071106",",,0","-15.6",",0,14,","0",",,0,30,+","0",",T,0,11,+","0.0",",T,0,11,+","16.1",",0,06,","1015.1","0","517.7",",0","0.0",",T,,0","0",",T,,0","1.08",",0","8.07",",,,0","-5.92",",,,0"
"USC00392927","1907-12","45.03239","-99.12253","481.0","FAULKTON, SD US","193.6","0","0.0",",0","1",",0","1",",0","0",",0","3",",0","1",",0","2",",0","31",",0","7",",0","0",",0","0",",0","2","","19071230",",,0","19071231","+,,0","19071229",",,0","","","19071229",",,0","19071226",",,0","-21.7",",0,30,","76",",,0,31,+","102",",,0,29,","6.4",",,0,29,","13.3",",0,26,","1696.5","0","681.4",",0","6.4",",,,0","102",",,,0","-3.65",",0","3.20",",,,0","-10.50",",,,0"
"USC00392927","1908-01","45.03239","-99.12253","481.0","FAULKTON, SD US","0.0","0","0.0",",0","1",",0","1",",0","0",",0","1",",0","1",",0","7",",0","31",",0","8",",0","0",",0","0",",0","","","19080129",",,0","19080131",",,0","19080131",",,0","","","19080131",",,0","19080119",",,0","-27.2",",0,29,","51",",,0,31,","51",",,0,31,","4.3",",,0,31,","13.3",",0,19,","2427.3","0","730.8",",0","4.3",",,,0","51",",,,0","-5.24",",0","1.84",",,,0","-12.32",",,,0"
"USC00392927","1908-02","45.03239","-99.12253","481.0","FAULKTON, SD US","0.0","0","0.0",",0","2","2,0","2","2,0","0","2,0","1","2,0","1",",0","5",",0","28",",0","18",",0","0",",0","0",",0","","","19080201",",,0","19080201",",2,0","19080218",",,0","","","19080211",",2,0","19080224",",,0","-28.3",",0,01,","51","2,,0,01,","102",",,0,18,","10.2","2,,0,11,","9.4",",0,24,","3154.3","0","727.0",",0","24.4",",a,,0","186",",a,,0","-6.73",",0","-1.51",",,,0","-11.96",",,,0"
"USC00392927","1908-03","45.03239","-99.12253","481.0","FAULKTON, SD US","0.0","0","0.0",",0","7",",0","5",",0","0",",0","","","5",",0","1",",0","29",",0","9",",0","0",",0","0",",0","","","19080308",",,0","","","19080306",",,0","","","19080306",",,0","19080330",",,0","-26.1",",0,08,","","","152",",,0,06,","12.7",",,0,06,","16.7",",0,30,","3770.1","0","615.8",",0","35.8",",,,0","445",",,,0","-1.53",",0","5.16",",,,0","-8.23",",,,0"
"USC00392927","1908-04","45.03239","-99.12253","481.0","FAULKTON, SD US","2.8","0","2.8",",0","7",",0","4",",0","1",",0","0",",0","1",",0","0",",0","17",",0","0",",0","10",",0","1",",0","","","19080401",",,0","19080427",",,0","19080407",",,0","1","","19080423",",,0","19080413",",,0","-15.6",",0,01,","0",",T,0,27,","51",",,0,07,","27.9",",,0,23,","32.2",",0,13,","4052.7","0","282.6",",0","53.1",",,,0","51",",,,0","9.01",",0","17.91",",,,0","0.11",",,,0"
"USC00392927","1908-05","45.03239","-99.12253","481.0","FAULKTON, SD US","4.7","0","1.9","1,0","7",",0","4",",0","1",",0","0",",0","0",",0","0","1,0","7","1,0","0",",0","15",",0","0",",0","","","19080502",",1,0","19080531","+,,0","19080531","+,,0","1","","19080514",",,0","19080519",",,0","-7.8","1,0,02,","0",",,0,31,+","0",",,0,31,+","75.4",",,0,14,","28.9",",0,19,","4239.4","0","186.7",",0","100.6",",,,0","0",",,,0","12.21","1,0","19.46",",,,0","4.96","1,,,0"
"USC00392927","1908-06","45.03239","-99.12253","481.0","FAULKTON, SD US","28.1","0","23.4",",0","12",",0","6",",0","0",",0","0",",0","0",",0","0",",0","0",",0","0",",0","23",",0","0",",0","","","19080614","+,,0","19080630","+,,0","19080630","+,,0","2","","19080602",",,0","19080621",",,0","3.9",",0,14,+","0",",,0,30,+","0",",,0,30,+","24.1",",,0,02,","31.7",",0,21,","4300.3","0","60.9",",0","91.1",",,,0","0",",,,0","17.08",",0","23.39",",,,0","10.77",",,,0"
"USC00392927","1908-07","45.03239","-99.12253","481.0","FAULKTON, SD US","138.6","0","110.5",",0","6",",0","5",",0","2",",0","0",",0","0",",0","0",",0","0",",0","0",",0","29",",0","5",",0","","","19080702",",,0","19080731","+,,0","19080731","+,,0","4","","19080725",",,0","19080710",",,0","6.7",",0,02,","0",",,0,31,+","0",",,0,31,+","42.7",",,0,25,","36.7",",0,10,","10.0","0","10.0",",0","124.8",",,,0","0",",,,0","21.57",",0","28.98",",,,0","14.17",",,,0"
"USC00392927","1908-08","45.03239","-99.12253","481.0","FAULKTON, SD US","199.4","0","60.8",",0","5",",0","4",",0","1",",0","0",",0","0",",0","0",",0","0",",0","0",",0","26",",0","4",",0","","","19080828",",,0","19080831","+,,0","19080831","+,,0","","","19080814",",,0","19080802",",,0","4.4",",0,28,","0",",,0,31,+","0",",,0,31,+","49.0",",,0,14,","36.1",",0,02,","45.6","0","35.6",",0","63.2",",,,0","0",",,,0","19.15",",0","26.18",",,,0","12.11",",,,0"
"USC00392927","1908-09","45.03239","-99.12253","481.0","FAULKTON, SD US","267.5","0","68.1",",0","2",",0","1",",0","0",",0","0",",0","0",",0","0",",0","3",",0","0",",0","26",",0","9",",0","1","","19080929",",,0","19080930","+,,0","19080930","+,,0","","","19080925",",,0","19080907",",,0","-3.9",",0,29,","0",",,0,30,+","0",",,0,30,+","13.7",",,0,25,","33.9",",0,07,","114.8","0","69.2",",0","15.5",",,,0","0",",,,0","18.30",",0","27.32",",,,0","9.27",",,,0"
"USC00392927","1908-10","45.03239","-99.12253","481.0","FAULKTON, SD US","268.9","0","1.4","1,0","6",",0","5",",0","0",",0","0",",0","1",",0","0","1,0","12","1,0","0",",0","7",",0","0",",0","1","","19081011",",1,0","19081031","+,,0","19081030",",,0","","","19081019",",,0","19081014",",,0","-11.7","1,0,11,","0",",,0,31,+","51",",,0,30,","22.9",",,0,19,","29.4",",0,14,","402.7","0","287.9",",0","48.7",",,,0","51",",,,0","8.61","1,0","14.38",",,,0","2.83","1,,,0"
"USC00392927","1908-11","45.03239","-99.12253","481.0","FAULKTON, SD US","268.9","0","0.0",",0","4",",0","3",",0","0",",0","1",",0","2",",0","0",",0","23",",0","6",",0","1",",0","0",",0","","","19081130",",,0","19081130",",,0","19081124",",,0","","","19081130",",,0","19081118",",,0","-17.2",",0,30,","76",",,0,30,","89",",,0,24,","17.5",",,0,30,","22.8",",0,18,","914.1","0","511.4",",0","37.8",",,,0","165",",,,0","1.29",",0","7.49",",,,0","-4.92",",,,0"
"USC00392927","1908-12","45.03239","-99.12253","481.0","FAULKTON, SD US","268.9","0","0.0",",0","3",",0","2",",0","0",",0","","","2",",0","6",",0","30",",0","21",",0","0",",0","0",",0","2","","19081207",",,0","","","19081216",",,0","","","19081217",",,0","19081214",",,0","-26.1",",0,07,","","","89",",,0,16,","8.4",",,0,17,","6.1",",0,14,","1705.8","0","791.7",",0","14.8",",,,0","140",",,,0","-7.20",",0","-2.45",",,,0","-11.95",",,,0"
"USC00392927","1909-01","45.03239","-99.12253","481.0","FAULKTON, SD US","0.0","0","0.0",",0","2","3,0","1","3,0","0","3,0","0",",0","1",",0","18",",0","31",",0","21",",0","0",",0","0",",0","2","","19090106",",,0","19090131","+,,0","19090115",",,0","","","19090115",",3,0","19090120",",,0","-32.8",",0,06,","0",",,0,31,+","51",",,0,15,","3.8","3,,0,15,","5.6",",0,20,","2654.2","0","948.4",",0","9.7",",a,,0","102",",a,,0","-12.26",",0","-6.85",",,,0","-17.67",",,,0"
"USC00392927","1909-02","45.03239","-99.12253","481.0","FAULKTON, SD US","0.0","0","0.0",",0","1","2,0","0","2,0","0","2,0","","","1","1,0","11",",0","28",",0","16",",0","0",",0","0",",0","5","","19090215",",,0","","","19090209",",1,0","","","19090213",",2,0","19090203",",,0","-29.4",",0,15,","","","142","1,,0,09,","1.0","2,,0,13,","6.7",",0,03,","3423.0","0","768.8",",0","15.2",",a,,0","152","1,,,0","-9.12",",0","-3.77",",,,0","-14.48",",,,0"
"USC00392927","1909-03","45.03239","-99.12253","481.0","FAULKTON, SD US","0.0","0","0.0",",0","1",",0","1",",0","0",",0","3",",0","1",",0","0",",0","31",",0","7",",0","0",",0","0",",0","2","","19090317",",,0","19090317","+,,0","19090315",",,0","","","19090315",",,0","19090325",",,0","-15.0",",0,17,","25",",,0,17,+","36",",,0,15,","3.6",",,0,15,","15.0",",0,25,","4039.9","0","616.9",",0","3.6",",,,0","36",",,,0","-1.57",",0","3.58",",,,0","-6.71",",,,0"
"USC00392927","1909-04","45.03239","-99.12253","481.0","FAULKTON, SD US","0.0","0","0.0",",0","6",",0","4",",0","0",",0","0",",0","1",",0","0",",0","23",",0","0",",0","2",",0","0",",0","","","19090413",",,0","19090430","+,,0","19090421",",,0","","","19090415",",,0","19090425","+,,0","-11.1",",0,13,","0",",,0,30,+","25",",,0,21,","4.8",",,0,15,","21.1",",0,25,+","4474.8","0","434.9",",0","16.0",",,,0","25",",,,0","3.84",",0","11.07",",,,0","-3.40",",,,0"
"USC00392927","1909-05","45.03239","-99.12253","481.0","FAULKTON, SD US","3.6","0","3.6","1,0","8","1,0","6","1,0","1","1,0","0","2,0","0","1,0","0","1,0","6","1,0","0","1,0","14","1,0","0","1,0","","","19090501",",1,0","19090531","+,2,0","19090531","+,1,0","3","","19090524",",1,0","19090529","+,1,0","-7.8","1,0,01,","0","2,,0,31,+","0","1,,0,31,+","25.4","1,,0,24,","28.9","1,0,29,+","4644.1","0","169.3","1,0","78.8","1,,,0","0","1,,,0","12.81","1,0","20.26","1,,,0","5.36","1,,,0"
"USC00392927","1909-06","45.03239","-99.12253","481.0","FAULKTON, SD US","60.0","0","56.4",",0","5",",0","4",",0","1",",0","0",",0","0",",0","0",",0","0",",0","0",",0","24",",0","3",",0","","","19090614",",,0","19090630","+,,0","19090630","+,,0","","","19090612",",,0","19090629","+,,0","4.4",",0,14,","0",",,0,30,+","0",",,0,30,+","27.9",",,0,12,","32.8",",0,29,+","4678.9","0","34.8",",0","51.5",",,,0","0",",,,0","19.05",",0","25.07",",,,0","13.04",",,,0"
"USC00392927","1909-07","45.03239","-99.12253","481.0","FAULKTON, SD US","149.6","0","89.6","2,0","11",",0","9",",0","2",",0","0",",0","0",",0","0","2,0","0","2,0","0",",0","27",",0","4",",0","1","","19090730","+,2,0","19090731","+,,0","19090731","+,,0","4","","19090704",",,0","19090719",",,0","12.2","2,0,30,+","0",",,0,31,+","0",",,0,31,+","71.1",",,0,04,","35.6",",0,19,","5.1","0","5.1",",0","157.2",",,,0","0",",,,0","20.93","2,0","26.47",",,,0","15.38","2,,,0"
"USC00392927","1909-08","45.03239","-99.12253","481.0","FAULKTON, SD US","306.7","0","157.1",",0","6",",0","5",",0","1",",0","0",",0","0",",0","0",",0","0",",0","0",",0","31",",0","12",",0","3","","19090831","+,,0","19090831","+,,0","19090831","+,,0","1","","19090807",",,0","19090823",",,0","6.1",",0,31,+","0",",,0,31,+","0",",,0,31,+","31.5",",,0,07,","35.0",",0,23,","15.3","0","10.2",",0","87.9",",,,0","0",",,,0","23.07",",0","29.83",",,,0","16.31",",,,0"
"USC00392927","1909-09","45.03239","-99.12253","481.0","FAULKTON, SD US","318.5","0","11.8","1,0","3",",0","3",",0","0",",0","0",",0","0",",0","0","1,0","0","1,0","0",",0","22",",0","0",",0","3","","19090923",",1,0","19090930","+,,0","19090930","+,,0","","","19090902",",,0","19090920","+,,0","2.8","1,0,23,","0",",,0,30,+","0",",,0,30,+","18.3",",,0,02,","30.6",",0,20,+","94.2","0","78.9",",0","38.3",",,,0","0",",,,0","15.94","1,0","23.40",",,,0","8.49","1,,,0"
"USC00392927","1909-10","45.03239","-99.12253","481.0","FAULKTON, SD US","321.6","0","3.1",",0","3",",0","3",",0","0",",0","0",",0","0",",0","0",",0","15",",0","1",",0","8",",0","0",",0","2","","19091013",",,0","19091031","+,,0","19091011",",,0","2","","19091022",",,0","19091006",",,0","-12.8",",0,13,","0",",,0,31,+","0",",T,0,11,","6.4",",,0,22,","31.7",",0,06,","424.3","0","330.1",",0","15.0",",,,0","0",",T,,0","7.79",",0","15.27",",,,0","0.30",",,,0"
"USC00392927","1909-11","45.03239","-99.12253","481.0","FAULKTON, SD US","321.6","0","0.0",",0","4","2,0","2","2,0","0","2,0","","","2",",0","1",",0","25",",0","10",",0","2",",0","0",",0","2","","19091115",",,0","","","19091120","+,,0","","","19091120",",2,0","19091106",",,0","-17.8",",0,15,","","","25",",,0,20,+","7.4","2,,0,20,","23.9",",0,06,","979.1","0","554.8",",0","33.8",",a,,0","266",",a,,0","-0.16",",0","5.99",",,,0","-6.31",",,,0"
"USC00392927","1909-12","45.03239","-99.12253","481.0","FAULKTON, SD US","321.6","0","0.0","1,0","5",",0","5",",0","0",",0","","","4",",0","16",",0","31",",0","26","1,0","0","1,0","0","1,0","","","19091229",",,0","","","19091211",",,0","","","19091203",",,0","19091230",",1,0","-30.0",",0,29,","","","229",",,0,11,","14.0",",,0,03,","4.4","1,0,30,","1919.3","0","940.2","1,0","37.1",",,,0","470",",,,0","-13.14","1,0","-8.98","1,,,0","-17.29",",,,0"
"USC00392927","1910-01","45.03239","-99.12253","481.0","FAULKTON, SD US","0.0","0","0.0",",0","2",",0","1",",0","0",",0","","","0",",0","16",",0","31",",0","25",",0","0",",0","0",",0","4","","19100104",",,0","","","19100102",",,0","","","19100104",",,0","19100122",",,0","-28.3",",0,04,","","","20",",,0,02,","4.1",",,0,04,","3.3",",0,22,","2844.1","0","924.8",",0","5.4",",,,0","33",",,,0","-11.50",",0","-6.23",",,,0","-16.77",",,,0"
"USC00392927","1910-02","45.03239","-99.12253","481.0","FAULKTON, SD US","0.0","0","0.0",",0","2",",0","1",",0","0",",0","","","1",",0","14",",0","28",",0","26",",0","0",",0","0",",0","","","19100220","+,,0","","","19100215",",,0","","","19100215",",,0","19100228",",,0","-31.1",",0,20,+","","","109",",,0,15,","10.9",",,0,15,","5.0",",0,28,","3746.8","0","902.7",",0","12.2",",,,0","122",",,,0","-13.91",",0","-8.31",",,,0","-19.50",",,,0"
"USC00392927","1910-03","45.03239","-99.12253","481.0","FAULKTON, SD US","0.0","0","0.0",",0","2",",0","2",",0","0",",0","0",",0","0",",0","0",",0","17",",0","0",",0","9",",0","0",",0","","","19100314","+,,0","19100331","+,,0","19100310",",,0","2","","19100330",",,0","19100323","+,,0","-7.2",",0,14,+","0",",,0,31,+","0",",T,0,10,","22.9",",,0,30,","29.4",",0,23,+","4083.2","0","336.4",",0","38.1",",,,0","0",",T,,0","7.48",",0","15.38",",,,0","-0.42",",,,0"
"USC00392927","1910-04","45.03239","-99.12253","481.0","FAULKTON, SD US","9.4","0","9.4",",0","3",",0","2",",0","1",",0","0",",0","1",",0","0",",0","13",",0","2",",0","14",",0","0",",0","","","19100423",",,0","19100430","+,,0","19100417",",,0","","","19100415",",,0","19100427",",,0","-7.2",",0,23,","0",",,0,30,+","76",",,0,17,","40.1",",,0,15,","31.1",",0,27,","4331.2","0","248.0",",0","46.0",",,,0","76",",,,0","10.38",",0","19.21",",,,0","1.54",",,,0"
"USC00392927","1910-05","45.03239","-99.12253","481.0","FAULKTON, SD US","9.7","0","0.3",",0","4",",0","3",",0","0",",0","0",",0","0",",0","0",",0","5",",0","0",",0","12",",0","0",",0","","","19100504",",,0","19100531","+,,0","19100531","+,,0","2","","19100505",",,0","19100518",",,0","-4.4",",0,04,","0",",,0,31,+","0",",,0,31,+","12.2",",,0,05,","28.3",",0,18,","4547.6","0","216.4",",0","21.1",",,,0","0",",,,0","11.36",",0","19.01",",,,0","3.71",",,,0"
"USC00392927","1910-06","45.03239","-99.12253","481.0","FAULKTON, SD US","104.1","0","94.4",",0","7",",0","6",",0","1",",0","0",",0","0",",0","0",",0","0",",0","0",",0","21",",0","9",",0","","","19100606",",,0","19100630","+,,0","19100630","+,,0","2","","19100625",",,0","19100621",",,0","1.7",",0,06,","0",",,0,30,+","0",",,0,30,+","27.2",",,0,25,","37.2",",0,21,","4609.3","0","61.7",",0","61.5",",,,0","0",",,,0","19.43",",0","27.08",",,,0","11.77",",,,0"
"USC00392927","1910-07","45.03239","-99.12253","481.0","FAULKTON, SD US","245.1","0","141.0",",0","7",",0","2",",0","0",",0","0",",0","0",",0","0",",0","0",",0","0",",0","31",",0","13",",0","","","19100712",",,0","19100731","+,,0","19100731","+,,0","","","19100711",",,0","19100715",",,0","7.2",",0,12,","0",",,0,31,+","0",",,0,31,+","3.6",",,0,11,","38.3",",0,15,","1.7","0","1.7",",0","16.2",",,,0","0",",,,0","22.83",",0","31.33",",,,0","14.33",",,,0"
"USC00392927","1910-08","45.03239","-99.12253","481.0","FAULKTON, SD US","317.3","0","72.2",",0","8",",0","5",",0","1",",0","0",",0","0",",0","0",",0","0",",0","0",",0","29",",0","4",",0","","","19100825",",,0","19100831","+,,0","19100831","+,,0","4","","19100812",",,0","19100820","+,,0","6.7",",0,25,","0",",,0,31,+","0",",,0,31,+","45.2",",,0,12,","35.6",",0,20,+","20.6","0","18.9",",0","72.1",",,,0","0",",,,0","20.05",",0","27.38",",,,0","12.72",",,,0"
"USC00392927","1910-09","45.03239","-99.12253","481.0","FAULKTON, SD US","332.5","0","15.2",",0","6","1,0","2","1,0","0","1,0","0","1,0","0","1,0","0",",0","2",",0","0",",0","19",",0","1",",0","1","","19100912",",,0","19100930","+,1,0","19100930","+,1,0","2","","19100922",",1,0","19100906",",,0","-1.7",",0,12,","0","1,,0,30,+","0","1,,0,30,+","13.0","1,,0,22,","33.9",",0,06,","119.7","0","99.1",",0","25.5","1,,,0","0","1,,,0","15.54",",0","23.06",",,,0","8.01",",,,0"
"USC00392927","1910-10","45.03239","-99.12253","481.0","FAULKTON, SD US","344.4","0","11.9",",0","2",",0","1",",0","0",",0","0",",0","0",",0","0",",0","8",",0","0",",0","17",",0","0",",0","","","19101028",",,0","19101031","+,,0","19101027",",,0","","","19101019",",,0","19101016",",,0","-10.6",",0,28,","0",",,0,31,+","0",",T,0,27,","6.1",",,0,19,","31.7",",0,16,","332.3","0","212.6",",0","6.6",",,,0","0",",T,,0","11.86",",0","20.77",",,,0","2.95",",,,0"
"USC00392927","1910-11","45.03239","-99.12253","481.0","FAULKTON, SD US","344.4","0","0.0",",0","2",",0","1",",0","0",",0","0",",0","0",",0","0",",0","30",",0","9",",0","0",",0","0",",0","","","19101130",",,0","19101115",",,0","19101113",",,0","","","19101101",",,0","19101108",",,0","-15.6",",0,30,","0",",T,0,15,","13",",,0,13,","3.6",",,0,01,","14.4",",0,08,","936.7","0","604.4",",0","4.1",",,,0","13",",,,0","-1.82",",0","4.12",",,,0","-7.75",",,,0"
"USC00392927","1910-12","45.03239","-99.12253","481.0","FAULKTON, SD US","344.4","0","0.0",",0","2",",0","1",",0","0",",0","0","2,0","2","1,0","10",",0","31",",0","19",",0","0",",0","0",",0","","","19101206",",,0","19101231","+,2,0","19101222",",1,0","","","19101222",",,0","19101214",",,0","-26.7",",0,06,","0","2,,0,31,+","64","1,,0,22,","7.9",",,0,22,","7.2",",0,14,","1740.6","0","803.9",",0","9.7",",,,0","115","1,,,0","-7.60",",0","-1.62",",,,0","-13.58",",,,0"
"USC00392927","1911-01","45.03239","-99.12253","481.0","FAULKTON, SD US","0.0","0","0.0",",0","2",",0","1",",0","0",",0","","","2",",0","17",",0","31",",0","23",",0","0",",0","0",",0","1","","19110102",",,0","","","19110105",",,0","","","19110105",",,0","19110128","+,,0","-30.6",",0,02,","","","64",",,0,05,","3.8",",,0,05,","5.0",",0,28,+","2705.5","0","964.9",",0","4.3",",,,0","89",",,,0","-12.79",",0","-6.27",",,,0","-19.31",",,,0"
"USC00392927","1911-02","45.03239","-99.12253","481.0","FAULKTON, SD US","0.0","0","0.0",",0","2",",0","1",",0","0",",0","1",",0","1",",0","10",",0","28",",0","17",",0","0",",0","0",",0","","","19110221","+,,0","19110215",",,0","19110205",",,0","","","19110205",",,0","19110224",",,0","-22.8",",0,21,+","25",",,0,15,","102",",,0,05,","8.1",",,0,05,","5.6",",0,24,","3466.4","0","760.9",",0","9.6",",,,0","115",",,,0","-8.84",",0","-2.35",",,,0","-15.34",",,,0"
"USC00392927","1911-03","45.03239","-99.12253","481.0","FAULKTON, SD US","0.0","0","0.0","1,0","3",",0","2",",0","0",",0","0",",0","0",",0","0","1,0","26","1,0","1",",0","4",",0","0",",0","","","19110315",",1,0","19110331",",,0","19110331","+,,0","","","19110326",",,0","19110320",",,0","-16.1","1,0,15,","0",",T,0,31,","13",",,0,31,+","11.9",",,0,26,","24.4",",0,20,","3928.1","0","461.7",",0","16.0",",,,0","26",",,,0","3.11","1,0","11.70",",,,0","-5.48","1,,,0"
"USC00392927","1911-04","45.03239","-99.12253","481.0","FAULKTON, SD US","2.8","0","2.8",",0","3",",0","3",",0","0",",0","0",",0","0",",0","0",",0","18",",0","3",",0","8",",0","0",",0","","","19110406",",,0","19110405",",,0","19110413","+,,0","1","","19110412",",,0","19110427",",,0","-9.4",",0,06,","0",",T,0,05,","0",",T,0,13,+","21.1",",,0,12,","28.3",",0,27,","4257.5","0","329.4",",0","39.3",",,,0","0",",T,,0","7.45",",0","14.83",",,,0","0.06",",,,0"
"USC00392927","1911-05","45.03239","-99.12253","481.0","FAULKTON, SD US","49.1","0","46.3",",0","7",",0","4",",0","1",",0","0",",0","0",",0","0",",0","4",",0","0",",0","21",",0","5",",0","","","19110501",",,0","19110531","+,,0","19110531","+,,0","4","","19110530",",,0","19110517",",,0","-5.0",",0,01,","0",",,0,31,+","0",",,0,31,+","28.2",",,0,30,","34.4",",0,17,","4356.7","0","99.2",",0","61.2",",,,0","0",",,,0","16.62",",0","24.28",",,,0","8.97",",,,0"
"USC00392927","1911-06","45.03239","-99.12253","481.0","FAULKTON, SD US","203.9","0","154.8",",0","7",",0","3",",0","0",",0","0",",0","0",",0","0",",0","0",",0","0",",0","30",",0","10",",0","","","19110606",",,0","19110630","+,,0","19110630","+,,0","3","","19110603",",,0","19110622",",,0","7.2",",0,06,","0",",,0,30,+","0",",,0,30,+","18.8",",,0,03,","40.0",",0,22,","4358.6","0","1.9",",0","44.7",",,,0","0",",,,0","23.43",",0","30.51",",,,0","16.34",",,,0"
"USC00392927","1911-07","45.03239","-99.12253","481.0","FAULKTON, SD US","329.4","0","125.5",",0","9",",0","6",",0","0",",0","0",",0","0",",0","0",",0","0",",0","0",",0","30",",0","11",",0","","","19110721",",,0","19110731","+,,0","19110731","+,,0","2","","19110722",",,0","19110730",",,0","7.8",",0,21,","0",",,0,31,+","0",",,0,31,+","9.7",",,0,22,","39.4",",0,30,","3.0","0","3.0",",0","29.0",",,,0","0",",,,0","22.29",",0","29.89",",,,0","14.68",",,,0"
"USC00392927","1911-08","45.03239","-99.12253","481.0","FAULKTON, SD US","403.6","0","74.2",",0","8",",0","6",",0","1",",0","0",",0","0",",0","0",",0","0",",0","0",",0","25",",0","4",",0","2","","19110828",",,0","19110831","+,,0","19110831","+,,0","","","19110803",",,0","19110815",",,0","1.7",",0,28,","0",",,0,31,+","0",",,0,31,+","36.6",",,0,03,","38.9",",0,15,","28.6","0","25.6",",0","92.2",",,,0","0",",,,0","19.90",",0","25.58",",,,0","14.23",",,,0"
"USC00392927","1911-09","45.03239","-99.12253","481.0","FAULKTON, SD US","423.3","0","19.7",",0","8",",0","3",",0","1",",0","0",",0","0",",0","0",",0","1",",0","0",",0","19",",0","1",",0","1","","19110924",",,0","19110930","+,,0","19110930","+,,0","1","","19110906",",,0","19110901",",,0","0.0",",0,24,","0",",,0,30,+","0",",,0,30,+","35.1",",,0,06,","34.4",",0,01,","127.7","0","99.1",",0","60.3",",,,0","0",",,,0","15.69",",0","21.95",",,,0","9.42",",,,0"
"USC00392927","1911-10","45.03239","-99.12253","481.0","FAULKTON, SD US","423.3","0","0.0",",0","8",",0","1",",0","0",",0","0",",0","0",",0","0",",0","12",",0","0",",0","1",",0","0",",0","5","","19111030",",,0","19111031",",,0","19111031","+,,0","","","19111005",",,0","19111008",",,0","-9.4",",0,30,","0",",T,0,31,","0",",,0,31,+","23.4",",,0,05,","21.7",",0,08,","489.0","0","361.3",",0","33.9",",,,0","0",",,,0","6.68",",0","11.66",",,,0","1.69",",,,0"
"USC00392927","1911-11","45.03239","-99.12253","481.0","FAULKTON, SD US","423.3","0","0.0",",0","3",",0","2",",0","0",",0","","","2",",0","6",",0","29",",0","14",",0","0",",0","0",",0","","","19111112",",,0","","","19111116",",,0","","","19111116",",,0","19111104",",,0","-22.8",",0,12,","","","76",",,0,16,","7.1",",,0,16,","13.9",",0,04,","1220.8","0","731.8",",0","10.1",",,,0","101",",,,0","-6.06",",0","-0.36",",,,0","-11.76",",,,0"
"USC00392927","1911-12","45.03239","-99.12253","481.0","FAULKTON, SD US","423.3","0","0.0",",0","5",",0","3",",0","0",",0","12","5,0","2",",0","7",",0","31",",0","17",",0","0",",0","0",",0","","","19111230",",,0","19111231",",5,0","19111221",",,0","","","19111221",",,0","19111209","+,,0","-27.2",",0,30,","178","5,,0,31,","127",",,0,21,","9.1",",,0,21,","7.8",",0,09,+","2008.3","0","787.5",",0","18.8",",,,0","165",",,,0","-7.07",",0","-2.57",",,,0","-11.56",",,,0"
"USC00392927","1912-01","45.03239","-99.12253","481.0","FAULKTON, SD US","0.0","0","0.0","1,0","2",",0","1",",0","0",",0","","","1",",0","20","1,0","30","1,0","28",",0","0",",0","0",",0","","","19120112",",1,0","","","19120110",",,0","","","19120110",",,0","19120122",",,0","-40.6","1,0,12,","","","25",",,0,10,","4.3",",,0,10,","2.2",",0,22,","3083.5","0","1075.2",",0","6.3",",,,0","25",",,,0","-17.39","1,0","-11.65",",,,0","-23.13","1,,,0"
"USC00392927","1912-02","45.03239","-99.12253","481.0","FAULKTON, SD US","0.0","0","0.0",",0","1",",0","1",",0","0",",0","","","1",",0","9",",0","29",",0","21",",0","0",",0","0",",0","","","19120203",",,0","","","19120202",",,0","","","19120202",",,0","19120217",",,0","-29.4",",0,03,","","","51",",,0,02,","2.8",",,0,02,","5.6",",0,17,","3867.0","0","783.5",",0","2.8",",,,0","51",",,,0","-8.68",",0","-3.72",",,,0","-13.64",",,,0"
"USC00392927","1912-03","45.03239","-99.12253","481.0","FAULKTON, SD US","0.0","0","0.0",",0","3",",0","0",",0","0",",0","0",",0","1",",0","9",",0","31",",0","16",",0","0",",0","0",",0","","","19120301",",,0","19120331",",,0","19120302",",,0","","","19120330",",,0","19120328",",,0","-24.4",",0,01,","0",",T,0,31,","25",",,0,02,","1.8",",,0,30,","14.4",",0,28,","4616.8","0","749.8",",0","3.6",",,,0","38",",,,0","-5.85",",0","0.32",",,,0","-12.02",",,,0"
"USC00392927","1912-04","45.03239","-99.12253","481.0","FAULKTON, SD US","0.0","0","0.0","1,0","6",",0","4",",0","1",",0","0",",0","0",",0","0","1,0","15","1,0","0",",0","8",",0","0",",0","","","19120407",",1,0","19120430","+,,0","19120430","+,,0","3","","19120413",",,0","19120410","+,,0","-5.6","1,0,07,","0",",,0,30,+","0",",,0,30,+","36.8",",,0,13,","26.7",",0,10,+","4869.2","0","252.4",",0","69.6",",,,0","0",",,,0","9.70","1,0","17.25",",,,0","2.14","1,,,0"
"USC00392927","1912-05","45.03239","-99.12253","481.0","FAULKTON, SD US","17.3","0","17.3",",0","10",",0","5",",0","0",",0","0",",0","0",",0","0",",0","3",",0","0",",0","16",",0","0",",0","","","19120513",",,0","19120531","+,,0","19120531","+,,0","","","19120504",",,0","19120530",",,0","-2.8",",0,13,","0",",,0,31,+","0",",,0,31,+","19.8",",,0,04,","31.1",",0,30,","4992.5","0","123.3",",0","40.3",",,,0","0",",,,0","14.91",",0","21.76",",,,0","8.07",",,,0"
"USC00392927","1912-06","45.03239","-99.12253","481.0","FAULKTON, SD US","94.2","0","76.9",",0","3",",0","2",",0","0",",0","0",",0","0",",0","0",",0","0",",0","0",",0","21",",0","8",",0","","","19120604",",,0","19120630","+,,0","19120630","+,,0","1","","19120614",",,0","19120629","+,,0","3.3",",0,04,","0",",,0,30,+","0",",,0,30,+","17.5",",,0,14,","38.9",",0,29,+","5055.3","0","62.8",",0","30.9",",,,0","0",",,,0","18.80",",0","25.78",",,,0","11.83",",,,0"
"USC00392927","1912-07","45.03239","-99.12253","481.0","FAULKTON, SD US","212.0","0","117.8",",0","10",",0","6",",0","0",",0","0",",0","0",",0","0",",0","0",",0","0",",0","29",",0","6",",0","","","19120715",",,0","19120731","+,,0","19120731","+,,0","1","","19120722",",,0","19120707",",,0","3.9",",0,15,","0",",,0,31,+","0",",,0,31,+","16.5",",,0,22,","35.0",",0,07,","8.6","0","8.6",",0","68.8",",,,0","0",",,,0","21.85",",0","29.01",",,,0","14.69",",,,0"
"USC00392927","1912-08","45.03239","-99.12253","481.0","FAULKTON, SD US","269.6","0","57.6",",0","7",",0","5",",0","1",",0","0",",0","0",",0","0",",0","0",",0","0",",0","31",",0","5",",0","","","19120803",",,0","19120831","+,,0","19120831","+,,0","","","19120816",",,0","19120825","+,,0","6.7",",0,03,","0",",,0,31,+","0",",,0,31,+","31.8",",,0,16,","34.4",",0,25,+","16.9","0","8.3",",0","67.5",",,,0","0",",,,0","19.92",",0","27.08",",,,0","12.77",",,,0"
"USC00392927","1912-09","45.03239","-99.12253","481.0","FAULKTON, SD US","313.0","0","43.4",",0","10",",0","4",",0","0",",0","0",",0","0",",0","0",",0","5",",0","0",",0","14",",0","5",",0","","","19120927",",,0","19120930","+,,0","19120930","+,,0","","","19120924",",,0","19120907","+,,0","-4.4",",0,27,","0",",,0,30,+","0",",,0,30,+","9.1",",,0,24,","33.9",",0,07,+","207.2","0","190.3",",0","26.7",",,,0","0",",,,0","13.43",",0","19.46",",,,0","7.41",",,,0"
"USC00392927","1912-10","45.03239","-99.12253","481.0","FAULKTON, SD US","314.9","0","1.9","1,0","2",",0","1",",0","0",",0","0",",0","0",",0","0","1,0","12","1,0","0",",0","9",",0","0",",0","","","19121022",",1,0","19121031","+,,0","19121028",",,0","","","19121008",",,0","19121004",",,0","-10.0","1,0,22,","0",",,0,31,+","0",",T,0,28,","3.0",",,0,08,","31.1",",0,04,","477.1","0","269.9",",0","4.0",",,,0","0",",T,,0","9.52","1,0","17.85",",,,0","1.20","1,,,0"
"USC00392927","1912-11","45.03239","-99.12253","481.0","FAULKTON, SD US","314.9","0","0.0",",0","0",",0","0",",0","0",",0","0",",0","0",",0","0",",0","30",",0","2",",0","1",",0","0",",0","1","","19121124",",,0","19121130","+,,0","19121130","+,,0","","","19121130","+,,0","19121110",",,0","-17.2",",0,24,","0",",,0,30,+","0",",,0,30,+","0.0",",,0,30,+","22.2",",0,10,","940.2","0","463.1",",0","0.0",",,,0","0",",,,0","2.90",",0","10.54",",,,0","-4.74",",,,0"
"USC00392927","1912-12","45.03239","-99.12253","481.0","FAULKTON, SD US","314.9","0","0.0",",0","1",",0","1",",0","0",",0","0",",0","1",",0","6",",0","31",",0","11",",0","0",",0","0",",0","","","19121208",",,0","19121231",",,0","19121216",",,0","","","19121216",",,0","19121209",",,0","-24.4",",0,08,","0",",T,0,31,","64",",,0,16,","7.6",",,0,16,","14.4",",0,09,","1630.9","0","690.7",",0","7.6",",,,0","64",",,,0","-3.95",",0","3.01",",,,0","-10.90",",,,0"
"USC00392927","1913-01","45.03239","-99.12253","481.0","FAULKTON, SD US","0.0","0","0.0",",0","1",",0","0",",0","0",",0","0","5,0","0",",0","16",",0","31",",0","19",",0","0",",0","0",",0","","","19130106",",,0","19130131","+,5,0","19130117",",,0","","","19130117",",,0","19130125",",,0","-30.6",",0,06,","0","5,T,0,31,+","13",",,0,17,","1.3",",,0,17,","10.6",",0,25,","2535.8","0","904.9",",0","1.3",",,,0","13",",,,0","-10.86",",0","-3.35",",,,0","-18.36",",,,0"
"USC00392927","1913-02","45.03239","-99.12253","481.0","FAULKTON, SD US","0.0","0","0.0",",0","1",",0","1",",0","0",",0","1",",0","1",",0","15",",0","28",",0","20",",0","0",",0","0",",0","","","19130201",",,0","19130228",",,0","19130221",",,0","","","19130221",",,0","19130217",",,0","-29.4",",0,01,","25",",,0,28,","76",",,0,21,","7.6",",,0,21,","19.4",",0,17,","3316.3","0","780.5",",0","7.6",",,,0","76",",,,0","-9.54",",0","-2.42",",,,0","-16.66",",,,0"
"USC00392927","1913-03","45.03239","-99.12253","481.0","FAULKTON, SD US","0.0","0","0.0","1,0","5",",0","4",",0","0",",0","","","1",",0","9",",0","30",",0","11","1,0","0","1,0","0","1,0","1","","19130302",",,0","","","19130314",",,0","","","19130314",",,0","19130308",",1,0","-28.9",",0,02,","","","152",",,0,14,","7.6",",,0,14,","17.2","1,0,08,","3993.5","0","677.2","1,0","19.5",",,,0","178",",,,0","-4.35","1,0","2.75","1,,,0","-11.45",",,,0"
"USC00392927","1913-04","45.03239","-99.12253","481.0","FAULKTON, SD US","7.2","0","7.2",",0","6",",0","5",",0","0",",0","0","3,0","2",",0","0",",0","13",",0","0",",0","11",",0","0",",0","","","19130426","+,,0","19130430","+,3,0","19130409",",,0","","","19130407",",,0","19130415",",,0","-6.7",",0,26,+","0","3,,0,30,+","102",",,0,09,","13.7",",,0,07,","29.4",",0,15,","4243.1","0","249.6",",0","46.8",",,,0","178",",,,0","10.25",",0","17.33",",,,0","3.17",",,,0"
"USC00392927","1913-05","45.03239","-99.12253","481.0","FAULKTON, SD US","33.7","0","26.5",",0","12",",0","10",",0","1",",0","0",",0","0",",0","0",",0","4",",0","0",",0","10",",0","1",",0","","","19130506",",,0","19130531","+,,0","19130502",",,0","4","","19130519",",,0","19130527",",,0","-2.8",",0,06,","0",",,0,31,+","0",",T,0,02,","56.9",",,0,19,","32.2",",0,27,","4452.8","0","209.7",",0","130.6",",,,0","0",",T,,0","12.42",",0","18.71",",,,0","6.14",",,,0"
"USC00392927","1913-06","45.03239","-99.12253","481.0","FAULKTON, SD US","157.2","0","123.5",",0","9",",0","3",",0","0",",0","0",",0","0",",0","0",",0","0",",0","0",",0","28",",0","11",",0","","","19130604","+,,0","19130630","+,,0","19130630","+,,0","","","19130604",",,0","19130628","+,,0","9.4",",0,04,+","0",",,0,30,+","0",",,0,30,+","8.1",",,0,04,","38.3",",0,28,+","4460.9","0","8.1",",0","22.7",",,,0","0",",,,0","22.18",",0","29.25",",,,0","15.10",",,,0"
"USC00392927","1913-07","45.03239","-99.12253","481.0","FAULKTON, SD US","267.9","0","110.7",",0","13",",0","7",",0","0",",0","0",",0","0",",0","0",",0","0",",0","0",",0","31",",0","5",",0","","","19130713",",,0","19130731","+,,0","19130731","+,,0","2","","19130716",",,0","19130729",",,0","7.8",",0,13,","0",",,0,31,+","0",",,0,31,+","16.0",",,0,16,","39.4",",0,29,","1.4","0","1.4",",0","64.4",",,,0","0",",,,0","21.86",",0","28.90",",,,0","14.82",",,,0"
"USC00392927","1913-08","45.03239","-99.12253","481.0","FAULKTON, SD US","435.7","0","167.8","1,0","8",",0","2",",0","0",",0","0",",0","0",",0","0",",0","0",",0","0","1,0","30","1,0","12","1,0","3","","19130829","+,,0","19130831","+,,0","19130831","+,,0","3","","19130816",",,0","19130802",",1,0","8.9",",0,29,+","0",",,0,31,+","0",",,0,31,+","9.7",",,0,16,","38.9","1,0,02,","1.4","0","0.0","1,0","25.8",",,,0","0",",,,0","23.80","1,0","31.32","1,,,0","16.29",",,,0"
"USC00392927","1913-09","45.03239","-99.12253","481.0","FAULKTON, SD US","502.9","0","67.2",",0","6",",0","1",",0","0",",0","0",",0","0",",0","0",",0","3",",0","0",",0","22",",0","5",",0","1","","19130922",",,0","19130930","+,,0","19130930","+,,0","","","19130916",",,0","19130905",",,0","-6.1",",0,22,","0",",,0,30,+","0",",,0,30,+","5.1",",,0,16,","40.0",",0,05,","113.3","0","111.9",",0","9.7",",,,0","0",",,,0","16.85",",0","24.83",",,,0","8.86",",,,0"
"USC00392927","1913-10","45.03239","-99.12253","481.0","FAULKTON, SD US","505.4","0","2.5","1,0","6",",0","4",",0","1",",0","0",",0","0",",0","0",",0","15",",0","1","1,0","8","1,0","0","1,0","1","","19131029",",,0","19131031","+,,0","19131028","+,,0","","","19131004",",,0","19131003",",1,0","-15.6",",0,29,","0",",,0,31,+","0",",T,0,28,+","37.6",",,0,04,","29.4","1,0,03,","451.9","0","338.6","1,0","51.2",",,,0","0",",T,,0","6.88","1,0","14.48","1,,,0","-0.72",",,,0"
"USC00392927","1913-11","45.03239","-99.12253","481.0","FAULKTON, SD US","505.4","0","0.0",",0","2",",0","2",",0","0",",0","1",",0","1",",0","0",",0","25",",0","0",",0","0",",0","0",",0","2","","19131114",",,0","19131114",",,0","19131114",",,0","","","19131114",",,0","19131106",",,0","-12.8",",0,14,","51",",,0,14,","51",",,0,14,","5.1",",,0,14,","18.9",",0,06,","908.9","0","457.0",",0","8.9",",,,0","51",",,,0","3.10",",0","9.69",",,,0","-3.50",",,,0"
"USC00392927","1913-12","45.03239","-99.12253","481.0","FAULKTON, SD US","505.4","0","0.0",",0","2",",0","2",",0","0",",0","0",",0","0",",0","6",",0","31",",0","9",",0","0",",0","0",",0","3","","19131225",",,0","19131231","+,,0","19131224",",,0","","","19131201",",,0","19131210",",,0","-23.9",",0,25,","0",",,0,31,+","0",",T,0,24,","5.1",",,0,01,","12.2",",0,10,","1583.0","0","674.1",",0","8.9",",,,0","0",",T,,0","-3.41",",0","3.33",",,,0","-10.15",",,,0"
"USC00392927","1914-01","45.03239","-99.12253","481.0","FAULKTON, SD US","0.0","0","0.0",",0","5",",0","3",",0","0",",0","0","4,0","2",",0","11",",0","31",",0","16",",0","0",",0","0",",0","","","19140124",",,0","19140130","+,4,0","19140102",",,0","","","19140101",",,0","19140114","+,,0","-23.3",",0,24,","0","4,T,0,30,+","76",",,0,02,","7.6",",,0,01,","7.8",",0,14,+","2363.2","0","780.2",",0","20.8",",,,0","101",",,,0","-6.83",",0","-0.74",",,,0","-12.93",",,,0"
"USC00392927","1914-02","45.03239","-99.12253","481.0","FAULKTON, SD US","0.0","0","0.0",",0","5",",0","5",",0","0",",0","","","5","1,0","18",",0","28",",0","20",",0","0",",0","0",",0","","","19140223",",,0","","","19140211",",1,0","","","19140205",",,0","19140228",",,0","-33.3",",0,23,","","","102","1,,0,11,","7.6",",,0,05,","5.6",",0,28,","3275.0","0","911.8",",0","21.5",",,,0","279","1,,,0","-14.23",",0","-8.17",",,,0","-20.29",",,,0"
"USC00392927","1914-03","45.03239","-99.12253","481.0","FAULKTON, SD US","0.0","0","0.0",",0","5",",0","2",",0","0",",0","0","1,0","0","3,0","1",",0","29",",0","5",",0","0",",0","0",",0","","","19140301",",,0","19140331","+,1,0","19140326","+,3,0","","","19140321",",,0","19140313",",,0","-18.3",",0,01,","0","1,,0,31,+","0","3,T,0,26,+","3.8",",,0,21,","19.4",",0,13,","3867.6","0","592.6",",0","10.4",",,,0","0","3,T,,0","-0.78",",0","5.21",",,,0","-6.77",",,,0"
"USC00392927","1914-04","45.03239","-99.12253","481.0","FAULKTON, SD US","3.4","0","3.4","1,0","9",",0","6",",0","2",",0","0",",0","1",",0","0","1,0","16","1,0","0",",0","9",",0","0",",0","","","19140408",",1,0","19140430","+,,0","19140404",",,0","1","","19140418",",,0","19140416",",,0","-11.7","1,0,08,","0",",,0,30,+","38",",,0,04,","61.0",",,0,18,","27.2",",0,16,","4180.0","0","312.4",",0","130.4",",,,0","38",",,,0","7.85","1,0","14.87",",,,0","0.83","1,,,0"
"USC00392927","1914-05","45.03239","-99.12253","481.0","FAULKTON, SD US","15.7","0","12.3",",0","13",",0","8",",0","0",",0","0",",0","0",",0","0",",0","2",",0","0",",0","16",",0","0",",0","2","","19140512",",,0","19140531","+,,0","19140531","+,,0","2","","19140520",",,0","19140525",",,0","-1.1",",0,12,","0",",,0,31,+","0",",,0,31,+","19.6",",,0,20,","30.6",",0,25,","4331.1","0","151.1",",0","74.9",",,,0","0",",,,0","13.86",",0","20.78",",,,0","6.94",",,,0"
"USC00392927","1914-06","45.03239","-99.12253","481.0","FAULKTON, SD US","49.8","0","34.1",",0","15",",0","13",",0","1",",0","0",",0","0","1,0","0",",0","0",",0","0",",0","26",",0","0",",0","1","","19140628",",,0","19140630","+,,0","19140630","+,1,0","3","","19140608",",,0","19140623","+,,0","7.2",",0,28,","0",",,0,30,+","0","1,,0,30,+","27.2",",,0,08,","30.6",",0,23,+","4357.0","0","25.9",",0","174.1",",,,0","0","1,,,0","18.61",",0","24.44",",,,0","12.77",",,,0"
"USC00392927","1914-07","45.03239","-99.12253","481.0","FAULKTON, SD US","219.4","0","169.6",",0","4",",0","2",",0","0",",0","0",",0","0",",0","0",",0","0",",0","0",",0","31",",0","14",",0","1","","19140719",",,0","19140731","+,,0","19140731","+,,0","","","19140706",",,0","19140727","+,,0","8.9",",0,19,","0",",,0,31,+","0",",,0,31,+","15.2",",,0,06,","39.4",",0,27,+","0.5","0","0.5",",0","19.0",",,,0","0",",,,0","23.79",",0","31.94",",,,0","15.64",",,,0"
"USC00392927","1914-08","45.03239","-99.12253","481.0","FAULKTON, SD US","302.4","0","83.0","1,0","10","1,0","6","1,0","0","1,0","0","1,0","0","1,0","0","1,0","0","1,0","0","1,0","25","1,0","5","1,0","","","19140826",",1,0","19140831","+,1,0","19140831","+,1,0","4","","19140804",",1,0","19140815",",1,0","1.7","1,0,26,","0","1,,0,31,+","0","1,,0,31,+","20.3","1,,0,04,","37.8","1,0,15,","34.4","0","33.9","1,0","72.7","1,,,0","0","1,,,0","19.97","1,0","27.19","1,,,0","12.74","1,,,0"
"USC00392927","1914-09","45.03239","-99.12253","481.0","FAULKTON, SD US","329.1","0","26.7",",0","8",",0","5",",0","0",",0","0",",0","0",",0","0",",0","0",",0","0",",0","23",",0","3",",0","","","19140922",",,0","19140930","+,,0","19140930","+,,0","1","","19140909",",,0","19140918",",,0","1.7",",0,22,","0",",,0,30,+","0",",,0,30,+","11.2",",,0,09,","33.3",",0,18,","101.6","0","67.2",",0","39.5",",,,0","0",",,,0","16.98",",0","24.63",",,,0","9.33",",,,0"
"USC00392927","1914-10","45.03239","-99.12253","481.0","FAULKTON, SD US","338.0","0","8.9",",0","4",",0","3",",0","0",",0","0",",0","0",",0","0",",0","7",",0","0",",0","13",",0","0",",0","1","","19141026",",,0","19141031","+,,0","19141031","+,,0","","","19141012",",,0","19141002",",,0","-6.1",",0,26,","0",",,0,31,+","0",",,0,31,+","20.3",",,0,12,","31.1",",0,02,","325.7","0","224.1",",0","36.6",",,,0","0",",,,0","11.39",",0","19.24",",,,0","3.54",",,,0"
"USC00392927","1914-11","45.03239","-99.12253","481.0","FAULKTON, SD US","338.0","0","0.0",",0","0",",0","0",",0","0",",0","0",",0","0",",0","1",",0","25",",0","4",",0","0",",0","0",",0","","","19141119",",,0","19141130","+,,0","19141118",",,0","","","19141118","+,,0","19141102",",,0","-23.3",",0,19,","0",",,0,30,+","0",",T,0,18,","0.0",",T,0,18,+","20.6",",0,02,","786.7","0","461.0",",0","0.0",",T,,0","0",",T,,0","2.97",",0","10.55",",,,0","-4.62",",,,0"
"USC00392927","1914-12","45.03239","-99.12253","481.0","FAULKTON, SD US","338.0","0","0.0",",0","5",",0","2",",0","0",",0","0",",0","2",",0","18",",0","31",",0","23",",0","0",",0","0",",0","","","19141216","+,,0","19141231","+,,0","19141208",",,0","","","19141208",",,0","19141203",",,0","-30.0",",0,16,+","0",",,0,31,+","51",",,0,08,","5.1",",,0,08,","11.7",",0,03,","1701.5","0","914.8",",0","11.4",",,,0","99",",,,0","-11.18",",0","-4.83",",,,0","-17.53",",,,0"
"USC00392927","1915-01","45.03239","-99.12253","481.0","FAULKTON, SD US","0.0","0","0.0",",0","4",",0","2",",0","0",",0","0",",0","2",",0","14",",0","31",",0","22",",0","0",",0","0",",0","","","19150127",",,0","19150131","+,,0","19150115",",,0","","","19150130",",,0","19150113",",,0","-36.7",",0,27,","0",",,0,31,+","89",",,0,15,","7.9",",,0,30,","5.6",",0,13,","2623.6","0","922.1",",0","16.4",",,,0","186",",,,0","-11.41",",0","-5.48",",,,0","-17.34",",,,0"
"USC00392927","1915-02","45.03239","-99.12253","481.0","FAULKTON, SD US","0.0","0","0.0",",0","7",",0","6",",0","1",",0","25",",0","7",",0","2",",0","28",",0","20",",0","0",",0","0",",0","2","","19150202",",,0","19150228","+,,0","19150214",",,0","","","19150214",",,0","19150218","+,,0","-21.7",",0,02,","762",",,0,28,+","282",",,0,14,","28.4",",,0,14,","2.8",",0,18,+","3317.0","0","693.4",",0","84.2",",,,0","814",",,,0","-6.43",",0","-2.49",",,,0","-10.37",",,,0"
"USC00392927","1915-03","45.03239","-99.12253","481.0","FAULKTON, SD US","0.0","0","0.0",",0","5",",0","3",",0","0",",0","","","3",",0","6",",0","31",",0","20",",0","0",",0","0",",0","2","","19150310","+,,0","","","19150304",",,0","","","19150304",",,0","19150323",",,0","-22.2",",0,10,+","","","64",",,0,04,","6.4",",,0,04,","3.9",",0,23,","4095.2","0","778.2",",0","21.1",",,,0","166",",,,0","-6.77",",0","-1.92",",,,0","-11.62",",,,0"
"USC00392927","1915-04","45.03239","-99.12253","481.0","FAULKTON, SD US","5.6","0","5.6","2,0","7",",0","6",",0","0",",0","0",",0","0",",0","0","2,0","6","2,0","0","2,0","14","2,0","0","2,0","","","19150402","+,2,0","19150430","+,,0","19150430","+,,0","1","","19150426",",,0","19150414",",2,0","-9.4","2,0,02,+","0",",,0,30,+","0",",,0,30,+","24.9",",,0,26,","29.4","2,0,14,","4293.8","0","198.6","2,0","72.3",",,,0","0",",,,0","11.44","2,0","18.65","2,,,0","4.23","2,,,0"
"USC00392927","1915-05","45.03239","-99.12253","481.0","FAULKTON, SD US","6.2","0","0.6",",0","12","1,0","8","1,0","1","1,0","0",",0","0",",0","0",",0","4",",0","0",",0","8",",0","0",",0","","","19150518",",,0","19150531","+,,0","19150505","+,,0","2","","19150502",",1,0","19150510",",,0","-3.9",",0,18,","0",",,0,31,+","0",",T,0,05,+","33.8","1,,0,02,","29.4",",0,10,","4528.2","0","234.4",",0","99.7","1,,,0","0",",T,,0","10.79",",0","16.72",",,,0","4.86",",,,0"
"USC00392927","1915-06","45.03239","-99.12253","481.0","FAULKTON, SD US","22.0","0","15.8","1,0","14",",0","9",",0","1",",0","0",",0","0",",0","0","1,0","0","1,0","0",",0","18",",0","0",",0","","","19150607",",1,0","19150630","+,,0","19150630","+,,0","6","","19150612",",,0","19150626",",,0","2.2","1,0,07,","0",",,0,30,+","0",",,0,30,+","38.1",",,0,12,","28.9",",0,26,","4617.2","0","89.0",",0","102.0",",,,0","0",",,,0","15.81","1,0","21.77",",,,0","9.84","1,,,0"
"USC00392927","1915-07","45.03239","-99.12253","481.0","FAULKTON, SD US","59.3","0","37.3",",0","13",",0","7",",0","3",",0","0",",0","0",",0","0",",0","0",",0","0",",0","24",",0","0",",0","1","","19150705","+,,0","19150731","+,,0","19150731","+,,0","1","","19150715",",,0","19150712",",,0","5.0",",0,05,+","0",",,0,31,+","0",",,0,31,+","35.6",",,0,15,","30.6",",0,12,","43.1","0","43.1",",0","127.2",",,,0","0",",,,0","18.15",",0","23.58",",,,0","12.71",",,,0"
"USC00392927","1915-08","45.03239","-99.12253","481.0","FAULKTON, SD US","92.1","0","32.8",",0","6",",0","4",",0","1",",0","0",",0","0",",0","0",",0","0",",0","0",",0","27",",0","0",",0","","","19150829",",,0","19150831","+,,0","19150831","+,,0","","","19150801",",,0","19150831",",,0","3.3",",0,29,","0",",,0,31,+","0",",,0,31,+","28.2",",,0,01,","30.6",",0,31,","72.8","0","29.7",",0","62.9",",,,0","0",",,,0","18.43",",0","24.43",",,,0","12.44",",,,0"
"USC00392927","1915-09","45.03239","-99.12253","481.0","FAULKTON, SD US","112.2","0","20.1",",0","9",",0","4",",0","0",",0","0",",0","0",",0","0",",0","1",",0","0",",0","16",",0","0",",0","","","19150930",",,0","19150930","+,,0","19150930","+,,0","","","19150914",",,0","19150905","+,,0","0.0",",0,30,","0",",,0,30,+","0",",,0,30,+","15.2",",,0,14,","30.6",",0,05,+","193.9","0","121.1",",0","41.7",",,,0","0",",,,0","14.97",",0","21.67",",,,0","8.26",",,,0"
"USC00392927","1915-10","45.03239","-99.12253","481.0","FAULKTON, SD US","112.2","0","0.0",",0","7",",0","4",",0","1",",0","0",",0","0",",0","0",",0","8",",0","0",",0","8",",0","0",",0","","","19151008",",,0","19151031","+,,0","19151007",",,0","","","19151003",",,0","19151022",",,0","-6.1",",0,08,","0",",,0,31,+","0",",T,0,07,","29.7",",,0,03,","25.0",",0,22,","449.5","0","255.6",",0","60.8",",,,0","0",",T,,0","10.09",",0","17.33",",,,0","2.85",",,,0"
"USC00392927","1915-11","45.03239","-99.12253","481.0","FAULKTON, SD US","112.2","0","0.0",",0","1",",0","1",",0","0",",0","0",",0","0",",0","0",",0","26",",0","3",",0","0",",0","0",",0","","","19151114",",,0","19151130","+,,0","19151130","+,,0","","","19151107",",,0","19151105",",,0","-12.8",",0,14,","0",",,0,30,+","0",",,0,30,+","8.9",",,0,07,","20.0",",0,05,","956.5","0","507.0",",0","8.9",",,,0","0",",,,0","1.43",",0","7.26",",,,0","-4.39",",,,0"
"USC00392927","1915-12","45.03239","-99.12253","481.0","FAULKTON, SD US","112.2","0","0.0",",0","3",",0","2",",0","0",",0","1",",0","2",",0","4",",0","31",",0","14",",0","0",",0","0",",0","2","","19151217",",,0","19151215",",,0","19151215",",,0","","","19151215",",,0","19151222",",,0","-22.8",",0,17,","76",",,0,15,","51",",,0,15,","6.6",",,0,15,","8.3",",0,22,","1684.8","0","728.3",",0","11.7",",,,0","102",",,,0","-5.16",",0","0.51",",,,0","-10.83",",,,0"
"USC00392927","1916-01","45.03239","-99.12253","481.0","FAULKTON, SD US","0.0","0","0.0",",0","6",",0","5",",0","0",",0","","","5",",0","24",",0","31",",0","27",",0","0",",0","0",",0","","","19160113",",,0","","","19160128","+,,0","","","19160126",",,0","19160124",",,0","-37.2",",0,13,","","","102",",,0,28,+","10.7",",,0,26,","3.3",",0,24,","2781.2","0","1096.4",",0","36.6",",,,0","364",",,,0","-17.03",",0","-10.99",",,,0","-23.08",",,,0"
"USC00392927","1916-02","45.03239","-99.12253","481.0","FAULKTON, SD US","0.0","0","0.0",",0","3",",0","2",",0","0",",0","6","2,0","2",",0","14",",0","27",",0","16",",0","0",",0","0",",0","1","","19160213",",,0","19160215","+,2,0","19160211",",,0","","","19160211",",,0","19160223",",,0","-32.2",",0,13,","127","2,,0,15,+","127",",,0,11,","12.7",",,0,11,","10.6",",0,23,","3609.9","0","828.7",",0","18.0",",,,0","178",",,,0","-10.24",",0","-5.30",",,,0","-15.19",",,,0"
"USC00392927","1916-03","45.03239","-99.12253","481.0","FAULKTON, SD US","0.0","0","0.0",",0","5",",0","3",",0","0",",0","0",",0","1",",0","3",",0","27",",0","5",",0","0",",0","0",",0","","","19160302",",,0","19160331","+,,0","19160322",",,0","","","19160330",",,0","19160327",",,0","-27.8",",0,02,","0",",,0,31,+","51",",,0,22,","20.8",",,0,30,","18.3",",0,27,","4206.3","0","596.4",",0","41.0",",,,0","51",",,,0","-0.90",",0","5.48",",,,0","-7.29",",,,0"
"USC00392927","1916-04","45.03239","-99.12253","481.0","FAULKTON, SD US","0.0","0","0.0",",0","11",",0","6",",0","0",",0","0",",0","0",",0","0",",0","16",",0","0",",0","2",",0","0",",0","","","19160406",",,0","19160430","+,,0","19160407","+,,0","","","19160416",",,0","19160428",",,0","-11.7",",0,06,","0",",,0,30,+","0",",T,0,07,+","10.2",",,0,16,","22.8",",0,28,","4566.8","0","360.5",",0","37.0",",,,0","0",",T,,0","6.32",",0","13.13",",,,0","-0.50",",,,0"
"USC00392927","1916-05","45.03239","-99.12253","481.0","FAULKTON, SD US","8.3","0","8.3",",0","12",",0","9",",0","3",",0","0",",0","0",",0","0",",0","7",",0","0",",0","14",",0","2",",0","","","19160501",",,0","19160531","+,,0","19160502",",,0","4","","19160521","+,,0","19160507",",,0","-6.1",",0,01,","0",",,0,31,+","0",",T,0,02,","35.6",",,0,21,+","32.8",",0,07,","4759.5","0","192.7",",0","154.3",",,,0","0",",T,,0","12.39",",0","19.68",",,,0","5.09",",,,0"
"USC00392927","1916-06","45.03239","-99.12253","481.0","FAULKTON, SD US","25.6","0","17.3",",0","11",",0","10",",0","0",",0","0",",0","0",",0","0",",0","0",",0","0",",0","17",",0","0",",0","","","19160607",",,0","19160630","+,,0","19160630","+,,0","","","19160605",",,0","19160628",",,0","5.0",",0,07,","0",",,0,30,+","0",",,0,30,+","11.2",",,0,05,","30.6",",0,28,","4853.9","0","94.4",",0","63.2",",,,0","0",",,,0","15.76",",0","21.70",",,,0","9.82",",,,0"
"USC00392927","1916-07","45.03239","-99.12253","481.0","FAULKTON, SD US","228.3","0","202.7",",0","9",",0","6",",0","0",",0","0",",0","0",",0","0",",0","0",",0","0",",0","31",",0","19",",0","","","19160724",",,0","19160731","+,,0","19160731","+,,0","8","","19160716",",,0","19160728",",,0","10.6",",0,24,","0",",,0,31,+","0",",,0,31,+","17.8",",,0,16,","38.3",",0,28,","0.0","0","0.0",",0","61.9",",,,0","0",",,,0","24.87",",0","32.04",",,,0","17.70",",,,0"
"USC00392927","1916-08","45.03239","-99.12253","481.0","FAULKTON, SD US","320.9","0","92.6",",0","10",",0","5",",0","2",",0","0",",0","0",",0","0",",0","0",",0","0",",0","26",",0","7",",0","","","19160813",",,0","19160831","+,,0","19160831","+,,0","","","19160821",",,0","19160818",",,0","2.2",",0,13,","0",",,0,31,+","0",",,0,31,+","38.6",",,0,21,","35.6",",0,18,","38.4","0","38.4",",0","111.8",",,,0","0",",,,0","20.08",",0","26.74",",,,0","13.42",",,,0"
"USC00392927","1916-09","45.03239","-99.12253","481.0","FAULKTON, SD US","347.0","0","26.1",",0","8",",0","5",",0","0",",0","0",",0","0",",0","0",",0","5",",0","0",",0","18",",0","0",",0","","","19160915",",,0","19160930","+,,0","19160930","+,,0","1","","19160907",",,0","19160904","+,,0","-3.9",",0,15,","0",",,0,30,+","0",",,0,30,+","10.4",",,0,07,","31.1",",0,04,+","167.1","0","128.7",",0","34.0",",,,0","0",",,,0","14.91",",0","21.64",",,,0","8.19",",,,0"
"USC00392927","1916-10","45.03239","-99.12253","481.0","FAULKTON, SD US","347.0","0","0.0","1,0","1",",0","1",",0","0",",0","0",",0","0",",0","0",",0","19",",0","1","1,0","4","1,0","0","1,0","","","19161020",",,0","19161031","+,,0","19161018",",,0","","","19161008",",,0","19161006",",1,0","-11.7",",0,20,","0",",,0,31,+","0",",T,0,18,","13.2",",,0,08,","24.4","1,0,06,","509.0","0","341.9","1,0","13.2",",,,0","0",",T,,0","7.16","1,0","14.39","1,,,0","-0.07",",,,0"
"USC00392927","1916-11","45.03239","-99.12253","481.0","FAULKTON, SD US","347.0","0","0.0",",0","0",",0","0",",0","0",",0","0",",0","0",",0","2",",0","27",",0","5",",0","1",",0","0",",0","","","19161113",",,0","19161130","+,,0","19161127","+,,0","","","19161127","+,,0","19161103",",,0","-20.0",",0,13,","0",",,0,30,+","0",",T,0,27,+","0.0",",T,0,27,+","21.7",",0,03,","1037.4","0","528.4",",0","0.0",",T,,0","0",",T,,0","0.72",",0","7.55",",,,0","-6.11",",,,0"
"USC00392927","1916-12","45.03239","-99.12253","481.0","FAULKTON, SD US","347.0","0","0.0",",0","4",",0","4",",0","0",",0","20",",0","4",",0","20",",0","31",",0","23",",0","0",",0","0",",0","","","19161220",",,0","19161231","+,,0","19161226",",,0","","","19161226",",,0","19161202",",,0","-34.4",",0,20,","279",",,0,31,+","203",",,0,26,","20.8",",,0,26,","15.0",",0,02,","1998.9","0","961.5",",0","35.3",",,,0","304",",,,0","-12.68",",0","-6.36",",,,0","-19.00",",,,0"
"USC00392927","1917-01","45.03239","-99.12253","481.0","FAULKTON, SD US","0.0","0","0.0",",0","4","2,0","3","2,0","0","2,0","","","3",",0","16",",0","31",",0","26",",0","0",",0","0",",0","","","19170122",",,0","","","19170130",",,0","1","","19170130",",2,0","19170109",",,0","-30.6",",0,22,","","","152",",,0,30,","16.3","2,,0,30,","6.7",",0,09,","2949.1","0","950.2",",0","47.4",",a,,0","451",",a,,0","-12.32",",0","-6.11",",,,0","-18.53",",,,0"
"USC00392927","1917-02","45.03239","-99.12253","481.0","FAULKTON, SD US","0.0","0","0.0","1,0","4",",0","4",",0","1",",0","","","4",",0","18",",0","28",",0","22","1,0","0","1,0","0","1,0","","","19170202",",,0","","","19170204",",,0","","","19170204",",,0","19170216",",1,0","-37.2",",0,02,","","","356",",,0,04,","36.8",",,0,04,","5.6","1,0,16,","3816.8","0","867.7","1,0","53.9",",,,0","522",",,,0","-14.10","1,0","-8.23","1,,,0","-19.96",",,,0"
"USC00392927","1917-03","45.03239","-99.12253","481.0","FAULKTON, SD US","0.0","0","0.0",",0","3",",0","3",",0","1",",0","","","3",",0","4",",0","29",",0","16",",0","0",",0","0",",0","","","19170304",",,0","","","19170316",",,0","","","19170316",",,0","19170330",",,0","-30.6",",0,04,","","","254",",,0,16,","25.4",",,0,16,","15.0",",0,30,","4510.8","0","694.0",",0","42.2",",,,0","420",",,,0","-4.05",",0","0.88",",,,0","-8.98",",,,0"
"USC00392927","1917-04","45.03239","-99.12253","481.0","FAULKTON, SD US","0.0","0","0.0",",0","9",",0","6",",0","0",",0","0",",0","2",",0","0",",0","18",",0","0",",0","1",",0","0",",0","","","19170415","+,,0","19170430","+,,0","19170406",",,0","3","","19170406",",,0","19170409",",,0","-6.1",",0,15,+","0",",,0,30,+","102",",,0,06,","22.9",",,0,06,","21.7",",0,09,","4928.7","0","417.9",",0","87.8",",,,0","178",",,,0","4.40",",0","9.65",",,,0","-0.84",",,,0"
"USC00392927","1917-05","45.03239","-99.12253","481.0","FAULKTON, SD US","6.4","0","6.4",",0","6",",0","4",",0","0",",0","0",",0","0",",0","0",",0","5",",0","0",",0","8",",0","0",",0","1","","19170502",",,0","19170531","+,,0","19170531","+,,0","2","","19170520",",,0","19170516",",,0","-4.4",",0,02,","0",",,0,31,+","0",",,0,31,+","22.1",",,0,20,","31.1",",0,16,","5146.4","0","217.7",",0","40.8",",,,0","0",",,,0","11.52",",0","19.00",",,,0","4.03",",,,0"
"USC00392927","1917-06","45.03239","-99.12253","481.0","FAULKTON, SD US","44.4","0","38.0",",0","7",",0","4",",0","0",",0","0",",0","0",",0","0",",0","0",",0","0",",0","20",",0","1",",0","","","19170601",",,0","19170630","+,,0","19170630","+,,0","1","","19170611",",,0","19170617",",,0","0.6",",0,01,","0",",,0,30,+","0",",,0,30,+","11.4",",,0,11,","33.9",",0,17,","5224.8","0","78.4",",0","27.1",",,,0","0",",,,0","16.99",",0","23.89",",,,0","10.09",",,,0"
"USC00392927","1917-07","45.03239","-99.12253","481.0","FAULKTON, SD US","204.6","0","160.2",",0","5",",0","4",",0","0",",0","0",",0","0",",0","0",",0","0",",0","0",",0","31",",0","13",",0","","","19170702",",,0","19170731","+,,0","19170731","+,,0","2","","19170721",",,0","19170728",",,0","6.1",",0,02,","0",",,0,31,+","0",",,0,31,+","18.8",",,0,21,","42.2",",0,28,","4.2","0","4.2",",0","49.6",",,,0","0",",,,0","23.37",",0","30.93",",,,0","15.80",",,,0"
"USC00392927","1917-08","45.03239","-99.12253","481.0","FAULKTON, SD US","294.3","0","89.7",",0","8",",0","5",",0","0",",0","0",",0","0",",0","0",",0","0",",0","0",",0","30",",0","6",",0","","","19170828",",,0","19170831","+,,0","19170831","+,,0","","","19170812",",,0","19170826",",,0","4.4",",0,28,","0",",,0,31,+","0",",,0,31,+","15.7",",,0,12,","35.0",",0,26,","24.9","0","20.7",",0","39.7",",,,0","0",",,,0","20.56",",0","27.89",",,,0","13.22",",,,0"
"USC00392927","1917-09","45.03239","-99.12253","481.0","FAULKTON, SD US","306.1","0","11.8","1,0","10",",0","6",",0","0",",0","0",",0","0",",0","0","1,0","0","1,0","0",",0","19",",0","0",",0","","","19170930",",1,0","19170930","+,,0","19170930","+,,0","","","19170919",",,0","19170923",",,0","1.1","1,0,30,","0",",,0,30,+","0",",,0,30,+","18.0",",,0,19,","29.4",",0,23,","132.7","0","107.8",",0","72.4",",,,0","0",",,,0","15.10","1,0","21.92",",,,0","8.29","1,,,0"
"USC00392927","1917-10","45.03239","-99.12253","481.0","FAULKTON, SD US","306.1","0","0.0",",0","1",",0","1",",0","0",",0","0",",0","1",",0","0",",0","21",",0","3",",0","4",",0","0",",0","","","19171023",",,0","19171031","+,,0","19171018",",,0","","","19171018",",,0","19171001",",,0","-15.6",",0,23,","0",",,0,31,+","25",",,0,18,","2.5",",,0,18,","25.0",",0,01,","569.6","0","436.9",",0","2.5",",,,0","25",",,,0","4.24",",0","10.79",",,,0","-2.31",",,,0"
"USC00392927","1917-11","45.03239","-99.12253","481.0","FAULKTON, SD US","306.1","0","0.0","1,0","2","1,0","1","1,0","0","1,0","0","1,0","1","1,0","0","1,0","25","1,0","1","1,0","3","1,0","0","1,0","10","","19171101",",1,0","19171130","+,1,0","19171126",",1,0","","","19171126",",1,0","19171104","+,1,0","-10.0","1,0,01,","0","1,,0,30,+","25","1,,0,26,","2.8","1,,0,26,","21.1","1,0,04,+","966.6","0","397.0","1,0","3.6","1,,,0","25","1,,,0","4.64","1,0","11.46","1,,,0","-2.17","1,,,0"
"USC00392927","1917-12","45.03239","-99.12253","481.0","FAULKTON, SD US","306.1","0","0.0","1,0","5","1,0","1","1,0","0","1,0","","","1","1,0","18","1,0","30","1,0","20","1,0","0","1,0","0","1,0","","","19171229",",1,0","","","19171228",",1,0","","","19171228",",1,0","19171223",",1,0","-36.7","1,0,29,","","","25","1,,0,28,","3.6","1,,0,28,","10.6","1,0,23,","1903.2","0","936.6","1,0","10.5","1,,,0","77","1,,,0","-12.89","1,0","-6.83","1,,,0","-18.94","1,,,0"
"USC00392927","1918-01","45.03239","-99.12253","481.0","FAULKTON, SD US","0.0","0","0.0",",0","6",",0","4",",0","0",",0","","","4",",0","17",",0","31",",0","24",",0","0",",0","0",",0","","","19180130",",,0","","","19180129","+,,0","","","19180129",",,0","19180101",",,0","-34.4",",0,30,","","","38",",,0,29,+","3.8",",,0,29,","8.9",",0,01,","2936.1","0","1032.9",",0","15.2",",,,0","154",",,,0","-14.99",",0","-9.89",",,,0","-20.08",",,,0"
"USC00392927","1918-02","45.03239","-99.12253","481.0","FAULKTON, SD US","0.0","0","0.0",",0","2",",0","1",",0","1",",0","","","1",",0","11",",0","27",",0","13",",0","0",",0","0",",0","","","19180220",",,0","","","19180214",",,0","","","19180214",",,0","19180210",",,0","-33.3",",0,20,","","","254",",,0,14,","25.4",",,0,14,","11.7",",0,10,","3680.2","0","744.1",",0","26.9",",,,0","267",",,,0","-8.24",",0","-1.70",",,,0","-14.78",",,,0"
"USC00392927","1918-03","45.03239","-99.12253","481.0","FAULKTON, SD US","0.0","0","0.0",",0","2",",0","2",",0","1",",0","3","5,0","2",",0","1",",0","25",",0","2",",0","1",",0","0",",0","","","19180310",",,0","19180315","+,5,0","19180313",",,0","","","19180313",",,0","19180330",",,0","-18.3",",0,10,","254","5,,0,15,+","272",",,0,13,","27.2",",,0,13,","23.3",",0,30,","4148.7","0","468.5",",0","50.8",",,,0","508",",,,0","3.22",",0","10.14",",,,0","-3.69",",,,0"
"USC00392927","1918-04","45.03239","-99.12253","481.0","FAULKTON, SD US","0.0","0","0.0",",0","11",",0","7",",0","0",",0","0","3,0","3",",0","0",",0","19",",0","0",",0","3",",0","0",",0","","","19180408",",,0","19180423",",3,0","19180428",",,0","1","","19180415",",,0","19180413",",,0","-8.9",",0,08,","0","3,T,0,23,","165",",,0,28,","18.8",",,0,15,","23.3",",0,13,","4526.9","0","378.2",",0","82.2",",,,0","341",",,,0","5.73",",0","12.71",",,,0","-1.25",",,,0"
"USC00392927","1918-05","45.03239","-99.12253","481.0","FAULKTON, SD US","22.9","0","22.9",",0","12",",0","7",",0","0",",0","0",",0","0",",0","0",",0","3",",0","0",",0","16",",0","0",",0","1","","19180512",",,0","19180531","+,,0","19180509",",,0","5","","19180530",",,0","19180505","+,,0","-2.8",",0,12,","0",",,0,31,+","0",",T,0,09,","23.4",",,0,30,","30.6",",0,05,+","4665.5","0","138.6",",0","101.4",",,,0","0",",T,,0","14.60",",0","21.62",",,,0","7.58",",,,0"
"USC00392927","1918-06","45.03239","-99.12253","481.0","FAULKTON, SD US","94.3","0","71.4",",0","11",",0","6",",0","1",",0","0",",0","0",",0","0",",0","0",",0","0",",0","27",",0","3",",0","","","19180602",",,0","19180630","+,,0","19180630","+,,0","5","","19180616",",,0","19180615",",,0","6.1",",0,02,","0",",,0,30,+","0",",,0,30,+","25.4",",,0,16,","34.4",",0,15,","4688.8","0","23.3",",0","67.6",",,,0","0",",,,0","19.93",",0","26.03",",,,0","13.84",",,,0"
"USC00392927","1918-07","45.03239","-99.12253","481.0","FAULKTON, SD US","204.8","0","110.5",",0","8",",0","4",",0","0",",0","0",",0","0",",0","0",",0","0",",0","0",",0","30",",0","6",",0","","","19180726",",,0","19180731","+,,0","19180731","+,,0","1","","19180706",",,0","19180720",",,0","7.2",",0,26,","0",",,0,31,+","0",",,0,31,+","21.1",",,0,06,","36.7",",0,20,","9.4","0","9.4",",0","65.8",",,,0","0",",,,0","21.59",",0","28.15",",,,0","15.04",",,,0"
"USC00392927","1918-08","45.03239","-99.12253","481.0","FAULKTON, SD US","317.0","0","112.2",",0","9",",0","7",",0","1",",0","0",",0","0",",0","0",",0","0",",0","0",",0","31",",0","5",",0","","","19180830",",,0","19180831","+,,0","19180831","+,,0","2","","19180821",",,0","19180803",",,0","6.7",",0,30,","0",",,0,31,+","0",",,0,31,+","35.8",",,0,21,","35.6",",0,03,","15.5","0","6.1",",0","96.6",",,,0","0",",,,0","21.75",",0","28.75",",,,0","14.76",",,,0"
"USC00392927","1918-09","45.03239","-99.12253","481.0","FAULKTON, SD US","319.3","0","2.3","1,0","1",",0","1",",0","0",",0","0",",0","0",",0","0","1,0","5","1,0","0","1,0","17","1,0","0","1,0","","","19180920",",1,0","19180930","+,,0","19180917",",,0","","","19180917",",,0","19180912",",1,0","-4.4","1,0,20,","0",",,0,30,+","0",",T,0,17,","12.2",",,0,17,","30.0","1,0,12,","176.2","0","160.7","1,0","12.2",",,,0","0",",T,,0","12.87","1,0","20.90","1,,,0","4.83","1,,,0"
"USC00392927","1918-10","45.03239","-99.12253","481.0","FAULKTON, SD US","319.3","0","0.0",",0","5",",0","1",",0","0",",0","0",",0","0",",0","0",",0","9",",0","0",",0","15",",0","0",",0","1","","19181027",",,0","19181031","+,,0","19181030",",,0","2","","19181022",",,0","19181016",",,0","-9.4",",0,27,","0",",,0,31,+","0",",T,0,30,","7.6",",,0,22,","29.4",",0,16,","444.6","0","268.4",",0","12.0",",,,0","0",",T,,0","9.68",",0","17.06",",,,0","2.29",",,,0"
"USC00392927","1918-11","45.03239","-99.12253","481.0","FAULKTON, SD US","319.3","0","0.0","1,0","5",",0","4",",0","0",",0","0",",0","1",",0","0","1,0","26","1,0","5","1,0","0","1,0","0","1,0","2","","19181123",",1,0","19181130",",,0","19181107",",,0","","","19181107",",,0","19181104",",1,0","-16.1","1,0,23,","0",",T,0,30,","152",",,0,07,","15.2",",,0,07,","17.2","1,0,04,","965.8","0","521.2","1,0","42.7",",,,0","152",",,,0","0.36","1,0","5.72","1,,,0","-5.00","1,,,0"
"USC00392927","1918-12","45.03239","-99.12253","481.0","FAULKTON, SD US","319.3","0","0.0",",0","5",",0","4",",0","0",",0","","","4",",0","5",",0","31",",0","17",",0","0",",0","0",",0","","","19181224",",,0","","","19181221",",,0","","","19181221",",,0","19181207",",,0","-25.6",",0,24,","","","178",",,0,21,","18.3",",,0,21,","15.6",",0,07,","1681.5","0","715.7",",0","30.4",",,,0","292",",,,0","-4.75",",0","0.14",",,,0","-9.65",",,,0"
"USC00392927","1919-01","45.03239","-99.12253","481.0","FAULKTON, SD US","0.0","0","0.0",",0","2",",0","1",",0","0",",0","","","1",",0","5",",0","31",",0","7",",0","0",",0","0",",0","","","19190103",",,0","","","19190104",",,0","","","19190104",",,0","19190129",",,0","-33.9",",0,03,","","","25",",,0,04,","2.5",",,0,04,","12.2",",0,29,","2368.8","0","687.3",",0","4.5",",,,0","25",",,,0","-3.84",",0","1.50",",,,0","-9.18",",,,0"
"USC00392927","1919-02","45.03239","-99.12253","481.0","FAULKTON, SD US","0.0","0","0.0",",0","8",",0","8",",0","0",",0","","","8","1,0","13",",0","28",",0","22",",0","0",",0","0",",0","","","19190228",",,0","","","19190227",",1,0","","","19190227",",,0","19190210",",,0","-30.0",",0,28,","","","114","1,,0,27,","11.4",",,0,27,","9.4",",0,10,","3175.4","0","806.6",",0","59.8",",,,0","598","1,,,0","-10.47",",0","-5.64",",,,0","-15.30",",,,0"
"USC00392927","1919-03","45.03239","-99.12253","481.0","FAULKTON, SD US","0.0","0","0.0",",0","3",",0","3",",0","0",",0","0",",0","1",",0","6",",0","30",",0","12",",0","0",",0","0",",0","4","","19190305",",,0","19190331","+,,0","19190301",",,0","1","","19190314",",,0","19190329",",,0","-29.4",",0,05,","0",",,0,31,+","43",",,0,01,","13.2",",,0,14,","15.6",",0,29,","3865.5","0","690.1",",0","20.3",",,,0","43",",,,0","-3.93",",0","1.37",",,,0","-9.23",",,,0"
"USC00392927","1919-04","45.03239","-99.12253","481.0","FAULKTON, SD US","0.0","0","0.0",",0","8",",0","4",",0","0",",0","1",",0","1",",0","0",",0","15",",0","0",",0","4",",0","0",",0","","","19190424",",,0","19190415",",,0","19190415",",,0","","","19190407",",,0","19190421",",,0","-6.7",",0,24,","76",",,0,15,","76",",,0,15,","22.1",",,0,07,","23.9",",0,21,","4205.1","0","339.6",",0","58.4",",,,0","76",",,,0","7.01",",0","12.86",",,,0","1.16",",,,0"
"USC00392927","1919-05","45.03239","-99.12253","481.0","FAULKTON, SD US","14.7","0","14.7",",0","9",",0","8",",0","2",",0","0",",0","0",",0","0",",0","4",",0","0",",0","14",",0","0",",0","","","19190502","+,,0","19190531","+,,0","19190531","+,,0","2","","19190531",",,0","19190529",",,0","-0.6",",0,02,+","0",",,0,31,+","0",",,0,31,+","66.0",",,0,31,","30.0",",0,29,","4373.0","0","167.9",",0","174.7",",,,0","0",",,,0","13.39",",0","19.93",",,,0","6.85",",,,0"
"USC00392927","1919-06","45.03239","-99.12253","481.0","FAULKTON, SD US","109.1","0","94.4","1,0","8",",0","7",",0","2",",0","0",",0","0",",0","0",",0","0",",0","0","1,0","22","1,0","2","1,0","","","19190603",",,0","19190630","+,,0","19190630","+,,0","1","","19190621",",,0","19190630",",1,0","1.1",",0,03,","0",",,0,30,+","0",",,0,30,+","54.6",",,0,21,","33.3","1,0,30,","4426.3","0","53.3","1,0","152.4",",,,0","0",",,,0","19.64","1,0","24.61","1,,,0","14.66",",,,0"
"USC00392927","1919-07","45.03239","-99.12253","481.0","FAULKTON, SD US","244.8","0","135.7",",0","5",",0","3",",0","1",",0","0",",0","0",",0","0",",0","0",",0","0",",0","31",",0","7",",0","","","19190719",",,0","19190731","+,,0","19190731","+,,0","3","","19190703",",,0","19190726",",,0","11.1",",0,19,","0",",,0,31,+","0",",,0,31,+","40.6",",,0,03,","39.4",",0,26,","1.1","0","1.1",",0","53.3",",,,0","0",",,,0","22.67",",0","29.45",",,,0","15.90",",,,0"
"USC00392927","1919-08","45.03239","-99.12253","481.0","FAULKTON, SD US","345.8","0","101.0",",0","4",",0","3",",0","0",",0","0",",0","0",",0","0",",0","0",",0","0",",0","31",",0","8",",0","1","","19190831","+,,0","19190831","+,,0","19190831","+,,0","","","19190810",",,0","19190805",",,0","7.2",",0,31,+","0",",,0,31,+","0",",,0,31,+","7.4",",,0,10,","36.7",",0,05,","8.6","0","7.5",",0","14.2",",,,0","0",",,,0","21.35",",0","29.35",",,,0","13.35",",,,0"
"USC00392927","1919-09","45.03239","-99.12253","481.0","FAULKTON, SD US","392.2","0","46.4",",0","4",",0","2",",0","0",",0","0",",0","0",",0","0",",0","1",",0","0",",0","21",",0","3",",0","","","19190925",",,0","19190930","+,,0","19190930","+,,0","","","19190902",",,0","19190906","+,,0","0.0",",0,25,","0",",,0,30,+","0",",,0,30,+","16.8",",,0,02,","32.8",",0,06,+","88.8","0","80.2",",0","22.9",",,,0","0",",,,0","17.21",",0","24.75",",,,0","9.67",",,,0"
"USC00392927","1919-10","45.03239","-99.12253","481.0","FAULKTON, SD US","392.5","0","0.3",",0","8",",0","6",",0","1",",0","","","5",",0","2",",0","18",",0","4",",0","5",",0","0",",0","1","","19191026",",,0","","","19191025",",,0","","","19191020",",,0","19191001",",,0","-22.2",",0,26,","","","64",",,0,25,","35.6",",,0,20,","25.6",",0,01,","529.7","0","440.9",",0","62.8",",,,0","216",",,,0","4.12",",0","10.32",",,,0","-2.08",",,,0"
"USC00392927","1919-11","45.03239","-99.12253","481.0","FAULKTON, SD US","392.5","0","0.0",",0","4",",0","4",",0","1",",0","","","4",",0","8",",0","27",",0","12",",0","0",",0","0",",0","","","19191130",",,0","","","19191110",",,0","","","19191110",",,0","19191124",",,0","-21.1",",0,30,","","","381",",,0,10,","38.1",",,0,10,","10.0",",0,24,","1236.5","0","706.8",",0","64.0",",,,0","539",",,,0","-5.23",",0","-0.85",",,,0","-9.60",",,,0"
"USC00392927","1919-12","45.03239","-99.12253","481.0","FAULKTON, SD US","392.5","0","0.0",",0","1",",0","0",",0","0",",0","0",",0","0",",0","14",",0","31",",0","19",",0","0",",0","0",",0","","","19191209",",,0","19191231","+,,0","19191201",",,0","","","19191201",",,0","19191222",",,0","-26.7",",0,09,","0",",,0,31,+","13",",,0,01,","1.5",",,0,01,","8.9",",0,22,","2105.0","0","868.5",",0","1.5",",,,0","13",",,,0","-9.68",",0","-5.11",",,,0","-14.26",",,,0"
"USC00392927","1920-01","45.03239","-99.12253","481.0","FAULKTON, SD US","0.0","0","0.0",",0","2",",0","2",",0","0",",0","","","2",",0","13",",0","31",",0","18",",0","0",",0","0",",0","","","19200124",",,0","","","19200123",",,0","","","19200123",",,0","19200129",",,0","-30.0",",0,24,","","","58",",,0,23,","5.8",",,0,23,","7.8",",0,29,","2982.4","0","877.4",",0","10.1",",,,0","101",",,,0","-9.97",",0","-3.68",",,,0","-16.25",",,,0"
"USC00392927","1920-02","45.03239","-99.12253","481.0","FAULKTON, SD US","0.0","0","0.0",",0","2",",0","1",",0","0",",0","","","1",",0","5",",0","29",",0","15",",0","0",",0","0",",0","1","","19200215","+,,0","","","19200221",",,0","","","19200221",",,0","19200207",",,0","-26.1",",0,15,+","","","71",",,0,21,","7.1",",,0,21,","7.2",",0,07,","3696.4","0","714.0",",0","8.9",",,,0","71",",,,0","-6.29",",0","-0.56",",,,0","-12.02",",,,0"
"USC00392927","1920-03","45.03239","-99.12253","481.0","FAULKTON, SD US","0.0","0","0.0",",0","3",",0","3",",0","1",",0","","","3",",0","4",",0","29",",0","8",",0","0",",0","0",",0","","","19200307",",,0","","","19200318",",,0","","","19200318",",,0","19200330",",,0","-26.7",",0,07,","","","615",",,0,18,","61.5",",,0,18,","18.9",",0,30,","4334.8","0","638.4",",0","83.9",",,,0","839",",,,0","-2.26",",0","3.68",",,,0","-8.21",",,,0"
"USC00392927","1920-04","45.03239","-99.12253","481.0","FAULKTON, SD US","0.0","0","0.0",",0","8",",0","4",",0","1",",0","0",",0","0",",0","0",",0","23",",0","4",",0","0",",0","0",",0","","","19200404",",,0","19200430","+,,0","19200422","+,,0","","","19200422",",,0","19200428",",,0","-15.0",",0,04,","0",",,0,30,+","0",",T,0,22,+","38.1",",,0,22,","14.4",",0,28,","4819.9","0","485.1",",0","87.5",",,,0","0",",T,,0","2.16",",0","7.90",",,,0","-3.58",",,,0"
"USC00392927","1920-05","45.03239","-99.12253","481.0","FAULKTON, SD US","3.1","0","3.1",",0","10",",0","8",",0","2",",0","0",",0","0",",0","0",",0","0",",0","0",",0","17",",0","0",",0","","","19200513",",,0","19200531","+,,0","19200531","+,,0","5","","19200511",",,0","19200525",",,0","2.2",",0,13,","0",",,0,31,+","0",",,0,31,+","31.0",",,0,11,","28.9",",0,25,","4974.6","0","154.7",",0","149.7",",,,0","0",",,,0","13.44",",0","19.88",",,,0","7.00",",,,0"
"USC00392927","1920-06","45.03239","-99.12253","481.0","FAULKTON, SD US","41.0","0","37.9",",0","12",",0","8",",0","1",",0","0",",0","0",",0","0",",0","0",",0","0",",0","18",",0","1",",0","","","19200604",",,0","19200630","+,,0","19200630","+,,0","5","","19200606",",,0","19200608",",,0","3.9",",0,04,","0",",,0,30,+","0",",,0,30,+","32.8",",,0,06,","32.2",",0,08,","5028.2","0","53.6",",0","144.6",",,,0","0",",,,0","17.81",",0","23.02",",,,0","12.59",",,,0"
"USC00392927","1920-07","45.03239","-99.12253","481.0","FAULKTON, SD US","130.3","0","89.3",",0","6",",0","5",",0","0",",0","0",",0","0",",0","0",",0","0",",0","0",",0","29",",0","2",",0","","","19200714",",,0","19200731","+,,0","19200731","+,,0","1","","19200705",",,0","19200722",",,0","9.4",",0,14,","0",",,0,31,+","0",",,0,31,+","17.8",",,0,05,","36.1",",0,22,","6.9","0","6.9",",0","45.0",",,,0","0",",,,0","20.99",",0","26.72",",,,0","15.26",",,,0"
"USC00392927","1920-08","45.03239","-99.12253","481.0","FAULKTON, SD US","203.3","0","73.0",",0","6",",0","4",",0","0",",0","0",",0","0",",0","0",",0","0",",0","0",",0","29",",0","2",",0","","","19200821",",,0","19200831","+,,0","19200831","+,,0","","","19200828",",,0","19200817","+,,0","5.6",",0,21,","0",",,0,31,+","0",",,0,31,+","23.4",",,0,28,","32.2",",0,17,+","27.4","0","20.5",",0","39.4",",,,0","0",",,,0","20.03",",0","27.47",",,,0","12.58",",,,0"
"USC00392927","1920-09","45.03239","-99.12253","481.0","FAULKTON, SD US","239.5","0","36.2",",0","7",",0","4",",0","0",",0","0",",0","0",",0","0",",0","1",",0","0",",0","20",",0","1",",0","1","","19200930",",,0","19200930","+,,0","19200930","+,,0","2","","19200903",",,0","19200918",",,0","-4.4",",0,30,","0",",,0,30,+","0",",,0,30,+","13.7",",,0,03,","32.8",",0,18,","104.8","0","77.4",",0","49.8",",,,0","0",",,,0","16.96",",0","23.06",",,,0","10.86",",,,0"
"USC00392927","1920-10","45.03239","-99.12253","481.0","FAULKTON, SD US","264.9","0","25.4",",0","2",",0","2",",0","0",",0","0",",0","0",",0","0",",0","7",",0","0",",0","12",",0","0",",0","1","","19201028",",,0","19201031","+,,0","19201031","+,,0","1","","19201013",",,0","19201007","+,,0","-10.6",",0,28,","0",",,0,31,+","0",",,0,31,+","13.2",",,0,13,","31.7",",0,07,+","301.6","0","196.8",",0","17.8",",,,0","0",",,,0","12.80",",0","18.93",",,,0","6.68",",,,0"
"USC00392927","1920-11","45.03239","-99.12253","481.0","FAULKTON, SD US","264.9","0","0.0",",0","4",",0","3",",0","0",",0","0","3,0","1",",0","0",",0","27",",0","8",",0","0",",0","0",",0","3","","19201113","+,,0","19201130","+,3,0","19201101",",,0","","","19201101",",,0","19201118",",,0","-15.0",",0,13,+","0","3,,0,30,+","183",",,0,01,","18.3",",,0,01,","13.9",",0,18,","876.3","0","574.7",",0","32.3",",,,0","183",",,,0","-0.83",",0","4.00",",,,0","-5.65",",,,0"
"USC00392927","1920-12","45.03239","-99.12253","481.0","FAULKTON, SD US","264.9","0","0.0",",0","0",",0","0",",0","0",",0","0",",0","0",",0","8",",0","31",",0","11",",0","0",",0","0",",0","5","","19201227","+,,0","19201231",",,0","19201226","+,,0","","","19201231","+,,0","19201203",",,0","-26.7",",0,27,+","0",",T,0,31,","0",",T,0,26,+","0.0",",T,0,31,+","9.4",",0,03,","1626.2","0","749.9",",0","0.0",",T,,0","0",",T,,0","-5.86",",0","-0.31",",,,0","-11.40",",,,0"
"USC00392927","1921-01","45.03239","-99.12253","481.0","FAULKTON, SD US","0.0","0","0.0",",0","2",",0","1",",0","0",",0","1",",0","1",",0","3",",0","31",",0","11",",0","0",",0","0",",0","","","19210112",",,0","19210131",",,0","19210131",",,0","","","19210131",",,0","19210119",",,0","-22.2",",0,12,","25",",,0,31,","25",",,0,31,","2.8",",,0,31,","13.9",",0,19,","2344.7","0","718.5",",0","3.8",",,,0","35",",,,0","-4.85",",0","1.81",",,,0","-11.50",",,,0"
"USC00392927","1921-02","45.03239","-99.12253","481.0","FAULKTON, SD US","0.0","0","0.0",",0","1",",0","0",",0","0",",0","0",",0","0",",0","4",",0","26",",0","7",",0","0",",0","0",",0","","","19210219",",,0","19210228","+,,0","19210208",",,0","","","19210208",",,0","19210215",",,0","-21.7",",0,19,","0",",,0,28,+","13",",,0,08,","1.3",",,0,08,","17.2",",0,15,","2928.0","0","583.3",",0","1.3",",,,0","13",",,,0","-2.50",",0","4.73",",,,0","-9.73",",,,0"
"USC00392927","1921-03","45.03239","-99.12253","481.0","FAULKTON, SD US","0.0","0","0.0",",0","4",",0","2",",0","0",",0","0",",0","0",",0","0",",0","28",",0","4",",0","1",",0","0",",0","","","19210312",",,0","19210331","+,,0","19210313",",,0","1","","19210323",",,0","19210318",",,0","-16.7",",0,12,","0",",,0,31,+","13",",,0,13,","8.9",",,0,23,","28.9",",0,18,","3465.9","0","537.9",",0","17.6",",,,0","13",",,,0","0.98",",0","8.85",",,,0","-6.89",",,,0"
"USC00392927","1921-04","45.03239","-99.12253","481.0","FAULKTON, SD US","3.6","0","3.6","2,0","9",",0","8",",0","2",",0","0",",0","0",",0","0","2,0","15","2,0","1",",0","10",",0","0",",0","","","19210416",",2,0","19210430","+,,0","19210428","+,,0","","","19210405",",,0","19210404","+,,0","-8.3","2,0,16,","0",",,0,30,+","0",",T,0,28,+","72.4",",,0,05,","29.4",",0,04,+","3751.2","0","285.3",",0","142.6",",,,0","0",",T,,0","8.68","2,0","16.85",",,,0","0.51","2,,,0"
"USC00392927","1921-05","45.03239","-99.12253","481.0","FAULKTON, SD US","17.0","0","13.4",",0","8",",0","6",",0","1",",0","0",",0","0",",0","0",",0","5",",0","0",",0","14",",0","0",",0","","","19210502",",,0","19210531","+,,0","19210531","+,,0","1","","19210519",",,0","19210522","+,,0","-3.9",",0,02,","0",",,0,31,+","0",",,0,31,+","31.8",",,0,19,","28.9",",0,22,+","3914.5","0","163.3",",0","67.1",",,,0","0",",,,0","13.50",",0","19.69",",,,0","7.31",",,,0"
"USC00392927","1921-06","45.03239","-99.12253","481.0","FAULKTON, SD US","158.7","0","141.7",",0","7",",0","4",",0","0",",0","0",",0","0",",0","0",",0","0",",0","0",",0","27",",0","10",",0","","","19210604",",,0","19210630","+,,0","19210630","+,,0","2","","19210601",",,0","19210630",",,0","5.6",",0,04,","0",",,0,30,+","0",",,0,30,+","14.2",",,0,01,","38.3",",0,30,","3932.8","0","18.3",",0","37.8",",,,0","0",",,,0","22.45",",0","29.31",",,,0","15.58",",,,0"
"USC00392927","1921-07","45.03239","-99.12253","481.0","FAULKTON, SD US","326.7","0","168.0",",0","5",",0","2",",0","1",",0","0",",0","0",",0","0",",0","0",",0","0",",0","30",",0","12",",0","","","19210719",",,0","19210731","+,,0","19210731","+,,0","3","","19210703",",,0","19210701",",,0","12.2",",0,19,","0",",,0,31,+","0",",,0,31,+","38.1",",,0,03,","37.2",",0,01,","0.6","0","0.6",",0","64.1",",,,0","0",",,,0","23.73",",0","30.68",",,,0","16.79",",,,0"
"USC00392927","1921-08","45.03239","-99.12253","481.0","FAULKTON, SD US","450.7","0","124.0",",0","9",",0","7",",0","0",",0","0",",0","0",",0","0",",0","0",",0","0",",0","30",",0","9",",0","","","19210820",",,0","19210831","+,,0","19210831","+,,0","2","","19210813",",,0","19210809",",,0","8.9",",0,20,","0",",,0,31,+","0",",,0,31,+","20.3",",,0,13,","36.7",",0,09,","5.8","0","5.2",",0","69.9",",,,0","0",",,,0","22.16",",0","28.92",",,,0","15.40",",,,0"
"USC00392927","1921-09","45.03239","-99.12253","481.0","FAULKTON, SD US","478.2","0","27.5",",0","11",",0","9",",0","0",",0","0",",0","0",",0","0",",0","1",",0","0",",0","18",",0","1",",0","","","19210930",",,0","19210930","+,,0","19210930","+,,0","1","","19210909",",,0","19210901",",,0","0.0",",0,30,","0",",,0,30,+","0",",,0,30,+","16.5",",,0,09,","35.0",",0,01,","96.2","0","90.4",",0","81.1",",,,0","0",",,,0","16.24",",0","21.99",",,,0","10.48",",,,0"
"USC00392927","1921-10","45.03239","-99.12253","481.0","FAULKTON, SD US","479.9","0","1.7",",0","2",",0","1",",0","1",",0","0",",0","0",",0","0",",0","6",",0","0",",0","7",",0","0",",0","1","","19211011",",,0","19211031","+,,0","19211031","+,,0","1","","19211026",",,0","19211014","+,,0","-4.4",",0,11,","0",",,0,31,+","0",",,0,31,+","35.8",",,0,26,","25.0",",0,14,+","345.4","0","249.2",",0","37.1",",,,0","0",",,,0","10.35",",0","17.46",",,,0","3.24",",,,0"
"USC00392927","1921-11","45.03239","-99.12253","481.0","FAULKTON, SD US","479.9","0","0.0",",0","4",",0","4",",0","0",",0","","","4",",0","4",",0","28",",0","13",",0","0",",0","0",",0","","","19211120",",,0","","","19211122",",,0","","","19211122",",,0","19211103",",,0","-22.8",",0,20,","","","102",",,0,22,","6.4",",,0,22,","18.3",",0,03,","1009.9","0","664.5",",0","21.2",",,,0","280",",,,0","-3.82",",0","1.38",",,,0","-9.02",",,,0"
"USC00392927","1921-12","45.03239","-99.12253","481.0","FAULKTON, SD US","479.9","0","0.0",",0","2",",0","2",",0","0",",0","0",",0","2",",0","7",",0","28",",0","15",",0","0",",0","0",",0","","","19211224",",,0","19211231",",,0","19211221","+,,0","","","19211221","+,,0","19211213",",,0","-29.4",",0,24,","0",",T,0,31,","25",",,0,21,+","2.5",",,0,21,+","13.9",",0,13,","1738.1","0","728.2",",0","5.0",",,,0","50",",,,0","-5.16",",0","-0.21",",,,0","-10.10",",,,0"
"USC00392927","1922-01","45.03239","-99.12253","481.0","FAULKTON, SD US","0.0","0","0.0",",0","3","2,0","3","2,0","0","2,0","","","2",",0","14",",0","31",",0","27",",0","0",",0","0",",0","","","19220123","+,,0","","","19220129",",,0","","","19220129",",2,0","19220109",",,0","-28.9",",0,23,+","","","102",",,0,29,","9.7","2,,0,29,","3.9",",0,09,","2660.9","0","922.8",",0","20.9",",a,,0","191",",a,,0","-11.43",",0","-5.95",",,,0","-16.92",",,,0"
"USC00392927","1922-02","45.03239","-99.12253","481.0","FAULKTON, SD US","0.0","0","0.0",",0","1","4,0","1","4,0","0","4,0","","","1",",0","19",",0","28",",0","25",",0","0",",0","0",",0","","","19220213","+,,0","","","19220211",",,0","","","19220211",",4,0","19220217",",,0","-30.6",",0,13,+","","","102",",,0,11,","5.6","4,,0,11,","3.3",",0,17,","3587.2","0","926.3",",0","27.4",",a,,0","331",",a,,0","-14.75",",0","-8.64",",,,0","-20.86",",,,0"
"USC00392927","1922-03","45.03239","-99.12253","481.0","FAULKTON, SD US","","","","","2",",0","2",",0","0",",0","","","2",",0","","","","","","","","","","","","","","","","","19220329","+,,0","","","19220327",",,0","","","","","","","51",",,0,29,+","7.6",",,0,27,","","","","","","","12.7",",,,0","102",",,,0","","","","","",""
"USC00392927","1922-04","45.03239","-99.12253","481.0","FAULKTON, SD US","","","0.0",",0","6",",0","4",",0","0",",0","0",",0","0",",0","0",",0","12",",0","0",",0","3",",0","0",",0","1","","19220419",",,0","19220430","+,,0","19220430","+,,0","1","","19220406",",,0","19220423",",,0","-6.7",",0,19,","0",",,0,30,+","0",",,0,30,+","17.8",",,0,06,","25.6",",0,23,","","","319.5",",0","44.9",",,,0","0",",,,0","7.68",",0","14.29",",,,0","1.07",",,,0"
"USC00392927","1922-05","45.03239","-99.12253","481.0","FAULKTON, SD US","","","10.7","2,0","13",",0","10",",0","1",",0","0",",0","0",",0","0","2,0","0","2,0","0",",0","17",",0","0",",0","","","19220519",",2,0","19220531","+,,0","19220531","+,,0","2","","19220510",",,0","19220521",",,0","1.7","2,0,19,","0",",,0,31,+","0",",,0,31,+","31.0",",,0,10,","27.8",",0,21,","","","104.2",",0","113.4",",,,0","0",",,,0","14.96","2,0","20.72",",,,0","9.20","2,,,0"
"USC00392927","1922-06","45.03239","-99.12253","481.0","FAULKTON, SD US","","","56.2",",0","12",",0","6",",0","0",",0","0",",0","0",",0","0",",0","0",",0","0",",0","24",",0","1",",0","","","19220601",",,0","19220630","+,,0","19220630","+,,0","2","","19220608",",,0","19220622",",,0","1.1",",0,01,","0",",,0,30,+","0",",,0,30,+","23.4",",,0,08,","33.9",",0,22,","","","25.6",",0","77.6",",,,0","0",",,,0","19.35",",0","25.26",",,,0","13.45",",,,0"
"USC00392927","1922-07","45.03239","-99.12253","481.0","FAULKTON, SD US","","","106.9",",0","7",",0","3",",0","0",",0","0",",0","0",",0","0",",0","0",",0","0",",0","30",",0","4",",0","","","19220707",",,0","19220731","+,,0","19220731","+,,0","","","19220725",",,0","19220714",",,0","2.8",",0,07,","0",",,0,31,+","0",",,0,31,+","10.2",",,0,25,","35.0",",0,14,","16.1","0","16.1",",0","20.3",",,,0","0",",,,0","21.26",",0","27.61",",,,0","14.91",",,,0"
"USC00392927","1922-08","45.03239","-99.12253","481.0","FAULKTON, SD US","","","175.9",",0","4",",0","2",",0","0",",0","0",",0","0",",0","0",",0","0",",0","0",",0","31",",0","13",",0","","","19220829",",,0","19220831","+,,0","19220831","+,,0","1","","19220820",",,0","19220823",",,0","7.8",",0,29,","0",",,0,31,+","0",",,0,31,+","12.7",",,0,20,","37.8",",0,23,","18.9","0","2.8",",0","17.0",",,,0","0",",,,0","23.92",",0","31.38",",,,0","16.45",",,,0"
"USC00392927","1922-09","45.03239","-99.12253","481.0","FAULKTON, SD US","","","55.4",",0","3",",0","2",",0","0",",0","0",",0","0","2,0","0",",0","0",",0","0",",0","26",",0","5",",0","","","19220910",",,0","19220930","+,,0","19220930","+,2,0","","","19220903",",,0","19220922",",,0","1.1",",0,10,","0",",,0,30,+","0","2,,0,30,+","6.4",",,0,03,","37.2",",0,22,","77.2","0","58.3",",0","10.5",",,,0","0","2,,,0","18.23",",0","26.89",",,,0","9.58",",,,0"
"USC00392927","1922-10","45.03239","-99.12253","481.0","FAULKTON, SD US","","","7.8",",0","2",",0","2",",0","0",",0","0",",0","0",",0","0",",0","12",",0","0",",0","12",",0","2",",0","","","19221018","+,,0","19221031","+,,0","19221031","+,,0","","","19221030",",,0","19221004","+,,0","-7.2",",0,18,+","0",",,0,31,+","0",",,0,31,+","15.2",",,0,30,","33.9",",0,04,+","328.6","0","251.4",",0","17.7",",,,0","0",",,,0","10.48",",0","19.30",",,,0","1.65",",,,0"
"USC00392927","1922-11","45.03239","-99.12253","481.0","FAULKTON, SD US","","","0.0",",0","7",",0","5",",0","1",",0","","","3",",0","0",",0","21",",0","5",",0","0",",0","0",",0","2","","19221124",",,0","","","19221113",",,0","1","","19221113",",,0","19221105","+,,0","-9.4",",0,24,","","","305",",,0,13,","30.5",",,0,13,","14.4",",0,05,+","820.2","0","491.6",",0","85.1",",,,0","381",",,,0","1.95",",0","5.96",",,,0","-2.07",",,,0"
"USC00392927","1922-12","45.03239","-99.12253","481.0","FAULKTON, SD US","","","0.0",",0","2",",0","1",",0","0",",0","","","2",",0","14",",0","30",",0","19",",0","0",",0","0",",0","","","19221218",",,0","","","19221214","+,,0","","","19221214",",,0","19221223",",,0","-27.2",",0,18,","","","25",",,0,14,+","2.5",",,0,14,","7.2",",0,23,","1681.1","0","860.9",",0","3.8",",,,0","50",",,,0","-9.44",",0","-4.69",",,,0","-14.18",",,,0"
"USC00392927","1923-01","45.03239","-99.12253","481.0","FAULKTON, SD US","0.0","0","0.0",",0","3",",0","2",",0","0",",0","5","5,0","2",",0","6",",0","31",",0","15",",0","0",",0","0",",0","2","","19230131",",,0","19230131","+,5,0","19230127",",,0","","","19230127",",,0","19230117",",,0","-22.2",",0,31,","51","5,,0,31,+","51",",,0,27,","3.0",",,0,27,","10.0",",0,17,","2458.5","0","777.4",",0","6.3",",,,0","76",",,,0","-6.74",",0","-1.36",",,,0","-12.12",",,,0"
"USC00392927","1923-02","45.03239","-99.12253","481.0","FAULKTON, SD US","0.0","0","0.0",",0","1",",0","0",",0","0",",0","0",",0","0",",0","13",",0","28",",0","19",",0","0",",0","0",",0","","","19230203",",,0","19230228","+,,0","19230205",",,0","2","","19230205",",,0","19230224",",,0","-29.4",",0,03,","0",",,0,28,+","13",",,0,05,","1.3",",,0,05,","7.2",",0,24,","3255.0","0","796.5",",0","1.3",",,,0","13",",,,0","-10.11",",0","-4.07",",,,0","-16.15",",,,0"
"USC00392927","1923-03","45.03239","-99.12253","481.0","FAULKTON, SD US","0.0","0","0.0",",0","2",",0","1",",0","0",",0","","","2",",0","4",",0","29",",0","8",",0","0",",0","0",",0","","","19230318",",,0","","","19230312",",,0","","","19230312",",,0","19230301",",,0","-26.7",",0,18,","","","102",",,0,12,","9.4",",,0,12,","14.4",",0,01,","3919.5","0","664.5",",0","10.4",",,,0","127",",,,0","-3.10",",0","3.47",",,,0","-9.67",",,,0"
"USC00392927","1923-04","45.03239","-99.12253","481.0","FAULKTON, SD US","1.1","0","1.1",",0","6","2,0","3","2,0","0","2,0","","","0",",0","0",",0","18",",0","1",",0","6",",0","0",",0","1","","19230408",",,0","","","19230402",",,0","","","19230423",",2,0","19230418",",,0","-13.3",",0,08,","","","0",",T,0,02,","10.2","2,,0,23,","27.8",",0,18,","4270.4","0","350.9",",0","35.6",",a,,0","127",",a,,0","6.68",",0","13.96",",,,0","-0.61",",,,0"
"USC00392927","1923-05","45.03239","-99.12253","481.0","FAULKTON, SD US","12.3","0","11.2",",0","12",",0","5",",0","1",",0","0",",0","0",",0","0",",0","4",",0","0",",0","17",",0","0",",0","","","19230508",",,0","19230531","+,,0","19230508",",,0","2","","19230527",",,0","19230527",",,0","-4.4",",0,08,","0",",,0,31,+","13",",,0,08,","37.1",",,0,27,","30.6",",0,27,","4407.9","0","137.5",",0","92.1",",,,0","13",",,,0","14.26",",0","21.45",",,,0","7.06",",,,0"
"USC00392927","1923-06","45.03239","-99.12253","481.0","FAULKTON, SD US","75.6","0","63.3",",0","9",",0","7",",0","2",",0","0",",0","0",",0","0",",0","0",",0","0",",0","24",",0","1",",0","","","19230628",",,0","19230630","+,,0","19230630","+,,0","6","","19230623",",,0","19230624",",,0","6.1",",0,28,","0",",,0,30,+","0",",,0,30,+","40.6",",,0,23,","32.2",",0,24,","4446.0","0","38.1",",0","148.9",",,,0","0",",,,0","19.18",",0","24.95",",,,0","13.40",",,,0"
"USC00392927","1923-07","45.03239","-99.12253","481.0","FAULKTON, SD US","210.4","0","134.8",",0","6",",0","6",",0","0",",0","0",",0","0",",0","0",",0","0",",0","0",",0","31",",0","4",",0","","","19230701",",,0","19230731","+,,0","19230731","+,,0","4","","19230704",",,0","19230719","+,,0","10.6",",0,01,","0",",,0,31,+","0",",,0,31,+","14.7",",,0,04,","33.9",",0,19,+","1.9","0","1.9",",0","63.3",",,,0","0",",,,0","22.62",",0","28.48",",,,0","16.76",",,,0"
"USC00392927","1923-08","45.03239","-99.12253","481.0","FAULKTON, SD US","260.0","0","49.6",",0","13",",0","8",",0","1",",0","0",",0","0",",0","0",",0","0",",0","0",",0","28",",0","1",",0","","","19230822",",,0","19230831","+,,0","19230831","+,,0","1","","19230806",",,0","19230813",",,0","2.8",",0,22,","0",",,0,31,+","0",",,0,31,+","25.4",",,0,06,","32.2",",0,13,","28.2","0","26.3",",0","73.9",",,,0","0",",,,0","19.08",",0","25.49",",,,0","12.68",",,,0"
"USC00392927","1923-09","45.03239","-99.12253","481.0","FAULKTON, SD US","283.0","0","23.0","1,0","6",",0","6",",0","0",",0","0",",0","0",",0","0",",0","0",",0","0","1,0","22","1,0","1","1,0","","","19230913",",,0","19230930","+,,0","19230930","+,,0","6","","19230917",",,0","19230905",",1,0","1.7",",0,13,","0",",,0,30,+","0",",,0,30,+","15.2",",,0,17,","32.8","1,0,05,","94.7","0","66.5","1,0","50.9",",,,0","0",",,,0","16.89","1,0","24.10","1,,,0","9.68",",,,0"
"USC00392927","1923-10","45.03239","-99.12253","481.0","FAULKTON, SD US","283.6","0","0.6",",0","5",",0","2",",0","0",",0","0",",0","1",",0","0",",0","15",",0","0",",0","2",",0","0",",0","","","19231030",",,0","19231031","+,,0","19231027",",,0","","","19231011",",,0","19231009",",,0","-10.6",",0,30,","0",",,0,31,+","51",",,0,27,","7.1",",,0,11,","26.1",",0,09,","415.3","0","320.6",",0","16.6",",,,0","51",",,,0","8.01",",0","14.47",",,,0","1.55",",,,0"
"USC00392927","1923-11","45.03239","-99.12253","481.0","FAULKTON, SD US","283.6","0","0.0",",0","3",",0","1",",0","0",",0","0",",0","0",",0","0",",0","20",",0","0",",0","0",",0","0",",0","","","19231127",",,0","19231130","+,,0","19231122",",,0","","","19231112",",,0","19231124",",,0","-14.4",",0,27,","0",",,0,30,+","0",",T,0,22,","5.1",",,0,12,","19.4",",0,24,","826.1","0","410.8",",0","8.2",",,,0","0",",T,,0","4.64",",0","11.37",",,,0","-2.09",",,,0"
"USC00392927","1923-12","45.03239","-99.12253","481.0","FAULKTON, SD US","283.6","0","0.0",",0","1",",0","1",",0","0",",0","3",",0","1",",0","3",",0","31",",0","3",",0","0",",0","0",",0","","","19231231",",,0","19231231","+,,0","19231229",",,0","","","19231229",",,0","19231217",",,0","-25.0",",0,31,","25",",,0,31,+","25",",,0,29,","2.5",",,0,29,","12.8",",0,17,","1476.8","0","650.7",",0","2.5",",,,0","25",",,,0","-2.66",",0","4.01",",,,0","-9.33",",,,0"
"USC00392927","1924-01","45.03239","-99.12253","481.0","FAULKTON, SD US","0.0","0","0.0",",0","0",",0","0",",0","0",",0","0",",0","0",",0","19",",0","31",",0","22",",0","0",",0","0",",0","1","","19240105",",,0","19240106",",,0","19240114","+,,0","","","19240131","+,,0","19240130","+,,0","-32.8",",0,05,","0",",T,0,06,","0",",T,0,14,+","0.0",",T,0,31,+","8.9",",0,30,+","2441.1","0","964.3",",0","0.0",",T,,0","0",",T,,0","-12.77",",0","-6.25",",,,0","-19.30",",,,0"
"USC00392927","1924-02","45.03239","-99.12253","481.0","FAULKTON, SD US","0.0","0","0.0",",0","1","2,0","1","2,0","0","2,0","0",",0","1",",0","5",",0","27",",0","12",",0","0",",0","0",",0","","","19240205",",,0","19240229","+,,0","19240218",",,0","","","19240218",",2,0","19240201",",,0","-25.6",",0,05,","0",",,0,29,+","51",",,0,18,","5.6","2,,0,18,","13.3",",0,01,","3096.2","0","655.1",",0","12.0",",a,,0","115",",a,,0","-4.26",",0","2.00",",,,0","-10.51",",,,0"
"USC00392927","1924-03","45.03239","-99.12253","481.0","FAULKTON, SD US","0.0","0","0.0","2,0","3",",0","3",",0","1",",0","3",",0","1",",0","1","2,0","29","2,0","8",",0","0",",0","0",",0","","","19240331",",2,0","19240331","+,,0","19240329",",,0","","","19240329",",,0","19240326",",,0","-18.3","2,0,31,","254",",,0,31,+","254",",,0,29,","25.4",",,0,29,","11.7",",0,26,","3691.8","0","595.6",",0","31.2",",,,0","254",",,,0","-2.48","2,0","2.98",",,,0","-7.94","2,,,0"
"USC00392927","1924-04","45.03239","-99.12253","481.0","FAULKTON, SD US","0.0","0","0.0",",0","7",",0","5",",0","0",",0","0",",0","0",",0","0",",0","19",",0","0",",0","5",",0","0",",0","","","19240401",",,0","19240430","+,,0","19240420","+,,0","1","","19240416",",,0","19240423",",,0","-12.8",",0,01,","0",",,0,30,+","0",",T,0,20,+","13.7",",,0,16,","28.9",",0,23,","4045.2","0","353.4",",0","43.7",",,,0","0",",T,,0","6.55",",0","13.87",",,,0","-0.77",",,,0"
"USC00392927","1924-05","45.03239","-99.12253","481.0","FAULKTON, SD US","0.0","0","0.0",",0","6",",0","4",",0","0",",0","0",",0","0",",0","0",",0","8",",0","0",",0","10",",0","0",",0","","","19240524",",,0","19240531","+,,0","19240531","+,,0","2","","19240517","+,,0","19240516",",,0","-4.4",",0,24,","0",",,0,31,+","0",",,0,31,+","7.6",",,0,17,+","25.0",",0,16,","4302.0","0","256.8",",0","26.3",",,,0","0",",,,0","10.05",",0","17.42",",,,0","2.68",",,,0"
"USC00392927","1924-06","45.03239","-99.12253","481.0","FAULKTON, SD US","19.9","0","19.9",",0","14",",0","11",",0","3",",0","0",",0","0",",0","0",",0","0",",0","0",",0","23",",0","0",",0","1","","19240606",",,0","19240630","+,,0","19240630","+,,0","5","","19240628",",,0","19240621",",,0","2.2",",0,06,","0",",,0,30,+","0",",,0,30,+","35.6",",,0,28,","29.4",",0,21,","4378.9","0","76.9",",0","165.9",",,,0","0",",,,0","16.43",",0","22.15",",,,0","10.72",",,,0"
"USC00392927","1924-07","45.03239","-99.12253","481.0","FAULKTON, SD US","80.3","0","60.4",",0","6",",0","2",",0","0",",0","0",",0","0",",0","0",",0","0",",0","0",",0","30",",0","2",",0","","","19240702",",,0","19240731","+,,0","19240731","+,,0","2","","19240720",",,0","19240729","+,,0","6.7",",0,02,","0",",,0,31,+","0",",,0,31,+","20.3",",,0,20,","32.8",",0,29,+","16.1","0","16.1",",0","33.7",",,,0","0",",,,0","19.76",",0","26.95",",,,0","12.57",",,,0"
"USC00392927","1924-08","45.03239","-99.12253","481.0","FAULKTON, SD US","172.8","0","92.5",",0","8",",0","5",",0","0",",0","0",",0","0",",0","0",",0","0",",0","0",",0","31",",0","4",",0","","","19240813","+,,0","19240831","+,,0","19240831","+,,0","5","","19240821",",,0","19240828",",,0","7.8",",0,13,+","0",",,0,31,+","0",",,0,31,+","16.5",",,0,21,","36.7",",0,28,","29.4","0","13.3",",0","42.5",",,,0","0",",,,0","20.89",",0","27.22",",,,0","14.55",",,,0"
"USC00392927","1924-09","45.03239","-99.12253","481.0","FAULKTON, SD US","197.8","0","25.0",",0","5",",0","5",",0","1",",0","0",",0","0",",0","0",",0","1",",0","0",",0","20",",0","1",",0","","","19240928",",,0","19240930","+,,0","19240930","+,,0","1","","19240921",",,0","19240903",",,0","0.0",",0,28,","0",",,0,30,+","0",",,0,30,+","27.9",",,0,21,","35.6",",0,03,","104.5","0","75.1",",0","59.9",",,,0","0",",,,0","16.67",",0","22.48",",,,0","10.85",",,,0"
"USC00392927","1924-10","45.03239","-99.12253","481.0","FAULKTON, SD US","197.8","0","0.0","1,0","6",",0","5",",0","1",",0","0",",0","0",",0","0","1,0","0","1,0","0",",0","10",",0","0",",0","1","","19241027","+,1,0","19241031","+,,0","19241031","+,,0","2","","19241008",",,0","19241017",",,0","0.6","1,0,27,+","0",",,0,31,+","0",",,0,31,+","26.7",",,0,08,","26.1",",0,17,","287.3","0","182.8",",0","59.7",",,,0","0",",,,0","12.24","1,0","19.21",",,,0","5.28","1,,,0"
"USC00392927","1924-11","45.03239","-99.12253","481.0","FAULKTON, SD US","197.8","0","0.0",",0","0","2,0","0","2,0","0","2,0","0",",0","0",",0","0",",0","25",",0","6",",0","0",",0","0",",0","","","19241113",",,0","19241130","+,,0","19241123","+,,0","","","19241123","+,2,0","19241119","+,,0","-12.2",",0,13,","0",",,0,30,+","0",",T,0,23,+","0.0","2,T,0,23,+","15.0",",0,19,+","797.6","0","510.3",",0","2.0",",a,,0","25",",a,,0","1.32",",0","7.22",",,,0","-4.57",",,,0"
"USC00392927","1924-12","45.03239","-99.12253","481.0","FAULKTON, SD US","197.8","0","0.0","1,0","6",",0","6",",0","0",",0","","","6",",0","15","1,0","29","1,0","24",",0","0",",0","0",",0","","","19241227",",1,0","","","19241231",",,0","","","19241231",",,0","19241212",",,0","-32.8","1,0,27,","","","76",",,0,31,","7.6",",,0,31,","14.4",",0,12,","1705.0","0","907.4",",0","25.3",",,,0","279",",,,0","-11.95","1,0","-6.35",",,,0","-17.54","1,,,0"
"USC00392927","1925-01","45.03239","-99.12253","481.0","FAULKTON, SD US","0.0","0","0.0",",0","3",",0","3",",0","0",",0","7",",0","3",",0","14",",0","31",",0","22",",0","0",",0","0",",0","","","19250126",",,0","19250131","+,,0","19250125",",,0","","","19250125","+,,0","19250123","+,,0","-31.1",",0,26,","102",",,0,31,+","102",",,0,25,","10.2",",,0,25,+","4.4",",0,23,+","2600.9","0","895.9",",0","22.9",",,,0","178",",,,0","-10.57",",0","-4.43",",,,0","-16.70",",,,0"
"USC00392927","1925-02","45.03239","-99.12253","481.0","FAULKTON, SD US","0.0","0","0.0",",0","1",",0","0",",0","0",",0","0",",0","0",",0","5",",0","27",",0","14",",0","0",",0","0",",0","1","","19250202",",,0","19250228","+,,0","19250228",",,0","","","19250228",",,0","19250206","+,,0","-24.4",",0,02,","0",",T,0,28,+","13",",,0,28,","1.3",",,0,28,","9.4",",0,06,+","3243.5","0","642.6",",0","1.3",",,,0","13",",,,0","-4.62",",0","0.27",",,,0","-9.50",",,,0"
"USC00392927","1925-03","45.03239","-99.12253","481.0","FAULKTON, SD US","0.0","0","0.0",",0","2",",0","1",",0","0",",0","0",",0","0",",0","3",",0","26",",0","4",",0","1",",0","0",",0","","","19250302",",,0","19250321",",,0","19250313","+,,0","","","19250309",",,0","19250325",",,0","-18.9",",0,02,","0",",T,0,21,","0",",T,0,13,+","3.8",",,0,09,","24.4",",0,25,","3747.2","0","503.7",",0","4.8",",,,0","0",",T,,0","2.09",",0","9.85",",,,0","-5.68",",,,0"
"USC00392927","1925-04","45.03239","-99.12253","481.0","FAULKTON, SD US","0.0","0","0.0",",0","7",",0","5",",0","0",",0","0",",0","0",",0","0",",0","5",",0","0",",0","9",",0","0",",0","","","19250430",",,0","19250430","+,,0","19250414",",,0","2","","19250408",",,0","19250412",",,0","-3.9",",0,30,","0",",,0,30,+","0",",T,0,14,","19.6",",,0,08,","27.8",",0,12,","3962.4","0","215.2",",0","52.8",",,,0","0",",T,,0","11.16",",0","18.60",",,,0","3.72",",,,0"
"USC00392927","1925-05","45.03239","-99.12253","481.0","FAULKTON, SD US","32.9","0","32.9",",0","4",",0","2",",0","0",",0","0",",0","0",",0","0",",0","6",",0","0",",0","14",",0","5",",0","","","19250506",",,0","19250531","+,,0","19250531","+,,0","1","","19250522",",,0","19250530",",,0","-3.9",",0,06,","0",",,0,31,+","0",",,0,31,+","21.6",",,0,22,","33.9",",0,30,","4154.7","0","192.3",",0","33.0",",,,0","0",",,,0","13.19",",0","21.15",",,,0","5.23",",,,0"
"USC00392927","1925-06","45.03239","-99.12253","481.0","FAULKTON, SD US","59.9","0","27.0",",0","11",",0","11",",0","4",",0","0",",0","0",",0","0",",0","0",",0","0",",0","19",",0","0",",0","","","19250609",",,0","19250630","+,,0","19250630","+,,0","5","","19250611",",,0","19250621",",,0","6.7",",0,09,","0",",,0,30,+","0",",,0,30,+","87.6",",,0,11,","31.1",",0,21,","4204.1","0","49.4",",0","285.0",",,,0","0",",,,0","17.59",",0","23.06",",,,0","12.11",",,,0"
"USC00392927","1925-07","45.03239","-99.12253","481.0","FAULKTON, SD US","149.2","0","89.3",",0","4",",0","2",",0","1",",0","0",",0","0",",0","0",",0","0",",0","0",",0","30",",0","7",",0","","","19250722",",,0","19250731","+,,0","19250731","+,,0","3","","19250701",",,0","19250712",",,0","6.1",",0,22,","0",",,0,31,+","0",",,0,31,+","26.7",",,0,01,","35.0",",0,12,","19.6","0","19.6",",0","43.9",",,,0","0",",,,0","20.58",",0","27.59",",,,0","13.57",",,,0"
"USC00392927","1925-08","45.03239","-99.12253","481.0","FAULKTON, SD US","275.5","0","126.3",",0","6",",0","5",",0","1",",0","0",",0","0",",0","0",",0","0",",0","0",",0","31",",0","12",",0","","","19250821","+,,0","19250831","+,,0","19250831","+,,0","3","","19250824",",,0","19250823",",,0","8.3",",0,21,+","0",",,0,31,+","0",",,0,31,+","37.3",",,0,24,","40.0",",0,23,","21.9","0","2.3",",0","62.7",",,,0","0",",,,0","22.33",",0","30.52",",,,0","14.14",",,,0"
"USC00392927","1925-09","45.03239","-99.12253","481.0","FAULKTON, SD US","331.1","0","55.6",",0","6",",0","1",",0","0",",0","0",",0","0",",0","0",",0","0",",0","0",",0","21",",0","5",",0","","","19250921",",,0","19250930","+,,0","19250930","+,,0","1","","19250909",",,0","19250904",",,0","1.1",",0,21,","0",",,0,30,+","0",",,0,30,+","15.2",",,0,09,","35.6",",0,04,","97.8","0","75.9",",0","20.8",",,,0","0",",,,0","17.66",",0","24.45",",,,0","10.87",",,,0"
"USC00392927","1925-10","45.03239","-99.12253","481.0","FAULKTON, SD US","331.1","0","0.0",",0","2",",0","1",",0","0",",0","0",",0","0",",0","1",",0","20",",0","3",",0","0",",0","0",",0","","","19251029",",,0","19251031","+,,0","19251027","+,,0","","","19251016",",,0","19251005",",,0","-18.3",",0,29,","0",",,0,31,+","0",",T,0,27,+","3.6",",,0,16,","17.8",",0,05,","586.6","0","488.8",",0","5.4",",,,0","0",",T,,0","2.57",",0","8.10",",,,0","-2.97",",,,0"
"USC00392927","1925-11","45.03239","-99.12253","481.0","FAULKTON, SD US","331.1","0","0.0",",0","1",",0","1",",0","0",",0","0","1,0","1",",0","0",",0","29",",0","5",",0","0",",0","0",",0","","","19251127",",,0","19251130","+,1,0","19251104",",,0","1","","19251104",",,0","19251120",",,0","-16.7",",0,27,","0","1,,0,30,+","76",",,0,04,","5.1",",,0,04,","18.3",",0,20,","1118.1","0","531.5",",0","5.1",",,,0","76",",,,0","0.62",",0","7.24",",,,0","-6.01",",,,0"
"USC00392927","1925-12","45.03239","-99.12253","481.0","FAULKTON, SD US","331.1","0","0.0",",0","2",",0","1",",0","0",",0","8",",0","1",",0","7",",0","30",",0","20",",0","0",",0","0",",0","1","","19251229",",,0","19251231","+,,0","19251224",",,0","","","19251224",",,0","19251201",",,0","-27.8",",0,29,","25",",,0,31,+","25",",,0,24,","2.5",",,0,24,","11.7",",0,01,","1897.8","0","779.7",",0","4.5",",,,0","25",",,,0","-6.82",",0","-1.69",",,,0","-11.95",",,,0"
"USC00392927","1926-01","45.03239","-99.12253","481.0","FAULKTON, SD US","0.0","0","0.0",",0","3",",0","2",",0","0",",0","","","2",",0","9",",0","31",",0","17",",0","0",",0","0",",0","","","19260128",",,0","","","19260119",",,0","","","19260119",",,0","19260117",",,0","-28.3",",0,28,","","","76",",,0,19,","7.6",",,0,19,","7.2",",0,17,","2679.4","0","781.6",",0","14.7",",,,0","140",",,,0","-6.88",",0","-1.01",",,,0","-12.75",",,,0"
"USC00392927","1926-02","45.03239","-99.12253","481.0","FAULKTON, SD US","0.0","0","0.0",",0","3",",0","2",",0","0",",0","0",",0","2",",0","1",",0","27",",0","7",",0","0",",0","0",",0","","","19260201",",,0","19260228","+,,0","19260221",",,0","","","19260221",",,0","19260227",",,0","-18.9",",0,01,","0",",,0,28,+","38",",,0,21,","3.0",",,0,21,","14.4",",0,27,","3260.0","0","580.6",",0","6.0",",,,0","63",",,,0","-2.40",",0","3.19",",,,0","-8.00",",,,0"
"USC00392927","1926-03","45.03239","-99.12253","481.0","FAULKTON, SD US","0.0","0","0.0",",0","0",",0","0",",0","0",",0","0",",0","0",",0","1",",0","28",",0","6",",0","1",",0","0",",0","","","19260307",",,0","19260331","+,,0","19260328","+,,0","","","19260328","+,,0","19260323",",,0","-20.6",",0,07,","0",",,0,31,+","0",",T,0,28,+","0.0",",T,0,28,+","22.8",",0,23,","3854.5","0","594.5",",0","0.0",",T,,0","0",",T,,0","-0.85",",0","6.23",",,,0","-7.92",",,,0"
"USC00392927","1926-04","45.03239","-99.12253","481.0","FAULKTON, SD US","3.6","0","3.6","1,0","2",",0","2",",0","0",",0","0","4,0","1",",0","0",",0","16",",0","0","1,0","13","1,0","0","1,0","","","19260405",",,0","19260430","+,4,0","19260404",",,0","","","19260404",",,0","19260430",",1,0","-15.6",",0,05,","0","4,,0,30,+","102",",,0,04,","10.2",",,0,04,","31.7","1,0,30,","4155.9","0","301.4","1,0","12.7",",,,0","102",",,,0","7.97","1,0","17.13","1,,,0","-1.19",",,,0"
"USC00392927","1926-05","45.03239","-99.12253","481.0","FAULKTON, SD US","55.6","0","52.0",",0","7",",0","4",",0","0",",0","0",",0","0",",0","0",",0","1",",0","0",",0","24",",0","4",",0","","","19260503",",,0","19260531","+,,0","19260531","+,,0","","","19260528",",,0","19260524",",,0","-3.9",",0,03,","0",",,0,31,+","0",",,0,31,+","19.1",",,0,28,","37.2",",0,24,","4238.5","0","82.6",",0","59.0",",,,0","0",",,,0","17.35",",0","25.05",",,,0","9.64",",,,0"
"USC00392927","1926-06","45.03239","-99.12253","481.0","FAULKTON, SD US","110.8","0","55.2",",0","6",",0","4",",0","0",",0","0",",0","0",",0","0",",0","0",",0","0",",0","23",",0","5",",0","","","19260602",",,0","19260630","+,,0","19260630","+,,0","3","","19260612","+,,0","19260628",",,0","3.3",",0,02,","0",",,0,30,+","0",",,0,30,+","11.4",",,0,12,+","38.9",",0,28,","4290.1","0","51.6",",0","39.0",",,,0","0",",,,0","18.45",",0","25.44",",,,0","11.46",",,,0"
"USC00392927","1926-07","45.03239","-99.12253","481.0","FAULKTON, SD US","247.8","0","137.0",",0","10",",0","6",",0","0",",0","0",",0","0",",0","0",",0","0",",0","0",",0","31",",0","10",",0","","","19260722","+,,0","19260731","+,,0","19260731","+,,0","4","","19260723",",,0","19260718",",,0","10.0",",0,22,+","0",",,0,31,+","0",",,0,31,+","22.9",",,0,23,","39.4",",0,18,","0.8","0","0.8",",0","61.4",",,,0","0",",,,0","22.72",",0","30.18",",,,0","15.27",",,,0"
"USC00392927","1926-08","45.03239","-99.12253","481.0","FAULKTON, SD US","337.2","0","89.4",",0","9",",0","7",",0","0",",0","0",",0","0",",0","0",",0","0",",0","0",",0","30",",0","8",",0","","","19260829","+,,0","19260831","+,,0","19260831","+,,0","2","","19260817",",,0","19260825",",,0","10.6",",0,29,+","0",",,0,31,+","0",",,0,31,+","10.7",",,0,17,","39.4",",0,25,","6.4","0","5.6",",0","42.4",",,,0","0",",,,0","21.04",",0","27.80",",,,0","14.27",",,,0"
"USC00392927","1926-09","45.03239","-99.12253","481.0","FAULKTON, SD US","353.6","0","16.4",",0","4",",0","3",",0","1",",0","0",",0","0",",0","0",",0","4",",0","0",",0","14",",0","2",",0","","","19260925",",,0","19260930","+,,0","19260924",",,0","1","","19260902",",,0","19260916","+,,0","-8.9",",0,25,","0",",,0,30,+","0",",T,0,24,","37.3",",,0,02,","32.2",",0,16,+","162.5","0","156.1",",0","55.3",",,,0","0",",T,,0","13.68",",0","20.07",",,,0","7.29",",,,0"
"USC00392927","1926-10","45.03239","-99.12253","481.0","FAULKTON, SD US","353.6","0","0.0",",0","7",",0","5",",0","1",",0","0",",0","0",",0","0",",0","10",",0","0",",0","4",",0","0",",0","","","19261030",",,0","19261031","+,,0","19261030",",,0","1","","19261003",",,0","19261017",",,0","-7.2",",0,30,","0",",,0,31,+","0",",T,0,30,","34.8",",,0,03,","25.0",",0,17,","450.2","0","287.7",",0","69.6",",,,0","0",",T,,0","9.05",",0","15.41",",,,0","2.69",",,,0"
"USC00392927","1926-11","45.03239","-99.12253","481.0","FAULKTON, SD US","353.6","0","0.0",",0","2",",0","1",",0","0",",0","0",",0","0",",0","0",",0","28",",0","13",",0","0",",0","0",",0","","","19261121",",,0","19261130","+,,0","19261117",",,0","","","19261102",",,0","19261105",",,0","-15.0",",0,21,","0",",,0,30,+","13",",,0,17,","4.1",",,0,02,","19.4",",0,05,","1079.6","0","629.4",",0","5.4",",,,0","13",",,,0","-2.65",",0","2.02",",,,0","-7.32",",,,0"
"USC00392927","1926-12","45.03239","-99.12253","481.0","FAULKTON, SD US","353.6","0","0.0",",0","1",",0","1",",0","0",",0","7","4,0","1",",0","10",",0","31",",0","17",",0","0",",0","0",",0","","","19261213",",,0","19261210","+,4,0","19261204",",,0","","","19261204",",,0","19261211",",,0","-25.6",",0,13,","102","4,,0,10,+","102",",,0,04,","7.1",",,0,04,","8.9",",0,11,","1891.3","0","811.7",",0","7.1",",,,0","102",",,,0","-7.85",",0","-2.23",",,,0","-13.47",",,,0"
"USC00392927","1927-01","45.03239","-99.12253","481.0","FAULKTON, SD US","0.0","0","0.0",",0","1",",0","1",",0","0",",0","7","4,0","1",",0","10",",0","30",",0","17",",0","0",",0","0",",0","","","19270123","+,,0","19270126","+,4,0","19270120",",,0","","","19270120",",,0","19270101",",,0","-28.9",",0,23,+","102","4,,0,26,+","89",",,0,20,","8.9",",,0,20,","9.4",",0,01,","2699.5","0","808.2",",0","8.9",",,,0","89",",,,0","-7.74",",0","-2.53",",,,0","-12.95",",,,0"
"USC00392927","1927-02","45.03239","-99.12253","481.0","FAULKTON, SD US","0.0","0","0.0",",0","3",",0","2",",0","0",",0","0",",0","2",",0","5",",0","27",",0","11",",0","0",",0","0",",0","","","19270218",",,0","19270228","+,,0","19270219",",,0","","","19270219",",,0","19270223","+,,0","-25.0",",0,18,","0",",,0,28,+","51",",,0,19,","5.1",",,0,19,","7.8",",0,23,+","3354.5","0","655.0",",0","8.9",",,,0","76",",,,0","-5.06",",0","0.51",",,,0","-10.63",",,,0"
"USC00392927","1927-03","45.03239","-99.12253","481.0","FAULKTON, SD US","0.0","0","0.0","1,0","2",",0","1",",0","0",",0","0",",0","1",",0","0","1,0","28","1,0","3",",0","0",",0","0",",0","","","19270302",",1,0","19270331","+,,0","19270312",",,0","1","","19270312",",,0","19270315","+,,0","-13.3","1,0,02,","0",",,0,31,+","76",",,0,12,","7.6",",,0,12,","15.6",",0,15,+","3861.6","0","507.1",",0","9.4",",,,0","76",",,,0","1.37","1,0","7.15",",,,0","-4.42","1,,,0"
"USC00392927","1927-04","45.03239","-99.12253","481.0","FAULKTON, SD US","0.0","0","0.0",",0","9",",0","7",",0","0",",0","0",",0","2",",0","0",",0","13",",0","0",",0","6",",0","0",",0","","","19270421",",,0","19270430","+,,0","19270420","+,,0","2","","19270407",",,0","19270426",",,0","-12.2",",0,21,","0",",,0,30,+","25",",,0,20,+","14.0",",,0,07,","27.2",",0,26,","4198.2","0","336.6",",0","65.3",",,,0","50",",,,0","7.11",",0","13.33",",,,0","0.90",",,,0"
"USC00392927","1927-05","45.03239","-99.12253","481.0","FAULKTON, SD US","0.0","0","0.0",",0","13",",0","7",",0","1",",0","0",",0","0",",0","0",",0","3",",0","0",",0","6",",0","0",",0","","","19270505",",,0","19270531","+,,0","19270531","+,,0","3","","19270508",",,0","19270516",",,0","-1.1",",0,05,","0",",,0,31,+","0",",,0,31,+","30.5",",,0,08,","26.1",",0,16,","4427.2","0","229.0",",0","92.3",",,,0","0",",,,0","10.95",",0","16.34",",,,0","5.56",",,,0"
"USC00392927","1927-06","45.03239","-99.12253","481.0","FAULKTON, SD US","48.1","0","48.1",",0","11",",0","11",",0","0",",0","0",",0","0",",0","0",",0","0",",0","0",",0","21",",0","1",",0","","","19270605",",,0","19270630","+,,0","19270630","+,,0","3","","19270629",",,0","19270627",",,0","3.3",",0,05,","0",",,0,30,+","0",",,0,30,+","16.5",",,0,29,","34.4",",0,27,","4501.3","0","74.1",",0","83.5",",,,0","0",",,,0","17.47",",0","23.82",",,,0","11.12",",,,0"
"USC00392927","1927-07","45.03239","-99.12253","481.0","FAULKTON, SD US","104.7","0","56.6",",0","10",",0","6",",0","1",",0","0",",0","0",",0","0",",0","0",",0","0",",0","30",",0","1",",0","","","19270702",",,0","19270731","+,,0","19270731","+,,0","7","","19270716",",,0","19270727",",,0","4.4",",0,02,","0",",,0,31,+","0",",,0,31,+","36.8",",,0,16,","32.2",",0,27,","13.9","0","13.9",",0","90.8",",,,0","0",",,,0","19.71",",0","26.09",",,,0","13.33",",,,0"
"USC00392927","1927-08","45.03239","-99.12253","481.0","FAULKTON, SD US","162.8","0","58.1",",0","6",",0","5",",0","0",",0","0",",0","0",",0","0",",0","0",",0","0",",0","29",",0","1",",0","","","19270819","+,,0","19270831","+,,0","19270831","+,,0","1","","19270827",",,0","19270830",",,0","5.0",",0,19,+","0",",,0,31,+","0",",,0,31,+","17.8",",,0,27,","32.2",",0,30,","45.5","0","31.6",",0","32.2",",,,0","0",",,,0","19.19",",0","26.61",",,,0","11.76",",,,0"
"USC00392927","1927-09","45.03239","-99.12253","481.0","FAULKTON, SD US","229.1","0","66.3",",0","4",",0","3",",0","0",",0","0",",0","0",",0","0",",0","6",",0","0",",0","19",",0","5",",0","1","","19270928",",,0","19270930","+,,0","19270930","+,,0","1","","19270925",",,0","19270913",",,0","-3.3",",0,28,","0",",,0,30,+","0",",,0,30,+","11.9",",,0,25,","35.6",",0,13,","179.3","0","133.8",",0","27.9",",,,0","0",",,,0","16.08",",0","23.53",",,,0","8.63",",,,0"
"USC00392927","1927-10","45.03239","-99.12253","481.0","FAULKTON, SD US","229.1","0","0.0",",0","3",",0","1",",0","0",",0","0",",0","0",",0","0",",0","8",",0","0",",0","11",",0","0",",0","","","19271009",",,0","19271031","+,,0","19271031","+,,0","","","19271002",",,0","19271021",",,0","-4.4",",0,09,","0",",,0,31,+","0",",,0,31,+","8.9",",,0,02,","28.9",",0,21,","422.0","0","242.7",",0","13.2",",,,0","0",",,,0","10.50",",0","18.60",",,,0","2.40",",,,0"
"USC00392927","1927-11","45.03239","-99.12253","481.0","FAULKTON, SD US","229.1","0","0.0",",0","3",",0","3",",0","0",",0","6","5,0","3",",0","0",",0","28",",0","12",",0","0",",0","0",",0","2","","19271118",",,0","19271119",",5,0","19271114",",,0","","","19271114",",,0","19271103",",,0","-15.6",",0,18,","229","5,,0,19,","127",",,0,14,","10.2",",,0,14,","12.8",",0,03,","1062.1","0","640.1",",0","19.1",",,,0","228",",,,0","-3.01",",0","1.34",",,,0","-7.35",",,,0"
"USC00392927","1927-12","45.03239","-99.12253","481.0","FAULKTON, SD US","229.1","0","0.0",",0","2",",0","2",",0","0",",0","","","2",",0","24",",0","31",",0","29",",0","0",",0","0",",0","","","19271208",",,0","","","19271203",",,0","","","19271203",",,0","19271205",",,0","-31.7",",0,08,","","","127",",,0,03,","11.9",",,0,03,","2.2",",0,05,","2128.5","0","1066.4",",0","16.7",",,,0","175",",,,0","-16.07",",0","-11.02",",,,0","-21.11",",,,0"
"USC00392927","1928-01","45.03239","-99.12253","481.0","FAULKTON, SD US","0.0","0","0.0",",0","1",",0","0",",0","0",",0","0",",0","0",",0","7",",0","30",",0","16",",0","0",",0","0",",0","","","19280102","+,,0","19280129",",,0","19280129",",,0","","","19280129",",,0","19280112",",,0","-31.7",",0,02,+","0",",T,0,29,","13",",,0,29,","1.3",",,0,29,","8.9",",0,12,","2927.5","0","799.0",",0","1.3",",,,0","13",",,,0","-7.44",",0","-2.18",",,,0","-12.70",",,,0"
"USC00392927","1928-02","45.03239","-99.12253","481.0","FAULKTON, SD US","0.0","0","0.0",",0","0",",0","0",",0","0",",0","0",",0","0",",0","5",",0","29",",0","9",",0","0",",0","0",",0","","","19280223",",,0","19280229","+,,0","19280222","+,,0","","","19280222","+,,0","19280211",",,0","-22.8",",0,23,","0",",,0,29,+","0",",T,0,22,+","0.0",",T,0,22,+","12.2",",0,11,","3587.9","0","660.4",",0","0.0",",T,,0","0",",T,,0","-4.44",",0","1.73",",,,0","-10.61",",,,0"
"USC00392927","1928-03","45.03239","-99.12253","481.0","FAULKTON, SD US","0.0","0","0.0",",0","2",",0","0",",0","0",",0","0",",0","0",",0","0",",0","27",",0","2",",0","4",",0","0",",0","","","19280305",",,0","19280328",",,0","19280328",",,0","","","19280328","+,,0","19280321",",,0","-12.8",",0,05,","0",",T,0,28,","8",",,0,28,","0.8",",,0,28,+","24.4",",0,21,","4092.8","0","504.9",",0","1.6",",,,0","8",",,,0","2.05",",0","9.39",",,,0","-5.30",",,,0"
"USC00392927","1928-04","45.03239","-99.12253","481.0","FAULKTON, SD US","0.0","0","0.0",",0","4",",0","4",",0","0",",0","0",",0","2",",0","0",",0","24",",0","1",",0","4",",0","0",",0","","","19280414",",,0","19280430","+,,0","19280413",",,0","","","19280411",",,0","19280428",",,0","-15.0",",0,14,","0",",,0,30,+","38",",,0,13,","10.7",",,0,11,","25.6",",0,28,","4523.4","0","430.6",",0","27.2",",,,0","63",",,,0","3.98",",0","11.50",",,,0","-3.54",",,,0"
"USC00392927","1928-05","45.03239","-99.12253","481.0","FAULKTON, SD US","24.3","0","24.3",",0","4",",0","1",",0","0",",0","0",",0","0",",0","0",",0","3",",0","0",",0","23",",0","2",",0","","","19280527","+,,0","19280531","+,,0","19280531","+,,0","1","","19280502",",,0","19280507",",,0","0.0",",0,27,+","0",",,0,31,+","0",",,0,31,+","5.1",",,0,02,","35.0",",0,07,","4622.8","0","99.4",",0","9.4",",,,0","0",",,,0","15.91",",0","24.34",",,,0","7.48",",,,0"
"USC00392927","1928-06","45.03239","-99.12253","481.0","FAULKTON, SD US","35.4","0","11.1",",0","12",",0","7",",0","0",",0","0",",0","0",",0","0",",0","0",",0","0",",0","24",",0","0",",0","","","19280604",",,0","19280630","+,,0","19280630","+,,0","3","","19280612",",,0","19280630",",,0","2.2",",0,04,","0",",,0,30,+","0",",,0,30,+","20.3",",,0,12,","29.4",",0,30,","4696.2","0","73.4",",0","84.7",",,,0","0",",,,0","16.26",",0","23.44",",,,0","9.07",",,,0"
"USC00392927","1928-07","45.03239","-99.12253","481.0","FAULKTON, SD US","145.0","0","109.6","1,0","5",",0","5",",0","0",",0","0",",0","0",",0","0",",0","0",",0","0","1,0","30","1,0","5","1,0","","","19280728",",,0","19280731","+,,0","19280731","+,,0","4","","19280707",",,0","19280726",",1,0","8.3",",0,28,","0",",,0,31,+","0",",,0,31,+","22.9",",,0,07,","33.9","1,0,26,","1.4","0","1.4","1,0","62.9",",,,0","0",",,,0","21.93","1,0","28.95","1,,,0","14.91",",,,0"
"USC00392927","1928-08","45.03239","-99.12253","481.0","FAULKTON, SD US","245.6","0","100.6",",0","10",",0","8",",0","2",",0","0",",0","0",",0","0",",0","0",",0","0",",0","28",",0","9",",0","","","19280824",",,0","19280831","+,,0","19280831","+,,0","3","","19280829",",,0","19280812",",,0","3.9",",0,24,","0",",,0,31,+","0",",,0,31,+","31.8",",,0,29,","40.0",",0,12,","22.1","0","20.7",",0","101.3",",,,0","0",",,,0","20.91",",0","28.54",",,,0","13.28",",,,0"
"USC00392927","1928-09","45.03239","-99.12253","481.0","FAULKTON, SD US","255.9","0","10.3",",0","4",",0","3",",0","0",",0","0",",0","0",",0","0",",0","4",",0","0",",0","18",",0","0",",0","","","19280925",",,0","19280930","+,,0","19280930","+,,0","1","","19280913",",,0","19280907",",,0","-5.0",",0,25,","0",",,0,30,+","0",",,0,30,+","10.2",",,0,13,","30.6",",0,07,","164.1","0","142.0",",0","20.7",",,,0","0",",,,0","13.94",",0","21.02",",,,0","6.86",",,,0"
"USC00392927","1928-10","45.03239","-99.12253","481.0","FAULKTON, SD US","256.5","0","0.6",",0","2","2,0","1","2,0","0","2,0","0",",0","1",",0","0",",0","14",",0","0",",0","10",",0","0",",0","","","19281029",",,0","19281031","+,,0","19281021",",,0","1","","19281021",",2,0","19281010","+,,0","-6.7",",0,29,","0",",,0,31,+","102",",,0,21,","10.2","2,,0,21,","30.6",",0,10,+","461.3","0","297.2",",0","46.5",",a,,0","102",",,,0","8.76",",0","15.80",",,,0","1.73",",,,0"
"USC00392927","1928-11","45.03239","-99.12253","481.0","FAULKTON, SD US","256.5","0","0.0",",0","4",",0","3",",0","0",",0","0",",0","1",",0","0",",0","26",",0","1",",0","0",",0","0",",0","","","19281125",",,0","19281130","+,,0","19281115",",,0","","","19281114",",,0","19281113",",,0","-12.8",",0,25,","0",",,0,30,+","51",",,0,15,","15.5",",,0,14,","16.1",",0,13,","964.8","0","503.5",",0","33.1",",,,0","51",",,,0","1.55",",0","7.20",",,,0","-4.10",",,,0"
"USC00392927","1928-12","45.03239","-99.12253","481.0","FAULKTON, SD US","256.5","0","0.0",",0","1",",0","1",",0","0",",0","0",",0","1",",0","3",",0","30",",0","9",",0","0",",0","0",",0","1","","19281205",",,0","19281231","+,,0","19281202",",,0","","","19281202",",,0","19281227",",,0","-21.1",",0,05,","0",",T,0,31,+","25",",,0,02,","2.5",",,0,02,","13.3",",0,27,","1631.4","0","666.6",",0","2.5",",,,0","25",",,,0","-3.17",",0","2.96",",,,0","-9.30",",,,0"
"USC00392927","1929-01","45.03239","-99.12253","481.0","FAULKTON, SD US","0.0","0","0.0",",0","8",",0","7",",0","0",",0","","","7",",0","26",",0","31",",0","27",",0","0",",0","0",",0","","","19290129",",,0","","","19290104",",,0","","","19290122",",,0","19290110",",,0","-33.9",",0,29,","","","127",",,0,04,","10.2",",,0,22,","5.0",",0,10,","2726.2","0","1094.8",",0","40.1",",,,0","470",",,,0","-16.98",",0","-10.72",",,,0","-23.24",",,,0"
"USC00392927","1929-02","45.03239","-99.12253","481.0","FAULKTON, SD US","0.0","0","0.0",",0","2",",0","2",",0","0",",0","","","2",",0","17",",0","28",",0","25",",0","0",",0","0",",0","","","19290219",",,0","","","19290228","+,,0","","","19290228","+,,0","19290220","+,,0","-35.6",",0,19,","","","25",",,0,28,+","2.5",",,0,28,+","1.1",",0,20,+","3608.1","0","881.9",",0","5.0",",,,0","50",",,,0","-13.16",",0","-6.94",",,,0","-19.38",",,,0"
"USC00392927","1929-03","45.03239","-99.12253","481.0","FAULKTON, SD US","0.0","0","0.0",",0","4",",0","4",",0","1",",0","","","2",",0","0",",0","27",",0","4",",0","0",",0","0",",0","","","19290307",",,0","","","19290322",",,0","","","19290322",",,0","19290328",",,0","-13.9",",0,07,","","","254",",,0,22,","26.7",",,0,22,","19.4",",0,28,","4143.7","0","535.6",",0","59.2",",,,0","330",",,,0","1.05",",0","6.44",",,,0","-4.33",",,,0"
"USC00392927","1929-04","45.03239","-99.12253","481.0","FAULKTON, SD US","0.0","0","0.0","1,0","6","2,0","5","2,0","1","2,0","0","4,0","0",",0","0","1,0","13","1,0","0",",0","4",",0","0",",0","","","19290412",",1,0","19290408",",4,0","19290408",",,0","1","","19290424",",2,0","19290404",",,0","-7.8","1,0,12,","0","4,T,0,08,","0",",T,0,08,","40.6","2,,0,24,","27.2",",0,04,","4465.9","0","322.2",",0","65.4",",a,,0","152",",a,,0","7.15","1,0","13.87",",,,0","0.42","1,,,0"
"USC00392927","1929-05","45.03239","-99.12253","481.0","FAULKTON, SD US","8.4","0","8.4",",0","6",",0","4",",0","0",",0","0",",0","0",",0","0",",0","9",",0","0",",0","13",",0","0",",0","","","19290507","+,,0","19290515",",,0","19290515",",,0","1","","19290528",",,0","19290525","+,,0","-3.9",",0,07,+","0",",T,0,15,","0",",T,0,15,","20.3",",,0,28,","30.0",",0,25,+","4680.1","0","214.2",",0","32.7",",,,0","0",",T,,0","11.69",",0","19.21",",,,0","4.17",",,,0"
"USC00392927","1929-06","45.03239","-99.12253","481.0","FAULKTON, SD US","","","","","3",",0","2",",0","0",",0","0",",0","0",",0","","","","","0",",0","24",",0","3",",0","","","","","19290630","+,,0","19290630","+,,0","2","","19290613",",,0","19290629",",,0","","","0",",,0,30,+","0",",,0,30,+","8.9",",,0,13,","36.7",",0,29,","","","","","12.7",",,,0","0",",,,0","","","25.87",",,,0","",""
"USC00392927","1929-07","45.03239","-99.12253","481.0","FAULKTON, SD US","","","181.9",",0","5",",0","3",",0","0",",0","0",",0","0",",0","0",",0","0",",0","0",",0","31",",0","17",",0","","","19290709",",,0","19290731","+,,0","19290731","+,,0","2","","19290714",",,0","19290726",",,0","7.2",",0,09,","0",",,0,31,+","0",",,0,31,+","12.7",",,0,14,","39.4",",0,26,","2.5","0","2.5",",0","27.9",",,,0","0",",,,0","24.12",",0","32.11",",,,0","16.13",",,,0"
"USC00392927","1929-08","45.03239","-99.12253","481.0","FAULKTON, SD US","","","136.4",",0","4",",0","3",",0","0",",0","0",",0","0",",0","0",",0","0",",0","0",",0","31",",0","13",",0","","","19290814",",,0","19290831","+,,0","19290831","+,,0","4","","19290824",",,0","19290824",",,0","3.3",",0,14,","0",",,0,31,+","0",",,0,31,+","6.9",",,0,24,","39.4",",0,24,","6.7","0","4.2",",0","13.7",",,,0","0",",,,0","22.60",",0","31.50",",,,0","13.69",",,,0"
"USC00392927","1929-09","45.03239","-99.12253","481.0","FAULKTON, SD US","","","23.1",",0","7",",0","6",",0","0",",0","0",",0","0",",0","0",",0","1",",0","0",",0","11",",0","2",",0","1","","19290918",",,0","19290930","+,,0","19290930","+,,0","","","19290926",",,0","19290901",",,0","-5.0",",0,18,","0",",,0,30,+","0",",,0,30,+","14.7",",,0,26,","37.2",",0,01,","180.5","0","173.8",",0","44.4",",,,0","0",",,,0","13.31",",0","19.32",",,,0","7.30",",,,0"
"USC00392927","1929-10","45.03239","-99.12253","481.0","FAULKTON, SD US","","","1.1",",0","5",",0","5",",0","0",",0","2",",0","3",",0","0",",0","6",",0","1",",0","6",",0","0",",0","1","","19291023",",,0","19291031",",,0","19291030",",,0","","","19291011",",,0","19291005",",,0","-5.0",",0,23,","254",",,0,31,","165",",,0,30,","20.3",",,0,11,","28.9",",0,05,","448.9","0","268.4",",0","69.3",",,,0","355",",,,0","9.71",",0","16.04",",,,0","3.38",",,,0"
"USC00392927","1929-11","45.03239","-99.12253","481.0","FAULKTON, SD US","","","0.0",",0","2",",0","0",",0","0",",0","1",",0","0",",0","3",",0","28",",0","9",",0","0",",0","0",",0","1","","19291122",",,0","19291130",",,0","19291121","+,,0","","","19291121","+,,0","19291116",",,0","-21.1",",0,22,","25",",,0,30,","13",",,0,21,+","1.3",",,0,21,+","12.2",",0,16,","1068.3","0","619.4",",0","2.6",",,,0","26",",,,0","-2.31",",0","2.30",",,,0","-6.92",",,,0"
"USC00392927","1929-12","45.03239","-99.12253","481.0","FAULKTON, SD US","","","0.0",",0","0","2,0","0","2,0","0","2,0","0",",0","0",",0","7",",0","30",",0","21",",0","0",",0","0",",0","","","19291218",",,0","19291231","+,,0","19291210","+,,0","","","19291210","+,2,0","19291204",",,0","-29.4",",0,18,","0",",,0,31,+","0",",T,0,10,+","0.0","2,T,0,10,+","8.3",",0,04,","1871.7","0","803.4",",0","5.1",",a,,0","51",",a,,0","-7.58",",0","-2.98",",,,0","-12.19",",,,0"
"USC00392927","1930-01","45.03239","-99.12253","481.0","FAULKTON, SD US","0.0","0","0.0",",0","1",",0","1",",0","0",",0","18",",0","1",",0","23",",0","31",",0","27",",0","0",",0","0",",0","","","19300117",",,0","19300128","+,,0","19300112",",,0","","","19300112",",,0","19300102","+,,0","-33.3",",0,17,","51",",,0,28,+","51",",,0,12,","6.9",",,0,12,","2.8",",0,02,+","2906.4","0","1034.7",",0","6.9",",,,0","51",",,,0","-15.05",",0","-9.40",",,,0","-20.69",",,,0"
"USC00392927","1930-02","45.03239","-99.12253","481.0","FAULKTON, SD US","0.0","0","0.0",",0","3",",0","3",",0","0",",0","1",",0","1",",0","2",",0","25",",0","7",",0","0",",0","0",",0","","","19300215",",,0","19300228",",,0","19300228",",,0","","","19300228",",,0","19300218",",,0","-23.3",",0,15,","152",",,0,28,","152",",,0,28,","15.2",",,0,28,","16.1",",0,18,","3446.5","0","540.1",",0","24.4",",,,0","152",",,,0","-0.96",",0","4.91",",,,0","-6.83",",,,0"
"USC00392927","1930-03","45.03239","-99.12253","481.0","FAULKTON, SD US","0.0","0","0.0",",0","1",",0","0",",0","0",",0","","","0",",0","1",",0","30",",0","4",",0","0",",0","0",",0","2","","19300302",",,0","","","19300324",",,0","","","19300324",",,0","19300319",",,0","-21.1",",0,02,","","","13",",,0,24,","1.3",",,0,24,","17.2",",0,19,","4035.4","0","588.9",",0","1.3",",,,0","13",",,,0","-0.66",",0","4.89",",,,0","-6.22",",,,0"
"USC00392927","1930-04","45.03239","-99.12253","481.0","FAULKTON, SD US","0.0","0","0.0",",0","6",",0","6",",0","1",",0","0","1,0","1",",0","0",",0","9",",0","0",",0","7",",0","0",",0","","","19300401",",,0","19300430","+,1,0","19300417",",,0","1","","19300417",",,0","19300404",",,0","-5.6",",0,01,","0","1,,0,30,+","152",",,0,17,","27.9",",,0,17,","26.7",",0,04,","4298.3","0","262.9",",0","60.0",",,,0","152",",,,0","9.57",",0","16.23",",,,0","2.91",",,,0"
"USC00392927","1930-05","45.03239","-99.12253","481.0","FAULKTON, SD US","5.0","0","5.0",",0","8",",0","7",",0","1",",0","0",",0","0",",0","0",",0","3",",0","0",",0","13",",0","0",",0","","","19300517",",,0","19300531","+,,0","19300531","+,,0","2","","19300511",",,0","19300521",",,0","-2.8",",0,17,","0",",,0,31,+","0",",,0,31,+","45.0",",,0,11,","30.0",",0,21,","4504.2","0","205.9",",0","83.9",",,,0","0",",,,0","11.85",",0","18.17",",,,0","5.53",",,,0"
"USC00392927","1930-06","45.03239","-99.12253","481.0","FAULKTON, SD US","47.6","0","42.6",",0","7",",0","5",",0","0",",0","0",",0","0",",0","0",",0","0",",0","0",",0","28",",0","1",",0","1","","19300607",",,0","19300630","+,,0","19300630","+,,0","3","","19300624",",,0","19300628",",,0","3.3",",0,07,","0",",,0,30,+","0",",,0,30,+","12.2",",,0,24,","33.9",",0,28,","4538.4","0","34.2",",0","47.8",",,,0","0",",,,0","18.61",",0","25.47",",,,0","11.76",",,,0"
"USC00392927","1930-07","45.03239","-99.12253","481.0","FAULKTON, SD US","263.6","0","216.0",",0","2",",0","2",",0","0",",0","0",",0","0",",0","0",",0","0",",0","0",",0","31",",0","21",",0","","","19300714",",,0","19300731","+,,0","19300731","+,,0","2","","19300720",",,0","19300716","+,,0","5.0",",0,14,","0",",,0,31,+","0",",,0,31,+","7.6",",,0,20,","40.6",",0,16,+","3.6","0","3.6",",0","11.7",",,,0","0",",,,0","25.18",",0","33.73",",,,0","16.64",",,,0"
"USC00392927","1930-08","45.03239","-99.12253","481.0","FAULKTON, SD US","380.2","0","116.6",",0","6",",0","5",",0","1",",0","0",",0","0",",0","0",",0","0",",0","0",",0","28",",0","6",",0","","","19300810",",,0","19300831","+,,0","19300831","+,,0","2","","19300818",",,0","19300801",",,0","8.9",",0,10,","0",",,0,31,+","0",",,0,31,+","34.3",",,0,18,","41.1",",0,01,","10.8","0","7.2",",0","70.4",",,,0","0",",,,0","21.86",",0","28.21",",,,0","15.52",",,,0"
"USC00392927","1930-09","45.03239","-99.12253","481.0","FAULKTON, SD US","385.8","0","5.6",",0","2",",0","2",",0","0",",0","0",",0","0",",0","0",",0","5",",0","0",",0","16",",0","0",",0","","","19300927",",,0","19300930","+,,0","19300930","+,,0","2","","19300907",",,0","19300924","+,,0","-3.9",",0,27,","0",",,0,30,+","0",",,0,30,+","9.7",",,0,07,","25.6",",0,24,+","148.8","0","138.0",",0","14.8",",,,0","0",",,,0","13.92",",0","20.35",",,,0","7.48",",,,0"
"USC00392927","1930-10","45.03239","-99.12253","481.0","FAULKTON, SD US","385.8","0","0.0",",0","5",",0","5",",0","0",",0","0",",0","0",",0","0",",0","13",",0","2",",0","0",",0","0",",0","3","","19301021",",,0","19301031","+,,0","19301031","+,,0","1","","19301012",",,0","19301012","+,,0","-11.7",",0,21,","0",",,0,31,+","0",",,0,31,+","14.5",",,0,12,","20.0",",0,12,+","517.0","0","368.2",",0","48.6",",,,0","0",",,,0","6.45",",0","11.50",",,,0","1.41",",,,0"
"USC00392927","1930-11","45.03239","-99.12253","481.0","FAULKTON, SD US","385.8","0","0.0","1,0","2",",0","1",",0","1",",0","","","1",",0","2","1,0","28","1,0","7","1,0","0","1,0","0","1,0","","","19301126",",1,0","","","19301120",",,0","","","19301120",",,0","19301108",",1,0","-18.3","1,0,26,","","","127",",,0,20,","30.5",",,0,20,","19.4","1,0,08,","1038.8","0","521.8","1,0","31.8",",,,0","140",",,,0","0.34","1,0","6.26","1,,,0","-5.58","1,,,0"
"USC00392927","1930-12","45.03239","-99.12253","481.0","FAULKTON, SD US","385.8","0","0.0",",0","0",",0","0",",0","0",",0","0",",0","0",",0","0",",0","31",",0","13",",0","0",",0","0",",0","","","19301203",",,0","19301231","+,,0","19301218","+,,0","","","19301218","+,,0","19301209",",,0","-16.7",",0,03,","0",",,0,31,+","0",",T,0,18,+","0.0",",T,0,18,+","6.1",",0,09,","1733.3","0","694.5",",0","0.0",",T,,0","0",",T,,0","-4.07",",0","0.55",",,,0","-8.69",",,,0"
"USC00392927","1931-01","45.03239","-99.12253","481.0","FAULKTON, SD US","0.0","0","0.0",",0","2",",0","0",",0","0",",0","0",",0","0",",0","2",",0","28",",0","10",",0","0",",0","0",",0","","","19310114",",,0","19310131","+,,0","19310119","+,,0","","","19310119","+,,0","19310129",",,0","-22.8",",0,14,","0",",,0,31,+","13",",,0,19,+","1.3",",,0,19,+","13.3",",0,29,","2388.1","0","654.8",",0","2.6",",,,0","26",",,,0","-2.79",",0","3.03",",,,0","-8.61",",,,0"
"USC00392927","1931-02","45.03239","-99.12253","481.0","FAULKTON, SD US","0.0","0","0.0",",0","4",",0","2",",0","0",",0","0",",0","2",",0","1",",0","28",",0","2",",0","0",",0","0",",0","3","","19310213",",,0","19310228","+,,0","19310212",",,0","","","19310207",",,0","19310215",",,0","-21.7",",0,13,","0",",,0,28,+","51",",,0,12,","4.6",",,0,07,","13.9",",0,15,","2897.3","0","509.2",",0","11.4",",,,0","89",",,,0","0.15",",0","5.65",",,,0","-5.36",",,,0"
"USC00392927","1931-03","45.03239","-99.12253","481.0","FAULKTON, SD US","0.0","0","0.0",",0","4",",0","2",",0","0",",0","","","3",",0","0",",0","29",",0","5",",0","0",",0","0",",0","","","19310328","+,,0","","","19310326",",,0","","","19310323",",,0","19310322","+,,0","-17.2",",0,28,+","","","89",",,0,26,","12.7",",,0,23,","14.4",",0,22,+","3485.5","0","588.2",",0","24.1",",,,0","190",",,,0","-0.64",",0","5.70",",,,0","-6.98",",,,0"
"USC00392927","1931-04","45.03239","-99.12253","481.0","FAULKTON, SD US","0.0","0","0.0",",0","3",",0","2",",0","0",",0","0",",0","1",",0","0",",0","15",",0","0",",0","12",",0","0",",0","","","19310404",",,0","19310430","+,,0","19310403",",,0","1","","19310419",",,0","19310412",",,0","-10.6",",0,04,","0",",,0,30,+","76",",,0,03,","12.7",",,0,19,","28.3",",0,12,","3803.2","0","317.7",",0","23.1",",,,0","76",",,,0","7.74",",0","15.49",",,,0","0.00",",,,0"
"USC00392927","1931-05","45.03239","-99.12253","481.0","FAULKTON, SD US","13.6","0","13.6",",0","6",",0","4",",0","1",",0","0",",0","0",",0","0",",0","8",",0","0",",0","12",",0","2",",0","","","19310506",",,0","19310531","+,,0","19310519",",,0","1","","19310527",",,0","19310515",",,0","-6.7",",0,06,","0",",,0,31,+","0",",T,0,19,","25.4",",,0,27,","33.3",",0,15,","4020.8","0","217.6",",0","60.0",",,,0","0",",T,,0","11.75",",0","19.15",",,,0","4.36",",,,0"
"USC00392927","1931-06","45.03239","-99.12253","481.0","FAULKTON, SD US","157.9","0","144.3",",0","6",",0","4",",0","0",",0","0",",0","0",",0","0",",0","0",",0","0",",0","27",",0","12",",0","","","19310607","+,,0","19310630","+,,0","19310630","+,,0","","","19310610",",,0","19310628",",,0","6.1",",0,07,+","0",",,0,30,+","0",",,0,30,+","24.6",",,0,10,","43.3",",0,28,","4036.6","0","15.8",",0","41.3",",,,0","0",",,,0","22.62",",0","29.85",",,,0","15.38",",,,0"
"USC00392927","1931-07","45.03239","-99.12253","481.0","FAULKTON, SD US","357.1","0","199.2",",0","3",",0","2",",0","0",",0","0",",0","0",",0","0",",0","0",",0","0",",0","31",",0","20",",0","","","19310705",",,0","19310731","+,,0","19310731","+,,0","","","19310701",",,0","19310715",",,0","7.8",",0,05,","0",",,0,31,+","0",",,0,31,+","8.4",",,0,01,","43.9",",0,15,","1.4","0","1.4",",0","18.5",",,,0","0",",,,0","24.71",",0","33.87",",,,0","15.55",",,,0"
"USC00392927","1931-08","45.03239","-99.12253","481.0","FAULKTON, SD US","478.7","0","121.6",",0","5",",0","1",",0","0",",0","0",",0","0",",0","0",",0","0",",0","0",",0","30",",0","11",",0","","","19310830",",,0","19310831","+,,0","19310831","+,,0","1","","19310806",",,0","19310804",",,0","2.8",",0,30,","0",",,0,31,+","0",",,0,31,+","12.7",",,0,06,","40.0",",0,04,","16.7","0","15.3",",0","18.0",",,,0","0",",,,0","21.76",",0","29.79",",,,0","13.73",",,,0"
"USC00392927","1931-09","45.03239","-99.12253","481.0","FAULKTON, SD US","558.5","0","79.8",",0","6",",0","2",",0","0",",0","0",",0","0",",0","0",",0","0",",0","0",",0","25",",0","8",",0","","","19310924",",,0","19310930","+,,0","19310930","+,,0","1","","19310924",",,0","19310910","+,,0","1.1",",0,24,","0",",,0,30,+","0",",,0,30,+","11.4",",,0,24,","40.0",",0,10,+","72.0","0","55.3",",0","24.7",",,,0","0",",,,0","19.15",",0","27.40",",,,0","10.90",",,,0"
"USC00392927","1931-10","45.03239","-99.12253","481.0","FAULKTON, SD US","561.8","0","3.3",",0","7",",0","3",",0","0",",0","0",",0","0",",0","0",",0","6",",0","0",",0","8",",0","0",",0","","","19311011",",,0","19311031","+,,0","19311030","+,,0","","","19311021",",,0","19311002",",,0","-2.2",",0,11,","0",",,0,31,+","0",",T,0,30,+","20.3",",,0,21,","29.4",",0,02,","312.0","0","240.0",",0","33.6",",,,0","0",",T,,0","10.70",",0","17.60",",,,0","3.80",",,,0"
"USC00392927","1931-11","45.03239","-99.12253","481.0","FAULKTON, SD US","561.8","0","0.0",",0","4",",0","3",",0","0",",0","","","2",",0","0",",0","25",",0","8",",0","3",",0","0",",0","1","","19311125",",,0","","","19311124",",,0","","","19311120",",,0","19311102",",,0","-17.2",",0,25,","","","79",",,0,24,","8.4",",,0,20,","23.3",",0,02,","840.1","0","528.1",",0","23.2",",,,0","143",",,,0","0.73",",0","6.81",",,,0","-5.35",",,,0"
"USC00392927","1931-12","45.03239","-99.12253","481.0","FAULKTON, SD US","561.8","0","0.0",",0","4",",0","4",",0","0",",0","2",",0","4",",0","5",",0","31",",0","18",",0","0",",0","0",",0","2","","19311214",",,0","19311231",",,0","19311230",",,0","","","19311230",",,0","19311218",",,0","-20.6",",0,14,","279",",,0,31,","203",",,0,30,","17.3",",,0,30,","8.3",",0,18,","1578.0","0","737.9",",0","37.3",",,,0","355",",,,0","-5.47",",0","-1.43",",,,0","-9.51",",,,0"
"USC00392927","1932-01","45.03239","-99.12253","481.0","FAULKTON, SD US","0.0","0","0.0",",0","3",",0","3",",0","0",",0","26","5,0","3",",0","15",",0","31",",0","28",",0","0",",0","0",",0","","","19320131",",,0","19320131","+,5,0","19320116",",,0","","","19320116",",,0","19320112",",,0","-31.1",",0,31,","305","5,,0,31,+","51",",,0,16,","5.1",",,0,16,","3.3",",0,12,","2504.5","0","926.5",",0","10.1",",,,0","101",",,,0","-11.55",",0","-6.24",",,,0","-16.87",",,,0"
"USC00392927","1932-02","45.03239","-99.12253","481.0","FAULKTON, SD US","0.0","0","0.0",",0","1",",0","0",",0","0",",0","","","0",",0","13",",0","26",",0","20",",0","0",",0","0",",0","","","19320203",",,0","","","19320214",",,0","","","19320214",",,0","19320227",",,0","-27.8",",0,03,","","","13",",,0,14,","1.3",",,0,14,","13.9",",0,27,","3288.6","0","784.1",",0","1.3",",,,0","13",",,,0","-8.71",",0","-3.23",",,,0","-14.18",",,,0"
"USC00392927","1932-03","45.03239","-99.12253","481.0","FAULKTON, SD US","0.0","0","0.0",",0","3",",0","3",",0","0",",0","0","2,0","2",",0","8",",0","29",",0","12",",0","0",",0","0",",0","1","","19320306",",,0","19320315","+,2,0","19320320","+,,0","1","","19320320",",,0","19320329",",,0","-26.1",",0,06,","0","2,T,0,15,+","25",",,0,20,+","6.4",",,0,20,","15.0",",0,29,","4003.6","0","715.0",",0","12.5",",,,0","50",",,,0","-4.73",",0","0.26",",,,0","-9.73",",,,0"
"USC00392927","1932-04","45.03239","-99.12253","481.0","FAULKTON, SD US","0.0","0","0.0",",0","10",",0","6",",0","1",",0","0",",0","0",",0","0",",0","13",",0","0",",0","4",",0","0",",0","","","19320412",",,0","19320426",",,0","19320426",",,0","1","","19320424",",,0","19320408",",,0","-5.6",",0,12,","0",",T,0,26,","5",",,0,26,","37.8",",,0,24,","23.3",",0,08,","4293.2","0","289.6",",0","75.9",",,,0","5",",,,0","8.68",",0","15.09",",,,0","2.27",",,,0"
"USC00392927","1932-05","45.03239","-99.12253","481.0","FAULKTON, SD US","16.8","0","16.8",",0","11",",0","5",",0","0",",0","0",",0","0",",0","0",",0","0",",0","0",",0","18",",0","1",",0","","","19320528","+,,0","19320531","+,,0","19320531","+,,0","1","","19320526",",,0","19320519",",,0","0.6",",0,28,+","0",",,0,31,+","0",",,0,31,+","22.9",",,0,26,","32.2",",0,19,","4423.8","0","130.6",",0","65.2",",,,0","0",",,,0","14.66",",0","21.79",",,,0","7.53",",,,0"
"USC00392927","1932-06","45.03239","-99.12253","481.0","FAULKTON, SD US","63.2","0","46.4",",0","7",",0","6",",0","1",",0","0",",0","0",",0","0",",0","0",",0","0",",0","28",",0","1",",0","","","19320603",",,0","19320630","+,,0","19320630","+,,0","2","","19320617",",,0","19320624",",,0","9.4",",0,03,","0",",,0,30,+","0",",,0,30,+","28.4",",,0,17,","32.2",",0,24,","4432.3","0","8.5",",0","88.1",",,,0","0",",,,0","19.60",",0","25.73",",,,0","13.46",",,,0"
"USC00392927","1932-07","45.03239","-99.12253","481.0","FAULKTON, SD US","209.5","0","146.3",",0","6",",0","5",",0","1",",0","0",",0","0",",0","0",",0","0",",0","0",",0","30",",0","15",",0","","","19320701",",,0","19320731","+,,0","19320731","+,,0","4","","19320704",",,0","19320719",",,0","7.8",",0,01,","0",",,0,31,+","0",",,0,31,+","30.0",",,0,04,","40.0",",0,19,","12.5","0","12.5",",0","55.4",",,,0","0",",,,0","22.65",",0","30.42",",,,0","14.88",",,,0"
"USC00392927","1932-08","45.03239","-99.12253","481.0","FAULKTON, SD US","296.9","0","87.4",",0","9",",0","7",",0","1",",0","0",",0","0",",0","0",",0","0",",0","0",",0","31",",0","5",",0","1","","19320819",",,0","19320831","+,,0","19320831","+,,0","6","","19320811",",,0","19320804",",,0","7.2",",0,19,","0",",,0,31,+","0",",,0,31,+","36.6",",,0,11,","34.4",",0,04,","21.4","0","8.9",",0","86.2",",,,0","0",",,,0","20.86",",0","27.92",",,,0","13.81",",,,0"
"USC00392927","1932-09","45.03239","-99.12253","481.0","FAULKTON, SD US","305.0","0","8.1",",0","2",",0","2",",0","0",",0","0",",0","0",",0","0",",0","2",",0","0",",0","22",",0","1",",0","","","19320922",",,0","19320930","+,,0","19320930","+,,0","","","19320911",",,0","19320908",",,0","-0.6",",0,22,","0",",,0,30,+","0",",,0,30,+","23.6",",,0,11,","32.8",",0,08,","127.8","0","106.4",",0","32.5",",,,0","0",",,,0","15.06",",0","23.56",",,,0","6.55",",,,0"
"USC00392927","1932-10","45.03239","-99.12253","481.0","FAULKTON, SD US","305.0","0","0.0",",0","4",",0","4",",0","0",",0","0","1,0","1",",0","0",",0","19",",0","1",",0","6",",0","0",",0","","","19321031",",,0","19321031",",1,0","19321030",",,0","","","19321019",",,0","19321016",",,0","-11.7",",0,31,","0","1,T,0,31,","76",",,0,30,","11.4",",,0,19,","27.2",",0,16,","497.7","0","369.9",",0","23.0",",,,0","76",",,,0","6.40",",0","12.81",",,,0","-0.01",",,,0"
"USC00392927","1932-11","45.03239","-99.12253","481.0","FAULKTON, SD US","305.0","0","0.0",",0","0",",0","0",",0","0",",0","0",",0","0",",0","1",",0","27",",0","5",",0","0",",0","0",",0","","","19321115",",,0","19321130","+,,0","19321118","+,,0","","","19321118","+,,0","19321124",",,0","-20.0",",0,15,","0",",,0,30,+","0",",T,0,18,+","0.0",",T,0,18,+","17.2",",0,24,","1047.6","0","549.9",",0","0.0",",T,,0","0",",T,,0","0.00",",0","6.43",",,,0","-6.43",",,,0"
"USC00392927","1932-12","45.03239","-99.12253","481.0","FAULKTON, SD US","305.0","0","0.0",",0","3",",0","2",",0","0",",0","","","3","1,0","12",",0","30",",0","21",",0","0",",0","0",",0","","","19321212",",,0","","","19321211",",1,0","","","19321211",",,0","19321204","+,,0","-31.1",",0,12,","","","64","1,,0,11,","5.8",",,0,11,","11.1",",0,04,+","1905.6","0","858.0",",0","10.3",",,,0","114","1,,,0","-9.35",",0","-3.30",",,,0","-15.39",",,,0"
"USC00392927","1933-01","45.03239","-99.12253","481.0","FAULKTON, SD US","0.0","0","0.0",",0","1",",0","1",",0","0",",0","0",",0","1","1,0","3",",0","31",",0","15",",0","0",",0","0",",0","","","19330117",",,0","19330131","+,,0","19330119",",1,0","","","19330119",",,0","19330114","+,,0","-26.7",",0,17,","0",",,0,31,+","25","1,,0,19,","2.5",",,0,19,","7.2",",0,14,+","2653.7","0","748.1",",0","2.5",",,,0","25","1,,,0","-5.80",",0","0.24",",,,0","-11.84",",,,0"
"USC00392927","1933-02","45.03239","-99.12253","481.0","FAULKTON, SD US","0.0","0","0.0","1,0","1",",0","1",",0","0",",0","0",",0","1",",0","14",",0","27",",0","14","1,0","0","1,0","0","1,0","","","19330207",",,0","19330228","+,,0","19330204",",,0","","","19330204",",,0","19330227",",1,0","-36.1",",0,07,","0",",,0,28,+","25",",,0,04,","2.5",",,0,04,","15.0","1,0,27,","3378.1","0","724.4","1,0","2.5",",,,0","25",",,,0","-8.82","1,0","-1.39","1,,,0","-16.26",",,,0"
"USC00392927","1933-03","45.03239","-99.12253","481.0","FAULKTON, SD US","0.0","0","0.0",",0","6",",0","4",",0","0",",0","","","4",",0","2",",0","29",",0","4",",0","0",",0","0",",0","","","19330309",",,0","","","19330305",",,0","","","19330305",",,0","19330331",",,0","-20.0",",0,09,","","","152",",,0,05,","15.2",",,0,05,","18.3",",0,31,","3950.3","0","572.2",",0","41.0",",,,0","394",",,,0","-0.13",",0","6.45",",,,0","-6.71",",,,0"
"USC00392927","1933-04","45.03239","-99.12253","481.0","FAULKTON, SD US","0.0","0","0.0",",0","7",",0","5",",0","0",",0","0",",0","2",",0","0",",0","16",",0","0",",0","6",",0","0",",0","","","19330414",",,0","19330430","+,,0","19330409",",,0","","","19330430","+,,0","19330416",",,0","-6.7",",0,14,","0",",,0,30,+","51",",,0,09,","17.8",",,0,30,+","25.0",",0,16,","4292.2","0","341.9",",0","51.3",",,,0","76",",,,0","6.94",",0","14.11",",,,0","-0.23",",,,0"
"USC00392927","1933-05","45.03239","-99.12253","481.0","FAULKTON, SD US","3.8","0","3.8","1,0","10",",0","6",",0","1",",0","0",",0","0",",0","0","1,0","2","1,0","0",",0","15",",0","0",",0","","","19330509","+,1,0","19330531","+,,0","19330509",",,0","1","","19330522",",,0","19330531",",,0","-0.6","1,0,09,+","0",",,0,31,+","0",",T,0,09,","41.4",",,0,22,","30.0",",0,31,","4461.3","0","169.1",",0","82.4",",,,0","0",",T,,0","12.99","1,0","19.40",",,,0","6.59","1,,,0"
"USC00392927","1933-06","45.03239","-99.12253","481.0","FAULKTON, SD US","191.9","0","188.1",",0","4",",0","4",",0","0",",0","0",",0","0",",0","0",",0","0",",0","0",",0","30",",0","19",",0","","","19330613",",,0","19330630","+,,0","19330630","+,,0","1","","19330623",",,0","19330619","+,,0","5.6",",0,13,","0",",,0,30,+","0",",,0,30,+","18.5",",,0,23,","41.1",",0,19,+","4467.1","0","5.8",",0","38.6",",,,0","0",",,,0","24.41",",0","33.46",",,,0","15.36",",,,0"
"USC00392927","1933-07","45.03239","-99.12253","481.0","FAULKTON, SD US","378.7","0","186.8",",0","7",",0","4",",0","1",",0","0",",0","0",",0","0",",0","0",",0","0",",0","31",",0","17",",0","","","19330702",",,0","19330731","+,,0","19330731","+,,0","4","","19330706",",,0","19330730",",,0","8.9",",0,02,","0",",,0,31,+","0",",,0,31,+","28.4",",,0,06,","42.2",",0,30,","0.0","0","0.0",",0","45.3",",,,0","0",",,,0","24.36",",0","33.10",",,,0","15.61",",,,0"
"USC00392927","1933-08","45.03239","-99.12253","481.0","FAULKTON, SD US","475.8","0","97.1",",0","6",",0","4",",0","0",",0","0",",0","0",",0","0",",0","0",",0","0",",0","31",",0","10",",0","","","19330829",",,0","19330831","+,,0","19330831","+,,0","2","","19330823",",,0","19330811","+,,0","5.6",",0,29,","0",",,0,31,+","0",",,0,31,+","14.0",",,0,23,","36.7",",0,11,+","10.2","0","10.2",",0","30.4",",,,0","0",",,,0","21.14",",0","29.51",",,,0","12.76",",,,0"
"USC00392927","1933-09","45.03239","-99.12253","481.0","FAULKTON, SD US","526.1","0","50.3","2,0","2",",0","1",",0","1",",0","0",",0","0",",0","0",",0","0",",0","0","2,0","25","2,0","6","2,0","","","19330926",",,0","19330930","+,,0","19330930","+,,0","","","19330910",",,0","19330905",",2,0","0.6",",0,26,","0",",,0,30,+","0",",,0,30,+","29.7",",,0,10,","38.9","2,0,05,","54.0","0","43.8","2,0","30.5",",,,0","0",",,,0","18.53","2,0","27.14","2,,,0","9.91",",,,0"
"USC00392927","1933-10","45.03239","-99.12253","481.0","FAULKTON, SD US","526.1","0","0.0",",0","2",",0","0",",0","0",",0","0",",0","1",",0","0",",0","17",",0","0",",0","9",",0","0",",0","","","19331025","+,,0","19331031","+,,0","19331027",",,0","","","19331027",",,0","19331014",",,0","-8.3",",0,25,+","0",",,0,31,+","25",",,0,27,","2.0",",,0,27,","27.8",",0,14,","371.9","0","317.9",",0","3.3",",,,0","25",",,,0","8.08",",0","17.01",",,,0","-0.85",",,,0"
"USC00392927","1933-11","45.03239","-99.12253","481.0","FAULKTON, SD US","526.1","0","0.0","1,0","3",",0","0",",0","0",",0","0","3,0","2",",0","0","1,0","27","1,0","3",",0","1",",0","0",",0","","","19331116",",1,0","19331122",",3,0","19331106","+,,0","","","19331106",",,0","19331101",",,0","-15.0","1,0,16,","0","3,T,0,22,","25",",,0,06,+","1.8",",,0,06,","21.1",",0,01,","860.3","0","488.4",",0","3.6",",,,0","50",",,,0","1.57","1,0","8.74",",,,0","-5.60","1,,,0"
"USC00392927","1933-12","45.03239","-99.12253","481.0","FAULKTON, SD US","526.1","0","0.0",",0","3",",0","3",",0","0",",0","","","2",",0","10",",0","31",",0","16",",0","0",",0","0",",0","","","19331226",",,0","","","19331225",",,0","","","19331202",",,0","19331221",",,0","-31.7",",0,26,","","","102",",,0,25,","4.6",",,0,02,","13.9",",0,21,","1694.1","0","833.8",",0","12.3",",,,0","151",",,,0","-8.56",",0","-1.93",",,,0","-15.19",",,,0"
"USC00392927","1934-01","45.03239","-99.12253","481.0","FAULKTON, SD US","0.0","0","0.0",",0","0",",0","0",",0","0",",0","0",",0","0",",0","9",",0","30",",0","11",",0","0",",0","0",",0","","","19340129",",,0","19340131","+,,0","19340106",",,0","","","19340106",",,0","19340127",",,0","-23.9",",0,29,","0",",,0,31,+","0",",T,0,06,","0.0",",T,0,06,","13.3",",0,27,","2412.5","0","718.4",",0","0.0",",T,,0","0",",T,,0","-4.84",",0","1.75",",,,0","-11.44",",,,0"
"USC00392927","1934-02","45.03239","-99.12253","481.0","FAULKTON, SD US","0.0","0","0.0",",0","1",",0","1",",0","0",",0","0",",0","1",",0","7",",0","28",",0","8",",0","0",",0","0",",0","","","19340226",",,0","19340224",",,0","19340224",",,0","","","19340224",",,0","19340214",",,0","-27.8",",0,26,","0",",T,0,24,","25",",,0,24,","2.5",",,0,24,","15.0",",0,14,","3039.0","0","626.5",",0","2.5",",,,0","25",",,,0","-4.04",",0","3.18",",,,0","-11.26",",,,0"
"USC00392927","1934-03","45.03239","-99.12253","481.0","FAULKTON, SD US","0.0","0","0.0",",0","4",",0","3",",0","0",",0","0","3,0","3",",0","2",",0","29",",0","8",",0","1",",0","0",",0","","","19340317",",,0","19340323","+,3,0","19340330","+,,0","","","19340330",",,0","19340312",",,0","-20.0",",0,17,","0","3,T,0,23,+","76",",,0,30,+","6.4",",,0,30,","21.7",",0,12,","3629.8","0","590.8",",0","15.8",",,,0","203",",,,0","-0.72",",0","7.43",",,,0","-8.88",",,,0"
"USC00392927","1934-04","45.03239","-99.12253","481.0","FAULKTON, SD US","3.9","0","3.9",",0","0",",0","0",",0","0",",0","0",",0","0",",0","0",",0","17",",0","0",",0","9",",0","1",",0","","","19340424",",,0","19340430","+,,0","19340430","+,,0","","","19340405","+,,0","19340429",",,0","-8.3",",0,24,","0",",,0,30,+","0",",,0,30,+","0.0",",T,0,05,+","32.2",",0,29,","3921.6","0","291.8",",0","0.0",",T,,0","0",",,,0","8.74",",0","16.77",",,,0","0.70",",,,0"
"USC00392927","1934-05","45.03239","-99.12253","481.0","FAULKTON, SD US","124.1","0","120.2",",0","3",",0","3",",0","0",",0","0",",0","0",",0","0",",0","0",",0","0",",0","28",",0","14",",0","1","","19340522",",,0","19340531","+,,0","19340531","+,,0","3","","19340503",",,0","19340530",",,0","0.6",",0,22,","0",",,0,31,+","0",",,0,31,+","5.1",",,0,03,","42.8",",0,30,","3969.7","0","48.1",",0","11.4",",,,0","0",",,,0","20.66",",0","30.85",",,,0","10.46",",,,0"
"USC00392927","1934-06","45.03239","-99.12253","481.0","FAULKTON, SD US","214.2","0","90.1",",0","9",",0","6",",0","0",",0","0",",0","0",",0","0",",0","0",",0","0",",0","29",",0","11",",0","","","19340612",",,0","19340630","+,,0","19340630","+,,0","1","","19340606",",,0","19340626",",,0","7.8",",0,12,","0",",,0,30,+","0",",,0,30,+","19.1",",,0,06,","35.0",",0,26,","3981.9","0","12.2",",0","73.8",",,,0","0",",,,0","20.93",",0","28.85",",,,0","13.00",",,,0"
"USC00392927","1934-07","45.03239","-99.12253","481.0","FAULKTON, SD US","416.9","0","202.7",",0","5",",0","4",",0","0",",0","0",",0","0",",0","0",",0","0",",0","0",",0","31",",0","18",",0","","","19340706",",,0","19340731","+,,0","19340731","+,,0","4","","19340705",",,0","19340720",",,0","5.6",",0,06,","0",",,0,31,+","0",",,0,31,+","9.7",",,0,05,","45.6",",0,20,","3.9","0","3.9",",0","27.8",",,,0","0",",,,0","24.75",",0","33.92",",,,0","15.57",",,,0"
"USC00392927","1934-08","45.03239","-99.12253","481.0","FAULKTON, SD US","556.7","0","139.8",",0","1",",0","1",",0","0",",0","0",",0","0",",0","0",",0","0",",0","0",",0","30",",0","13",",0","","","19340828","+,,0","19340831","+,,0","19340831","+,,0","1","","19340811",",,0","19340804",",,0","2.2",",0,28,+","0",",,0,31,+","0",",,0,31,+","3.6",",,0,11,","42.8",",0,04,","26.2","0","22.3",",0","3.6",",,,0","0",",,,0","22.13",",0","31.09",",,,0","13.16",",,,0"
"USC00392927","1934-09","45.03239","-99.12253","481.0","FAULKTON, SD US","565.6","0","8.9",",0","5",",0","4",",0","1",",0","0",",0","0",",0","0",",0","6",",0","0",",0","18",",0","1",",0","","","19340921",",,0","19340930","+,,0","19340925",",,0","2","","19340924",",,0","19340913",",,0","-2.8",",0,21,","0",",,0,30,+","0",",T,0,25,","33.0",",,0,24,","33.9",",0,13,","183.1","0","156.9",",0","61.2",",,,0","0",",T,,0","13.40",",0","21.04",",,,0","5.76",",,,0"
"USC00392927","1934-10","45.03239","-99.12253","481.0","FAULKTON, SD US","567.6","0","2.0",",0","5",",0","4",",0","0",",0","0",",0","0",",0","0",",0","6",",0","0",",0","12",",0","0",",0","","","19341031",",,0","19341031","+,,0","19341031","+,,0","1","","19341016",",,0","19341011",",,0","-5.6",",0,31,","0",",,0,31,+","0",",,0,31,+","15.0",",,0,16,","30.0",",0,11,","407.3","0","224.2",",0","30.7",",,,0","0",",,,0","11.16",",0","18.06",",,,0","4.26",",,,0"
"USC00392927","1934-11","45.03239","-99.12253","481.0","FAULKTON, SD US","567.6","0","0.0","2,0","3",",0","2",",0","0",",0","0",",0","2",",0","0","2,0","22","2,0","2",",0","1",",0","0",",0","","","19341123",",2,0","19341130","+,,0","19341127","+,,0","","","19341125",",,0","19341106",",,0","-9.4","2,0,23,","0",",,0,30,+","25",",,0,27,+","10.7",",,0,25,","21.1",",0,06,","817.8","0","410.5",",0","15.0",",,,0","50",",,,0","3.37","2,0","9.21",",,,0","-2.46","2,,,0"
"USC00392927","1934-12","45.03239","-99.12253","481.0","FAULKTON, SD US","567.6","0","0.0","2,0","2",",0","1",",0","0",",0","0",",0","1",",0","9","2,0","29","2,0","17",",0","0",",0","0",",0","","","19341226",",2,0","19341231","+,,0","19341205",",,0","","","19341222",",,0","19341212",",,0","-26.7","2,0,26,","0",",,0,31,+","25",",,0,05,","2.5",",,0,22,","8.3",",0,12,","1561.1","0","743.3",",0","3.3",",,,0","25",",,,0","-7.38","2,0","-2.30",",,,0","-12.47","2,,,0"
"USC00392927","1935-01","45.03239","-99.12253","481.0","FAULKTON, SD US","0.0","0","0.0","1,0","2",",0","2",",0","0",",0","","","2",",0","15",",0","31",",0","20","1,0","0","1,0","0","1,0","","","19350123",",,0","","","19350116",",,0","","","19350116",",,0","19350105",",1,0","-32.2",",0,23,","","","51",",,0,16,","3.0",",,0,16,","10.0","1,0,05,","2413.0","0","851.9","1,0","5.5",",,,0","76",",,,0","-10.32","1,0","-4.00","1,,,0","-16.65",",,,0"
"USC00392927","1935-02","45.03239","-99.12253","481.0","FAULKTON, SD US","0.0","0","0.0",",0","3",",0","2",",0","0",",0","0",",0","2",",0","3",",0","26",",0","6",",0","0",",0","0",",0","","","19350225",",,0","19350228","+,,0","19350214",",,0","","","19350214",",,0","19350212",",,0","-20.0",",0,25,","0",",,0,28,+","51",",,0,14,","5.6",",,0,14,","12.2",",0,12,","2954.3","0","541.3",",0","9.7",",,,0","79",",,,0","-1.00",",0","4.05",",,,0","-6.05",",,,0"
"USC00392927","1935-03","45.03239","-99.12253","481.0","FAULKTON, SD US","","","","","4",",0","3",",0","0",",0","","","0","1,0","","","","","","","","","","","","","","","","","19350331","+,1,0","","","19350320",",,0","","","","","","","0","1,T,0,31,+","15.5",",,0,20,","","","","","","","33.6",",,,0","0","1,T,,0","","","","","",""
"USC00392927","1935-04","45.03239","-99.12253","481.0","FAULKTON, SD US","","","0.0",",0","12",",0","10",",0","1",",0","","","4","1,0","0",",0","19",",0","4",",0","1",",0","0",",0","1","","19350402",",,0","","","19350406","+,1,0","2","","19350425",",,0","19350422",",,0","-11.1",",0,02,","","","127","1,,0,06,+","26.2",",,0,25,","21.7",",0,22,","","","424.9",",0","112.6",",,,0","355","1,,,0","4.17",",0","9.11",",,,0","-0.77",",,,0"
"USC00392927","1935-05","45.03239","-99.12253","481.0","FAULKTON, SD US","","","0.0",",0","8",",0","4",",0","0",",0","0","1,0","1",",0","0",",0","5",",0","0",",0","7",",0","0",",0","","","19350503",",,0","19350531","+,1,0","19350502",",,0","","","19350501",",,0","19350520",",,0","-1.7",",0,03,","0","1,,0,31,+","51",",,0,02,","14.0",",,0,01,","22.8",",0,20,","","","238.3",",0","47.3",",,,0","51",",,,0","10.65",",0","16.37",",,,0","4.92",",,,0"
"USC00392927","1935-06","45.03239","-99.12253","481.0","FAULKTON, SD US","","","31.3",",0","9",",0","6",",0","1",",0","0",",0","0",",0","0",",0","0",",0","0",",0","22",",0","1",",0","","","19350607",",,0","19350630","+,,0","19350630","+,,0","3","","19350615",",,0","19350613",",,0","2.2",",0,07,","0",",,0,30,+","0",",,0,30,+","46.7",",,0,15,","33.3",",0,13,","","","65.4",",0","84.0",",,,0","0",",,,0","17.20",",0","23.81",",,,0","10.59",",,,0"
"USC00392927","1935-07","45.03239","-99.12253","481.0","FAULKTON, SD US","","","209.5",",0","8",",0","7",",0","0",",0","0",",0","0",",0","0",",0","0",",0","0",",0","31",",0","16",",0","","","19350713",",,0","19350731","+,,0","19350731","+,,0","6","","19350721",",,0","19350720",",,0","11.7",",0,13,","0",",,0,31,+","0",",,0,31,+","20.8",",,0,21,","38.3",",0,20,","0.0","0","0.0",",0","70.6",",,,0","0",",,,0","25.09",",0","32.28",",,,0","17.90",",,,0"
"USC00392927","1935-08","45.03239","-99.12253","481.0","FAULKTON, SD US","","","124.4",",0","9",",0","6",",0","1",",0","0",",0","0",",0","0",",0","0",",0","0",",0","26",",0","14",",0","","","19350828",",,0","19350831","+,,0","19350831","+,,0","5","","19350829",",,0","19350814",",,0","0.6",",0,28,","0",",,0,31,+","0",",,0,31,+","26.7",",,0,29,","40.6",",0,14,","40.2","0","40.2",",0","69.3",",,,0","0",",,,0","21.05",",0","28.73",",,,0","13.37",",,,0"
"USC00392927","1935-09","45.03239","-99.12253","481.0","FAULKTON, SD US","","","25.7",",0","1",",0","0",",0","0",",0","0",",0","0",",0","0",",0","1",",0","0",",0","25",",0","4",",0","1","","19350927",",,0","19350930","+,,0","19350930","+,,0","","","19350925",",,0","19350915",",,0","-5.0",",0,27,","0",",,0,30,+","0",",,0,30,+","1.3",",,0,25,","35.0",",0,15,","109.4","0","69.2",",0","1.3",",,,0","0",",,,0","16.88",",0","25.54",",,,0","8.22",",,,0"
"USC00392927","1935-10","45.03239","-99.12253","481.0","FAULKTON, SD US","","","1.2",",0","1",",0","1",",0","0",",0","1",",0","1",",0","0",",0","16",",0","1",",0","6",",0","0",",0","1","","19351031",",,0","19351031",",,0","19351031",",,0","1","","19351031",",,0","19351015",",,0","-10.6",",0,31,","25",",,0,31,","25",",,0,31,","2.5",",,0,31,","27.8",",0,15,","418.5","0","309.1",",0","2.5",",,,0","25",",,,0","8.40",",0","16.70",",,,0","0.10",",,,0"
"USC00392927","1935-11","45.03239","-99.12253","481.0","FAULKTON, SD US","","","0.0",",0","3",",0","2",",0","0",",0","","","1",",0","1",",0","28",",0","11",",0","0",",0","0",",0","1","","19351101",",,0","","","19351120",",,0","","","19351120","+,,0","19351108",",,0","-17.8",",0,01,","","","51",",,0,20,","3.8",",,0,20,+","11.1",",0,08,","1065.2","0","646.7",",0","8.1",",,,0","64",",,,0","-3.23",",0","2.09",",,,0","-8.54",",,,0"
"USC00392927","1935-12","45.03239","-99.12253","481.0","FAULKTON, SD US","","","0.0",",0","3",",0","2",",0","0",",0","1","4,0","3",",0","7",",0","31",",0","16",",0","0",",0","0",",0","2","","19351226","+,,0","19351228",",4,0","19351214",",,0","","","19351214",",,0","19351208",",,0","-26.7",",0,26,+","51","4,,0,28,","76",",,0,14,","6.6",",,0,14,","6.1",",0,08,","1856.6","0","791.4",",0","13.7",",,,0","178",",,,0","-7.20",",0","-1.99",",,,0","-12.40",",,,0"
"USC00392927","1936-01","45.03239","-99.12253","481.0","FAULKTON, SD US","0.0","0","0.0",",0","5",",0","5",",0","0",",0","","","5",",0","24",",0","31",",0","30",",0","0",",0","0",",0","","","19360122",",,0","","","19360128",",,0","","","19360128",",,0","19360109",",,0","-33.3",",0,22,","","","102",",,0,28,","7.6",",,0,28,","1.7",",0,09,","2980.7","0","1124.1",",0","20.7",",,,0","202",",,,0","-17.93",",0","-12.49",",,,0","-23.36",",,,0"
"USC00392927","1936-02","45.03239","-99.12253","481.0","FAULKTON, SD US","0.0","0","0.0","1,0","1","3,0","1","3,0","0","3,0","","","2","1,0","23","1,0","28","1,0","28","1,0","0","1,0","0","1,0","","","19360216",",1,0","","","19360213",",1,0","","","19360220",",3,0","19360223",",1,0","-37.2","1,0,16,","","","51","1,,0,13,","17.0","3,,0,20,","-2.2","1,0,23,","4095.4","0","1114.7","1,0","17.0","3,,,0","76","1,,,0","-21.48","1,0","-16.37","1,,,0","-26.58","1,,,0"
"USC00392927","1936-03","45.03239","-99.12253","481.0","FAULKTON, SD US","0.0","0","0.0",",0","4",",0","3",",0","0",",0","0","3,0","3",",0","0",",0","29",",0","5",",0","0",",0","0",",0","","","19360305",",,0","19360330",",3,0","19360313",",,0","","","19360323",",,0","19360309",",,0","-16.7",",0,05,","0","3,T,0,30,","127",",,0,13,","8.9",",,0,23,","18.3",",0,09,","4664.1","0","568.7",",0","16.5",",,,0","190",",,,0","-0.01",",0","5.61",",,,0","-5.64",",,,0"
"USC00392927","1936-04","45.03239","-99.12253","481.0","FAULKTON, SD US","0.0","0","0.0",",0","4",",0","1",",0","0",",0","0",",0","2",",0","0",",0","15",",0","5",",0","4",",0","0",",0","","","19360407",",,0","19360430","+,,0","19360404",",,0","","","19360430",",,0","19360413",",,0","-16.1",",0,07,","0",",,0,30,+","38",",,0,04,","14.2",",,0,30,","29.4",",0,13,","5072.9","0","408.8",",0","17.8",",,,0","63",",,,0","4.71",",0","11.63",",,,0","-2.22",",,,0"
"USC00392927","1936-05","45.03239","-99.12253","481.0","FAULKTON, SD US","39.2","0","39.2",",0","4",",0","4",",0","0",",0","0",",0","0",",0","0",",0","0",",0","0",",0","24",",0","1",",0","1","","19360502",",,0","19360531","+,,0","19360531","+,,0","1","","19360510",",,0","19360530",",,0","1.7",",0,02,","0",",,0,31,+","0",",,0,31,+","21.6",",,0,10,","32.2",",0,30,","5153.3","0","80.4",",0","52.6",",,,0","0",",,,0","17.00",",0","24.55",",,,0","9.46",",,,0"
"USC00392927","1936-06","45.03239","-99.12253","481.0","FAULKTON, SD US","168.1","0","128.9",",0","4",",0","3",",0","0",",0","0",",0","0",",0","0",",0","0",",0","0",",0","28",",0","13",",0","","","19360610",",,0","19360630","+,,0","19360630","+,,0","1","","19360621",",,0","19360615",",,0","1.7",",0,10,","0",",,0,30,+","0",",,0,30,+","10.7",",,0,21,","41.7",",0,15,","5181.6","0","28.3",",0","18.5",",,,0","0",",,,0","21.69",",0","30.62",",,,0","12.76",",,,0"
"USC00392927","1936-07","45.03239","-99.12253","481.0","FAULKTON, SD US","493.6","0","325.5",",0","2",",0","2",",0","1",",0","0",",0","0",",0","0",",0","0",",0","0",",0","31",",0","29",",0","","","19360729",",,0","19360731","+,,0","19360731","+,,0","2","","19360727",",,0","19360709",",,0","11.7",",0,29,","0",",,0,31,+","0",",,0,31,+","44.5",",,0,27,","45.6",",0,09,","0.0","0","0.0",",0","47.8",",,,0","0",",,,0","28.83",",0","39.09",",,,0","18.58",",,,0"
"USC00392927","1936-08","45.03239","-99.12253","481.0","FAULKTON, SD US","656.9","0","163.3",",0","9",",0","5",",0","1",",0","0",",0","0",",0","0",",0","0",",0","0",",0","31",",0","19",",0","1","","19360830",",,0","19360831","+,,0","19360831","+,,0","3","","19360827",",,0","19360801",",,0","7.8",",0,30,","0",",,0,31,+","0",",,0,31,+","39.4",",,0,27,","41.7",",0,01,","3.6","0","3.6",",0","62.8",",,,0","0",",,,0","23.48",",0","32.37",",,,0","14.59",",,,0"
"USC00392927","1936-09","45.03239","-99.12253","481.0","FAULKTON, SD US","718.3","0","61.4",",0","2",",0","1",",0","0",",0","0",",0","0",",0","0",",0","3",",0","0",",0","24",",0","3",",0","","","19360929","+,,0","19360930","+,,0","19360930","+,,0","","","19360906",",,0","19360922",",,0","-2.8",",0,29,+","0",",,0,30,+","0",",,0,30,+","2.5",",,0,06,","36.7",",0,22,","83.0","0","79.4",",0","3.8",",,,0","0",",,,0","17.73",",0","26.16",",,,0","9.30",",,,0"
"USC00392927","1936-10","45.03239","-99.12253","481.0","FAULKTON, SD US","718.3","0","0.0",",0","1",",0","1",",0","0",",0","0",",0","1",",0","0",",0","18",",0","2",",0","13",",0","0",",0","","","19361026",",,0","19361031","+,,0","19361020",",,0","","","19361020",",,0","19361008",",,0","-17.2",",0,26,","0",",,0,31,+","25",",,0,20,","4.6",",,0,20,","28.9",",0,08,","411.0","0","328.0",",0","4.6",",,,0","25",",,,0","7.75",",0","16.86",",,,0","-1.36",",,,0"
"USC00392927","1936-11","45.03239","-99.12253","481.0","FAULKTON, SD US","718.3","0","0.0",",0","4",",0","3",",0","0",",0","","","1","3,0","1",",0","28",",0","6",",0","0",",0","0",",0","","","19361103",",,0","","","19361101",",3,0","","","19361101",",,0","19361119",",,0","-17.8",",0,03,","","","203","3,,0,01,","20.3",",,0,01,","13.9",",0,19,","1012.5","0","601.5",",0","38.6",",,,0","203","3,,,0","-1.72",",0","3.45",",,,0","-6.88",",,,0"
"USC00392927","1936-12","45.03239","-99.12253","481.0","FAULKTON, SD US","718.3","0","0.0",",0","3",",0","1",",0","0",",0","","","1",",0","9",",0","31",",0","15",",0","0",",0","0",",0","1","","19361206",",,0","","","19361205",",,0","","","19361205",",,0","19361223","+,,0","-28.3",",0,06,","","","102",",,0,05,","5.1",",,0,05,","8.9",",0,23,+","1781.8","0","769.3",",0","7.7",",,,0","128",",,,0","-6.48",",0","-1.64",",,,0","-11.33",",,,0"
"USC00392927","1937-01","45.03239","-99.12253","481.0","FAULKTON, SD US","0.0","0","0.0",",0","3",",0","3",",0","0",",0","0","4,0","0",",0","30",",0","31",",0","30",",0","0",",0","0",",0","","","19370131","+,,0","19370131","+,4,0","19370119","+,,0","","","19370101",",,0","19370104",",,0","-30.0",",0,31,+","0","4,,0,31,+","0",",T,0,19,+","14.0",",,0,01,","0.6",",0,04,","2971.0","0","1189.2",",0","24.4",",,,0","0",",T,,0","-20.03",",0","-14.72",",,,0","-25.34",",,,0"
"USC00392927","1937-02","45.03239","-99.12253","481.0","FAULKTON, SD US","0.0","0","0.0",",0","1",",0","1",",0","0",",0","0","5,0","1",",0","13",",0","28",",0","19",",0","0",",0","0",",0","","","19370209",",,0","19370228","+,5,0","19370207",",,0","","","19370207",",,0","19370219",",,0","-30.0",",0,09,","0","5,,0,28,+","102",",,0,07,","6.4",",,0,07,","4.4",",0,19,","3788.4","0","817.4",",0","6.4",",,,0","102",",,,0","-10.86",",0","-5.05",",,,0","-16.66",",,,0"
"USC00392927","1937-03","45.03239","-99.12253","481.0","FAULKTON, SD US","0.0","0","0.0",",0","2",",0","2",",0","1",",0","","","2",",0","2",",0","28",",0","8",",0","0",",0","0",",0","","","19370325",",,0","","","19370324",",,0","","","19370324",",,0","19370305",",,0","-19.4",",0,25,","","","229",",,0,24,","30.5",",,0,24,","17.8",",0,05,","4421.8","0","633.4",",0","47.8",",,,0","305",",,,0","-2.10",",0","3.31",",,,0","-7.51",",,,0"
"USC00392927","1937-04","45.03239","-99.12253","481.0","FAULKTON, SD US","0.0","0","0.0",",0","7",",0","5",",0","0",",0","0",",0","1",",0","0",",0","16",",0","2",",0","2",",0","0",",0","1","","19370405",",,0","19370402",",,0","19370425",",,0","2","","19370423",",,0","19370419",",,0","-11.7",",0,05,","0",",T,0,02,","25",",,0,25,","21.1",",,0,23,","22.2",",0,19,","4815.1","0","393.3",",0","41.1",",,,0","40",",,,0","5.22",",0","10.96",",,,0","-0.52",",,,0"
"USC00392927","1937-05","45.03239","-99.12253","481.0","FAULKTON, SD US","8.9","0","8.9",",0","7",",0","5",",0","1",",0","0",",0","0",",0","0",",0","0",",0","0",",0","17",",0","1",",0","","","19370513",",,0","19370531","+,,0","19370531","+,,0","2","","19370530",",,0","19370528",",,0","0.6",",0,13,","0",",,0,31,+","0",",,0,31,+","43.2",",,0,30,","32.2",",0,28,","4942.0","0","126.9",",0","68.6",",,,0","0",",,,0","14.52",",0","21.96",",,,0","7.08",",,,0"
"USC00392927","1937-06","45.03239","-99.12253","481.0","FAULKTON, SD US","63.0","0","54.1",",0","7",",0","6",",0","0",",0","0",",0","0",",0","0",",0","0",",0","0",",0","21",",0","4",",0","1","","19370608",",,0","19370630","+,,0","19370630","+,,0","1","","19370627","+,,0","19370623",",,0","1.1",",0,08,","0",",,0,30,+","0",",,0,30,+","18.3",",,0,27,+","37.8",",0,23,","5006.9","0","64.9",",0","53.3",",,,0","0",",,,0","17.97",",0","24.80",",,,0","11.14",",,,0"
"USC00392927","1937-07","45.03239","-99.12253","481.0","FAULKTON, SD US","238.7","0","175.7",",0","4",",0","4",",0","1",",0","0",",0","0",",0","0",",0","0",",0","0",",0","31",",0","17",",0","","","19370725",",,0","19370731","+,,0","19370731","+,,0","3","","19370713",",,0","19370706",",,0","10.6",",0,25,","0",",,0,31,+","0",",,0,31,+","60.5",",,0,13,","41.7",",0,06,","1.9","0","1.9",",0","80.3",",,,0","0",",,,0","23.94",",0","32.20",",,,0","15.68",",,,0"
"USC00392927","1937-08","45.03239","-99.12253","481.0","FAULKTON, SD US","455.2","0","216.5",",0","5",",0","3",",0","0",",0","0",",0","0",",0","0",",0","0",",0","0",",0","31",",0","23",",0","","","19370821","+,,0","19370831","+,,0","19370831","+,,0","4","","19370828",",,0","19370815",",,0","8.9",",0,21,+","0",",,0,31,+","0",",,0,31,+","6.4",",,0,28,","43.9",",0,15,","4.9","0","3.0",",0","17.8",",,,0","0",",,,0","25.22",",0","34.19",",,,0","16.25",",,,0"
"USC00392927","1937-09","45.03239","-99.12253","481.0","FAULKTON, SD US","505.8","0","50.6",",0","5",",0","1",",0","0",",0","0",",0","0",",0","0",",0","4",",0","0",",0","22",",0","5",",0","","","19370925",",,0","19370930","+,,0","19370930","+,,0","2","","19370902",",,0","19370901",",,0","-2.2",",0,25,","0",",,0,30,+","0",",,0,30,+","3.3",",,0,02,","38.3",",0,01,","103.3","0","98.4",",0","7.9",",,,0","0",",,,0","16.74",",0","25.20",",,,0","8.27",",,,0"
"USC00392927","1937-10","45.03239","-99.12253","481.0","FAULKTON, SD US","510.9","0","5.1",",0","3",",0","0",",0","0",",0","0",",0","0",",0","0",",0","13",",0","0",",0","9",",0","0",",0","","","19371014",",,0","19371031","+,,0","19371017",",,0","","","19371012","+,,0","19371003",",,0","-15.0",",0,14,","0",",,0,31,+","0",",T,0,17,","2.0",",,0,12,+","31.1",",0,03,","417.2","0","313.9",",0","5.3",",,,0","0",",T,,0","8.37",",0","15.95",",,,0","0.79",",,,0"
"USC00392927","1937-11","45.03239","-99.12253","481.0","FAULKTON, SD US","510.9","0","0.0",",0","1",",0","0",",0","0",",0","0",",0","1",",0","3",",0","25",",0","12",",0","0",",0","0",",0","","","19371121",",,0","19371130","+,,0","19371117",",,0","","","19371117",",,0","19371111","+,,0","-26.7",",0,21,","0",",,0,30,+","25",",,0,17,","2.0",",,0,17,","20.0",",0,11,+","1010.5","0","593.3",",0","2.0",",,,0","25",",,,0","-1.45",",0","4.93",",,,0","-7.82",",,,0"
"USC00392927","1937-12","45.03239","-99.12253","481.0","FAULKTON, SD US","510.9","0","0.0",",0","2",",0","2",",0","0",",0","","","2",",0","12",",0","31",",0","16",",0","0",",0","0",",0","","","19371210",",,0","","","19371219","+,,0","","","19371213",",,0","19371203",",,0","-26.7",",0,10,","","","25",",,0,19,+","5.1",",,0,13,","7.2",",0,03,","1850.2","0","839.7",",0","7.6",",,,0","50",",,,0","-8.75",",0","-2.46",",,,0","-15.05",",,,0"
"USC00392927","1938-01","45.03239","-99.12253","481.0","FAULKTON, SD US","0.0","0","0.0",",0","3",",0","3",",0","0",",0","","","3",",0","14",",0","31",",0","22",",0","0",",0","0",",0","1","","19380127",",,0","","","19380111",",,0","","","19380111",",,0","19380122",",,0","-30.6",",0,27,","","","64",",,0,11,","4.6",",,0,11,","3.3",",0,22,","2757.9","0","907.7",",0","11.4",",,,0","145",",,,0","-10.95",",0","-4.75",",,,0","-17.15",",,,0"
"USC00392927","1938-02","45.03239","-99.12253","481.0","FAULKTON, SD US","0.0","0","0.0",",0","2",",0","2",",0","0",",0","9",",0","1",",0","13",",0","28",",0","19",",0","0",",0","0",",0","3","","19380219",",,0","19380224","+,,0","19380216",",,0","","","19380216",",,0","19380227",",,0","-30.0",",0,19,","203",",,0,24,+","203",",,0,16,","17.3",",,0,16,","8.9",",0,27,","3567.8","0","809.9",",0","19.8",",,,0","203",",,,0","-10.59",",0","-4.78",",,,0","-16.40",",,,0"
"USC00392927","1938-03","45.03239","-99.12253","481.0","FAULKTON, SD US","0.0","0","0.0",",0","5",",0","3",",0","0",",0","0",",0","1",",0","0",",0","27",",0","6",",0","1",",0","0",",0","","","19380306",",,0","19380331","+,,0","19380303",",,0","","","19380328",",,0","19380317",",,0","-14.4",",0,06,","0",",,0,31,+","64",",,0,03,","11.2",",,0,28,","22.2",",0,17,","4061.4","0","493.6",",0","22.9",",,,0","77",",,,0","2.41",",0","8.95",",,,0","-4.12",",,,0"
"USC00392927","1938-04","45.03239","-99.12253","481.0","FAULKTON, SD US","2.8","0","2.8",",0","9",",0","5",",0","1",",0","0","3,0","2",",0","0",",0","11",",0","1",",0","8",",0","0",",0","1","","19380401",",,0","19380401",",3,0","19380405",",,0","2","","19380427",",,0","19380430",",,0","-7.8",",0,01,","0","3,T,0,01,","76",",,0,05,","29.5",",,0,27,","28.3",",0,30,","4360.5","0","299.1",",0","84.2",",,,0","101",",,,0","8.46",",0","15.58",",,,0","1.34",",,,0"
"USC00392927","1938-05","45.03239","-99.12253","481.0","FAULKTON, SD US","3.6","0","0.8",",0","9",",0","7",",0","0",",0","0",",0","0",",0","0",",0","4",",0","0",",0","10",",0","0",",0","","","19380507",",,0","19380531","+,,0","19380531","+,,0","","","19380517",",,0","19380501",",,0","-1.7",",0,07,","0",",,0,31,+","0",",,0,31,+","16.0",",,0,17,","26.1",",0,01,","4549.9","0","189.4",",0","58.0",",,,0","0",",,,0","12.25",",0","18.76",",,,0","5.74",",,,0"
"USC00392927","1938-06","45.03239","-99.12253","481.0","FAULKTON, SD US","65.4","0","61.8",",0","8",",0","4",",0","0",",0","0",",0","0",",0","0",",0","0",",0","0",",0","29",",0","3",",0","","","19380611",",,0","19380630","+,,0","19380630","+,,0","3","","19380619",",,0","19380622","+,,0","3.3",",0,11,","0",",,0,30,+","0",",,0,30,+","10.9",",,0,19,","34.4",",0,22,+","4577.0","0","27.1",",0","31.8",",,,0","0",",,,0","19.49",",0","27.15",",,,0","11.83",",,,0"
"USC00392927","1938-07","45.03239","-99.12253","481.0","FAULKTON, SD US","227.0","0","161.6",",0","5",",0","3",",0","0",",0","0",",0","0",",0","0",",0","0",",0","0",",0","31",",0","16",",0","","","19380727","+,,0","19380731","+,,0","19380731","+,,0","","","19380707",",,0","19380731",",,0","11.1",",0,27,+","0",",,0,31,+","0",",,0,31,+","6.4",",,0,07,","38.3",",0,31,","0.0","0","0.0",",0","16.1",",,,0","0",",,,0","23.55",",0","31.97",",,,0","15.12",",,,0"
"USC00392927","1938-08","45.03239","-99.12253","481.0","FAULKTON, SD US","431.3","0","204.3",",0","4",",0","2",",0","0",",0","0",",0","0",",0","0",",0","0",",0","0",",0","31",",0","22",",0","","","19380826",",,0","19380831","+,,0","19380831","+,,0","","","19380805",",,0","19380802",",,0","6.1",",0,26,","0",",,0,31,+","0",",,0,31,+","7.1",",,0,05,","42.8",",0,02,","0.3","0","0.3",",0","13.0",",,,0","0",",,,0","24.91",",0","34.29",",,,0","15.53",",,,0"
"USC00392927","1938-09","45.03239","-99.12253","481.0","FAULKTON, SD US","468.0","0","36.7",",0","5",",0","4",",0","2",",0","0",",0","0",",0","0",",0","1",",0","0",",0","25",",0","3",",0","","","19380919",",,0","19380930","+,,0","19380930","+,,0","2","","19380905",",,0","19380903",",,0","-0.6",",0,19,","0",",,0,30,+","0",",,0,30,+","38.6",",,0,05,","34.4",",0,03,","59.3","0","59.0",",0","85.9",",,,0","0",",,,0","17.59",",0","24.94",",,,0","10.24",",,,0"
"USC00392927","1938-10","45.03239","-99.12253","481.0","FAULKTON, SD US","470.5","0","2.5",",0","2",",0","1",",0","0",",0","0",",0","0",",0","0",",0","6",",0","0",",0","12",",0","1",",0","","","19381023",",,0","19381031","+,,0","19381031","+,,0","","","19381022",",,0","19381003",",,0","-8.3",",0,23,","0",",,0,31,+","0",",,0,31,+","2.8",",,0,22,","32.2",",0,03,","236.5","0","177.2",",0","4.8",",,,0","0",",,,0","12.70",",0","20.25",",,,0","5.15",",,,0"
"USC00392927","1938-11","45.03239","-99.12253","481.0","FAULKTON, SD US","470.5","0","0.0",",0","3",",0","3",",0","0",",0","0",",0","2",",0","3",",0","27",",0","7",",0","0",",0","0",",0","2","","19381122",",,0","19381130","+,,0","19381121","+,,0","","","19381112",",,0","19381101",",,0","-19.4",",0,22,","0",",,0,30,+","25",",,0,21,+","5.6",",,0,12,","15.0",",0,01,","830.4","0","593.9",",0","11.1",",,,0","50",",,,0","-1.47",",0","4.89",",,,0","-7.82",",,,0"
"USC00392927","1938-12","45.03239","-99.12253","481.0","FAULKTON, SD US","470.5","0","0.0",",0","4",",0","2",",0","0",",0","2",",0","2",",0","4",",0","31",",0","7",",0","0",",0","0",",0","","","19381229",",,0","19381231","+,,0","19381230",",,0","","","19381222",",,0","19381202",",,0","-27.8",",0,29,","51",",,0,31,+","51",",,0,30,","3.0",",,0,22,","10.0",",0,02,","1535.5","0","705.1",",0","7.3",",,,0","76",",,,0","-4.41",",0","1.31",",,,0","-10.13",",,,0"
"USC00392927","1939-01","45.03239","-99.12253","481.0","FAULKTON, SD US","0.0","0","0.0",",0","5",",0","1",",0","1",",0","0",",0","4",",0","4",",0","31",",0","13",",0","0",",0","0",",0","1","","19390118","+,,0","19390131","+,,0","19390109",",,0","","","19390109",",,0","19390101",",,0","-24.4",",0,18,+","0",",,0,31,+","102",",,0,09,","38.6",",,0,09,","8.3",",0,01,","2291.4","0","755.9",",0","44.6",",,,0","200",",,,0","-6.05",",0","-0.53",",,,0","-11.57",",,,0"
"USC00392927","1939-02","45.03239","-99.12253","481.0","FAULKTON, SD US","0.0","0","0.0",",0","2",",0","2",",0","0",",0","0",",0","2",",0","18",",0","28",",0","20",",0","0",",0","0",",0","","","19390208",",,0","19390228","+,,0","19390201",",,0","","","19390201",",,0","19390218",",,0","-31.7",",0,08,","0",",,0,28,+","127",",,0,01,","12.7",",,0,01,","5.0",",0,18,","3190.4","0","899.0",",0","16.8",",,,0","165",",,,0","-13.77",",0","-8.00",",,,0","-19.55",",,,0"
"USC00392927","1939-03","45.03239","-99.12253","481.0","FAULKTON, SD US","0.0","0","0.0",",0","0",",0","0",",0","0",",0","0",",0","0",",0","2",",0","23",",0","10",",0","5",",0","0",",0","","","19390317","+,,0","19390331","+,,0","19390314","+,,0","","","19390314","+,,0","19390325",",,0","-17.8",",0,17,+","0",",,0,31,+","0",",T,0,14,+","0.0",",T,0,14,+","25.6",",0,25,","3753.3","0","562.9",",0","0.0",",T,,0","0",",T,,0","0.18",",0","7.19",",,,0","-6.84",",,,0"
"USC00392927","1939-04","45.03239","-99.12253","481.0","FAULKTON, SD US","0.0","0","0.0",",0","2",",0","1",",0","0",",0","0",",0","0",",0","0",",0","17",",0","1",",0","8",",0","0",",0","","","19390411",",,0","19390430","+,,0","19390411",",,0","","","19390416",",,0","19390430",",,0","-12.2",",0,11,","0",",,0,30,+","0",",T,0,11,","12.7",",,0,16,","28.3",",0,30,","4089.4","0","336.1",",0","13.2",",,,0","0",",T,,0","7.13",",0","15.34",",,,0","-1.08",",,,0"
"USC00392927","1939-05","45.03239","-99.12253","481.0","FAULKTON, SD US","40.0","0","40.0","1,0","6",",0","3",",0","0",",0","0",",0","0",",0","0",",0","1",",0","0","1,0","26","1,0","4","1,0","","","19390511",",,0","19390531","+,,0","19390531","+,,0","","","19390523",",,0","19390530",",1,0","0.0",",0,11,","0",",,0,31,+","0",",,0,31,+","15.5",",,0,23,","36.1","1,0,30,","4148.9","0","59.5","1,0","29.7",",,,0","0",",,,0","17.67","1,0","25.89","1,,,0","9.46",",,,0"
"USC00392927","1939-06","45.03239","-99.12253","481.0","FAULKTON, SD US","96.2","0","56.2",",0","11",",0","10",",0","1",",0","0",",0","0",",0","0",",0","0",",0","0",",0","25",",0","3",",0","","","19390612",",,0","19390630","+,,0","19390630","+,,0","5","","19390627",",,0","19390605",",,0","6.7",",0,12,","0",",,0,30,+","0",",,0,30,+","27.9",",,0,27,","34.4",",0,05,","4182.8","0","33.9",",0","111.8",",,,0","0",",,,0","19.08",",0","25.80",",,,0","12.35",",,,0"
"USC00392927","1939-07","45.03239","-99.12253","481.0","FAULKTON, SD US","288.3","0","192.1",",0","3",",0","3",",0","0",",0","0",",0","0",",0","0",",0","0",",0","0",",0","31",",0","19",",0","","","19390715",",,0","19390731","+,,0","19390731","+,,0","","","19390719",",,0","19390711",",,0","11.1",",0,15,","0",",,0,31,+","0",",,0,31,+","6.9",",,0,19,","38.3",",0,11,","0.0","0","0.0",",0","14.5",",,,0","0",",,,0","24.53",",0","32.73",",,,0","16.34",",,,0"
"USC00392927","1939-08","45.03239","-99.12253","481.0","FAULKTON, SD US","419.6","0","131.3",",0","5",",0","3",",0","0",",0","0",",0","0",",0","0",",0","0",",0","0",",0","31",",0","17",",0","","","19390824",",,0","19390831","+,,0","19390831","+,,0","2","","19390801",",,0","19390815","+,,0","6.7",",0,24,","0",",,0,31,+","0",",,0,31,+","17.3",",,0,01,","36.7",",0,15,+","7.5","0","7.5",",0","43.4",",,,0","0",",,,0","22.33",",0","31.07",",,,0","13.58",",,,0"
"USC00392927","1939-09","45.03239","-99.12253","481.0","FAULKTON, SD US","506.7","0","87.1","1,0","4",",0","3",",0","0",",0","0",",0","0",",0","0","1,0","3","1,0","0",",0","25",",0","10",",0","","","19390929",",1,0","19390930","+,,0","19390930","+,,0","2","","19390915",",,0","19390914","+,,0","-3.9","1,0,29,","0",",,0,30,+","0",",,0,30,+","8.1",",,0,15,","36.1",",0,14,+","88.9","0","81.4",",0","22.8",",,,0","0",",,,0","18.63","1,0","27.42",",,,0","9.84","1,,,0"
"USC00392927","1939-10","45.03239","-99.12253","481.0","FAULKTON, SD US","507.8","0","1.1",",0","7",",0","3",",0","0",",0","0",",0","0",",0","0",",0","12",",0","0",",0","5",",0","0",",0","","","19391028",",,0","19391031","+,,0","19391029","+,,0","","","19391009",",,0","19391001",",,0","-10.6",",0,28,","0",",,0,31,+","0",",T,0,29,+","24.9",",,0,09,","27.8",",0,01,","384.5","0","295.6",",0","36.3",",,,0","0",",T,,0","8.83",",0","16.05",",,,0","1.61",",,,0"
"USC00392927","1939-11","45.03239","-99.12253","481.0","FAULKTON, SD US","507.8","0","0.0",",0","0",",0","0",",0","0",",0","0",",0","0",",0","0",",0","27",",0","0",",0","0",",0","0",",0","","","19391103",",,0","19391130","+,,0","19391130","+,,0","","","19391130","+,,0","19391113",",,0","-8.9",",0,03,","0",",,0,30,+","0",",,0,30,+","0.0",",,0,30,+","20.0",",0,13,","806.6","0","422.1",",0","0.0",",,,0","0",",,,0","4.26",",0","12.03",",,,0","-3.50",",,,0"
"USC00392927","1939-12","45.03239","-99.12253","481.0","FAULKTON, SD US","507.8","0","0.0",",0","4",",0","1",",0","0",",0","0",",0","1",",0","3",",0","24",",0","11",",0","0",",0","0",",0","3","","19391229",",,0","19391231",",,0","19391224",",,0","","","19391224",",,0","19391206",",,0","-21.7",",0,29,","0",",T,0,31,","76",",,0,24,","6.1",",,0,24,","20.0",",0,06,","1386.5","0","579.9",",0","8.2",",,,0","96",",,,0","-0.37",",0","5.98",",,,0","-6.73",",,,0"
"USC00392927","1940-01","45.03239","-99.12253","481.0","FAULKTON, SD US","0.0","0","0.0",",0","1",",0","0",",0","0",",0","0",",0","1",",0","24",",0","31",",0","29",",0","0",",0","0",",0","1","","19400118",",,0","19400131","+,,0","19400101",",,0","","","19400101",",,0","19400131","+,,0","-31.7",",0,18,","0",",,0,31,+","25",",,0,01,","0.8",",,0,01,","3.3",",0,31,+","2430.5","0","1044.0",",0","0.8",",,,0","25",",,,0","-15.35",",0","-10.15",",,,0","-20.54",",,,0"
"USC00392927","1940-02","45.03239","-99.12253","481.0","FAULKTON, SD US","0.0","0","0.0",",0","2",",0","2",",0","0",",0","0",",0","2",",0","4",",0","29",",0","24",",0","0",",0","0",",0","4","","19400224",",,0","19400229","+,,0","19400223","+,,0","","","19400211",",,0","19400210",",,0","-24.4",",0,24,","0",",,0,29,+","51",",,0,23,+","11.4",",,0,11,","6.7",",0,10,","3167.1","0","736.6",",0","15.0",",,,0","102",",,,0","-7.07",",0","-2.53",",,,0","-11.60",",,,0"
"USC00392927","1940-03","45.03239","-99.12253","481.0","FAULKTON, SD US","0.0","0","0.0","2,0","8",",0","5",",0","0",",0","","","6",",0","1","1,0","30","1,0","11","1,0","0","1,0","0","1,0","1","","19400323",",1,0","","","19400313",",,0","","","19400328",",,0","19400318",",1,0","-18.9","1,0,23,","","","127",",,0,13,","23.4",",,0,28,","10.0","1,0,18,","3778.9","0","611.8","1,0","45.3",",,,0","398",",,,0","-2.63","2,0","1.31","1,,,0","-6.56","1,,,0"
"USC00392927","1940-04","45.03239","-99.12253","481.0","FAULKTON, SD US","0.0","0","0.0",",0","8",",0","7",",0","1",",0","0",",0","0",",0","0",",0","16",",0","0",",0","4",",0","0",",0","","","19400411",",,0","19400430","+,,0","19400404",",,0","","","19400428",",,0","19400415",",,0","-11.1",",0,11,","0",",,0,30,+","0",",T,0,04,","25.4",",,0,28,","25.6",",0,15,","4136.8","0","357.9",",0","75.7",",,,0","0",",T,,0","6.40",",0","12.48",",,,0","0.33",",,,0"
"USC00392927","1940-05","45.03239","-99.12253","481.0","FAULKTON, SD US","8.9","0","8.9",",0","2",",0","2",",0","0",",0","0",",0","0",",0","0",",0","3",",0","0",",0","16",",0","0",",0","","","19400502","+,,0","19400531","+,,0","19400531","+,,0","","","19400514",",,0","19400531",",,0","-1.1",",0,02,+","0",",,0,31,+","0",",,0,31,+","3.8",",,0,14,","31.1",",0,31,","4289.2","0","152.4",",0","7.4",",,,0","0",",,,0","13.70",",0","21.28",",,,0","6.13",",,,0"
"USC00392927","1940-06","45.03239","-99.12253","481.0","FAULKTON, SD US","61.1","0","52.2",",0","7",",0","7",",0","1",",0","0",",0","0",",0","0",",0","0",",0","0",",0","26",",0","3",",0","","","19400605",",,0","19400630","+,,0","19400630","+,,0","","","19400623",",,0","19400616",",,0","7.2",",0,05,","0",",,0,30,+","0",",,0,30,+","31.8",",,0,23,","35.6",",0,16,","4326.9","0","37.7",",0","64.7",",,,0","0",",,,0","18.82",",0","25.79",",,,0","11.85",",,,0"
"USC00392927","1940-07","45.03239","-99.12253","481.0","FAULKTON, SD US","257.1","0","196.0",",0","5",",0","4",",0","0",",0","0",",0","0",",0","0",",0","0",",0","0",",0","31",",0","17",",0","","","19400712",",,0","19400731","+,,0","19400731","+,,0","6","","19400725",",,0","19400718",",,0","10.0",",0,12,","0",",,0,31,+","0",",,0,31,+","12.7",",,0,25,","42.2",",0,18,","0.8","0","0.8",",0","26.7",",,,0","0",",,,0","24.63",",0","32.08",",,,0","17.17",",,,0"
"USC00392927","1940-08","45.03239","-99.12253","481.0","FAULKTON, SD US","347.7","0","90.6",",0","7",",0","6",",0","0",",0","0",",0","0",",0","0",",0","0",",0","0",",0","27",",0","6",",0","2","","19400831",",,0","19400831","+,,0","19400831","+,,0","5","","19400817",",,0","19400802",",,0","7.2",",0,31,","0",",,0,31,+","0",",,0,31,+","22.9",",,0,17,","37.8",",0,02,","21.8","0","21.0",",0","57.2",",,,0","0",",,,0","20.58",",0","26.97",",,,0","14.19",",,,0"
"USC00392927","1940-09","45.03239","-99.12253","481.0","FAULKTON, SD US","413.0","0","65.3",",0","4",",0","1",",0","0",",0","0",",0","0",",0","0",",0","2",",0","0",",0","25",",0","2",",0","","","19400925",",,0","19400930","+,,0","19400930","+,,0","","","19400904",",,0","19400919",",,0","-2.2",",0,25,","0",",,0,30,+","0",",,0,30,+","8.6",",,0,04,","33.3",",0,19,","86.1","0","64.3",",0","13.1",",,,0","0",",,,0","18.37",",0","25.86",",,,0","10.87",",,,0"
"USC00392927","1940-10","45.03239","-99.12253","481.0","FAULKTON, SD US","413.0","0","0.0",",0","7",",0","4",",0","0",",0","0",",0","0",",0","0",",0","6",",0","0",",0","19",",0","0",",0","","","19401017","+,,0","19401031","+,,0","19401031","+,,0","2","","19401031",",,0","19401011",",,0","-1.1",",0,17,+","0",",,0,31,+","0",",,0,31,+","16.5",",,0,31,","26.1",",0,11,","263.0","0","176.9",",0","36.3",",,,0","0",",,,0","12.63",",0","20.16",",,,0","5.09",",,,0"
"USC00392927","1940-11","45.03239","-99.12253","481.0","FAULKTON, SD US","413.0","0","0.0",",0","3",",0","1",",0","0",",0","0","1,0","1",",0","4",",0","26",",0","8",",0","0",",0","0",",0","","","19401114",",,0","19401109",",1,0","19401110",",,0","","","19401110",",,0","19401101",",,0","-25.6",",0,14,","0","1,T,0,09,","25",",,0,10,","2.5",",,0,10,","13.3",",0,01,","886.6","0","623.6",",0","5.3",",,,0","25",",,,0","-2.46",",0","2.39",",,,0","-7.30",",,,0"
"USC00392927","1940-12","45.03239","-99.12253","481.0","FAULKTON, SD US","413.0","0","0.0",",0","3",",0","2",",0","0",",0","","","2",",0","6",",0","30",",0","12",",0","0",",0","0",",0","1","","19401213",",,0","","","19401231","+,,0","","","19401228",",,0","19401208",",,0","-23.9",",0,13,","","","25",",,0,31,+","6.4",",,0,28,","10.6",",0,08,","1554.6","0","668.0",",0","10.7",",,,0","50",",,,0","-3.22",",0","1.96",",,,0","-8.39",",,,0"
"USC00392927","1941-01","45.03239","-99.12253","481.0","FAULKTON, SD US","0.0","0","0.0",",0","3",",0","2",",0","0",",0","0",",0","2",",0","10",",0","31",",0","25",",0","0",",0","0",",0","4","","19410118",",,0","19410131","+,,0","19410101",",,0","","","19410101",",,0","19410111",",,0","-25.6",",0,18,","0",",,0,31,+","64",",,0,01,","7.1",",,0,01,","5.0",",0,11,","2411.6","0","857.0",",0","13.0",",,,0","115",",,,0","-9.31",",0","-4.73",",,,0","-13.90",",,,0"
"USC00392927","1941-02","45.03239","-99.12253","481.0","FAULKTON, SD US","0.0","0","0.0",",0","2",",0","2",",0","0",",0","0","1,0","2",",0","8",",0","28",",0","18",",0","0",",0","0",",0","3","","19410219",",,0","19410228","+,1,0","19410212",",,0","","","19410212",",,0","19410201",",,0","-27.2",",0,19,","0","1,,0,28,+","51",",,0,12,","5.1",",,0,12,","3.9",",0,01,","3155.9","0","744.3",",0","9.2",",,,0","89",",,,0","-8.25",",0","-3.23",",,,0","-13.27",",,,0"
"USC00392927","1941-03","45.03239","-99.12253","481.0","FAULKTON, SD US","0.0","0","0.0",",0","1",",0","1",",0","0",",0","0","1,0","1",",0","3",",0","31",",0","6",",0","0",",0","0",",0","","","19410304",",,0","19410331","+,1,0","19410306",",,0","","","19410306",",,0","19410330",",,0","-20.0",",0,04,","0","1,,0,31,+","76",",,0,06,","8.9",",,0,06,","19.4",",0,30,","3760.3","0","604.4",",0","8.9",",,,0","76",",,,0","-1.16",",0","4.43",",,,0","-6.76",",,,0"
"USC00392927","1941-04","45.03239","-99.12253","481.0","FAULKTON, SD US","0.0","0","0.0",",0","14",",0","9",",0","0",",0","0",",0","0",",0","0",",0","8",",0","0",",0","7",",0","0",",0","3","","19410403",",,0","19410430","+,,0","19410419",",,0","1","","19410413",",,0","19410412",",,0","-5.6",",0,03,","0",",,0,30,+","0",",T,0,19,","21.1",",,0,13,","25.6",",0,12,","4019.5","0","259.2",",0","100.6",",,,0","0",",T,,0","9.69",",0","15.43",",,,0","3.95",",,,0"
"USC00392927","1941-05","45.03239","-99.12253","481.0","FAULKTON, SD US","38.2","0","38.2",",0","6",",0","3",",0","0",",0","0",",0","0",",0","0",",0","1",",0","0",",0","24",",0","1",",0","","","19410523",",,0","19410531","+,,0","19410531","+,,0","2","","19410505",",,0","19410525",",,0","0.0",",0,23,","0",",,0,31,+","0",",,0,31,+","12.2",",,0,05,","33.9",",0,25,","4093.6","0","74.1",",0","20.6",",,,0","0",",,,0","17.18",",0","24.51",",,,0","9.85",",,,0"
"USC00392927","1941-06","45.03239","-99.12253","481.0","FAULKTON, SD US","110.6","0","72.4","1,0","10",",0","9",",0","2",",0","0",",0","0",",0","0","1,0","0","1,0","0",",0","22",",0","2",",0","","","19410608",",1,0","19410630","+,,0","19410630","+,,0","","","19410606",",,0","19410619",",,0","6.1","1,0,08,","0",",,0,30,+","0",",,0,30,+","67.3",",,0,06,","32.8",",0,19,","4142.2","0","48.6",",0","168.4",",,,0","0",",,,0","19.19","1,0","24.75",",,,0","13.62","1,,,0"
"USC00392927","1941-07","45.03239","-99.12253","481.0","FAULKTON, SD US","286.4","0","175.8",",0","8",",0","5",",0","0",",0","0",",0","0",",0","0",",0","0",",0","0",",0","28",",0","15",",0","","","19410712",",,0","19410731","+,,0","19410731","+,,0","4","","19410730",",,0","19410723",",,0","7.2",",0,12,","0",",,0,31,+","0",",,0,31,+","9.9",",,0,30,","41.1",",0,23,","13.1","0","13.1",",0","36.3",",,,0","0",",,,0","23.58",",0","30.76",",,,0","16.40",",,,0"
"USC00392927","1941-08","45.03239","-99.12253","481.0","FAULKTON, SD US","444.4","0","158.0",",0","6",",0","4",",0","0",",0","0",",0","0",",0","0",",0","0",",0","0",",0","29",",0","14",",0","1","","19410822",",,0","19410831","+,,0","19410831","+,,0","4","","19410817",",,0","19410806","+,,0","10.0",",0,22,","0",",,0,31,+","0",",,0,31,+","18.0",",,0,17,","41.7",",0,06,+","19.5","0","6.4",",0","42.6",",,,0","0",",,,0","23.22",",0","30.50",",,,0","15.95",",,,0"
"USC00392927","1941-09","45.03239","-99.12253","481.0","FAULKTON, SD US","485.0","0","40.6",",0","8",",0","6",",0","1",",0","0",",0","0",",0","0",",0","1",",0","0",",0","18",",0","1",",0","","","19410928",",,0","19410930","+,,0","19410930","+,,0","2","","19410904",",,0","19410919",",,0","-2.2",",0,28,","0",",,0,30,+","0",",,0,30,+","38.1",",,0,04,","32.2",",0,19,","132.4","0","112.9",",0","92.5",",,,0","0",",,,0","15.92",",0","21.78",",,,0","10.06",",,,0"
"USC00392927","1941-10","45.03239","-99.12253","481.0","FAULKTON, SD US","485.0","0","0.0",",0","5",",0","4",",0","1",",0","0",",0","0",",0","0",",0","7",",0","0",",0","2",",0","0",",0","","","19411028",",,0","19411031","+,,0","19411031","+,,0","","","19411002",",,0","19411012",",,0","-7.2",",0,28,","0",",,0,31,+","0",",,0,31,+","38.1",",,0,02,","22.8",",0,12,","425.1","0","292.7",",0","61.2",",,,0","0",",,,0","8.89",",0","14.23",",,,0","3.55",",,,0"
"USC00392927","1941-11","45.03239","-99.12253","481.0","FAULKTON, SD US","485.0","0","0.0",",0","1",",0","0",",0","0",",0","0",",0","0",",0","0",",0","24",",0","2",",0","0",",0","0",",0","2","","19411123",",,0","19411130","+,,0","19411120","+,,0","","","19411105",",,0","19411112",",,0","-15.6",",0,23,","0",",,0,30,+","0",",T,0,20,+","1.5",",,0,05,","18.9",",0,12,","909.2","0","484.1",",0","1.5",",,,0","0",",T,,0","2.20",",0","8.04",",,,0","-3.65",",,,0"
"USC00392927","1941-12","45.03239","-99.12253","481.0","FAULKTON, SD US","485.0","0","0.0",",0","0",",0","0",",0","0",",0","0",",0","0",",0","2",",0","29",",0","13",",0","0",",0","0",",0","","","19411231","+,,0","19411231","+,,0","19411231","+,,0","","","19411231","+,,0","19411203",",,0","-20.0",",0,31,+","0",",,0,31,+","0",",T,0,31,+","0.0",",T,0,31,+","18.3",",0,03,","1552.7","0","643.5",",0","0.0",",T,,0","0",",T,,0","-2.43",",0","3.23",",,,0","-8.08",",,,0"
"USC00392927","1942-01","45.03239","-99.12253","481.0","FAULKTON, SD US","0.0","0","0.0",",0","0",",0","0",",0","0",",0","0",",0","0",",0","9",",0","31",",0","11",",0","0",",0","0",",0","","","19420107",",,0","19420131","+,,0","19420130","+,,0","","","19420130","+,,0","19420121",",,0","-31.7",",0,07,","0",",,0,31,+","0",",T,0,30,+","0.0",",T,0,30,+","13.3",",0,21,","2261.5","0","708.8",",0","0.0",",T,,0","0",",T,,0","-4.53",",0","2.52",",,,0","-11.59",",,,0"
"USC00392927","1942-02","45.03239","-99.12253","481.0","FAULKTON, SD US","0.0","0","0.0",",0","1",",0","1",",0","0",",0","0",",0","1",",0","6",",0","28",",0","17",",0","0",",0","0",",0","3","","19420217",",,0","19420228","+,,0","19420223",",,0","","","19420223",",,0","19420205",",,0","-26.7",",0,17,","0",",,0,28,+","76",",,0,23,","6.9",",,0,23,","11.7",",0,05,","2955.1","0","693.6",",0","6.9",",,,0","76",",,,0","-6.44",",0","-0.63",",,,0","-12.25",",,,0"
"USC00392927","1942-03","45.03239","-99.12253","481.0","FAULKTON, SD US","","","","","6","3,0","6","3,0","0","3,0","0","4,0","2","5,0","","","","","","","","","","","2","","","","19420331","+,4,0","19420315","+,5,0","","","19420325",",3,0","","","","","0","4,,0,31,+","51","5,,0,15,+","20.3","3,,0,25,","","","","","","","46.2","3,,,0","102","5,,,0","","","","","",""
"USC00392927","1942-04","45.03239","-99.12253","481.0","FAULKTON, SD US","","","2.6",",0","5",",0","4",",0","0",",0","0",",0","0",",0","0",",0","12",",0","0",",0","10",",0","0",",0","","","19420411","+,,0","19420430","+,,0","19420406",",,0","3","","19420427",",,0","19420414",",,0","-5.6",",0,11,+","0",",,0,30,+","0",",T,0,06,","20.3",",,0,27,","30.6",",0,14,","","","251.7",",0","49.7",",,,0","0",",T,,0","10.03",",0","17.50",",,,0","2.55",",,,0"
"USC00392927","1942-05","45.03239","-99.12253","481.0","FAULKTON, SD US","","","5.0",",0","13",",0","10",",0","2",",0","0",",0","0",",0","0",",0","3",",0","0",",0","8",",0","0",",0","","","19420504",",,0","19420531","+,,0","19420531","+,,0","3","","19420501",",,0","19420528",",,0","-1.7",",0,04,","0",",,0,31,+","0",",,0,31,+","31.8",",,0,01,","28.3",",0,28,","","","218.9",",0","161.6",",,,0","0",",,,0","11.43",",0","16.90",",,,0","5.97",",,,0"
"USC00392927","1942-06","45.03239","-99.12253","481.0","FAULKTON, SD US","","","28.9","1,0","11",",0","9",",0","2",",0","0",",0","0",",0","0","1,0","0","1,0","0",",0","24",",0","0",",0","","","19420613",",1,0","19420630","+,,0","19420630","+,,0","5","","19420627",",,0","19420604",",,0","2.2","1,0,13,","0",",,0,30,+","0",",,0,30,+","58.7",",,0,27,","28.3",",0,04,","","","47.4",",0","148.7",",,,0","0",",,,0","17.65","1,0","23.42",",,,0","11.87","1,,,0"
"USC00392927","1942-07","45.03239","-99.12253","481.0","FAULKTON, SD US","","","70.4",",0","13",",0","9",",0","0",",0","0",",0","0",",0","0",",0","0",",0","0",",0","31",",0","0",",0","","","19420706",",,0","19420731","+,,0","19420731","+,,0","5","","19420709",",,0","19420717","+,,0","7.8",",0,06,","0",",,0,31,+","0",",,0,31,+","9.1",",,0,09,","31.1",",0,17,+","8.3","0","8.3",",0","56.3",",,,0","0",",,,0","20.33",",0","26.42",",,,0","14.25",",,,0"
"USC00392927","1942-08","45.03239","-99.12253","481.0","FAULKTON, SD US","","","75.4",",0","9",",0","7",",0","2",",0","0",",0","0",",0","0",",0","0",",0","0",",0","29",",0","2",",0","1","","19420823",",,0","19420831","+,,0","19420831","+,,0","6","","19420805",",,0","19420820",",,0","5.6",",0,23,","0",",,0,31,+","0",",,0,31,+","63.5",",,0,05,","32.8",",0,20,","20.2","0","11.9",",0","157.0",",,,0","0",",,,0","20.38",",0","26.57",",,,0","14.19",",,,0"
"USC00392927","1942-09","45.03239","-99.12253","481.0","FAULKTON, SD US","","","12.2",",0","7",",0","7",",0","0",",0","0",",0","0",",0","0",",0","7",",0","0",",0","14",",0","0",",0","2","","19420926",",,0","19420930","+,,0","19420926",",,0","","","19420917",",,0","19420910",",,0","-5.0",",0,26,","0",",,0,30,+","0",",T,0,26,","17.8",",,0,17,","30.0",",0,10,","203.1","0","182.9",",0","58.2",",,,0","0",",T,,0","12.64",",0","18.45",",,,0","6.84",",,,0"
"USC00392927","1942-10","45.03239","-99.12253","481.0","FAULKTON, SD US","","","0.0",",0","4",",0","3",",0","0",",0","0",",0","0",",0","0",",0","10",",0","0",",0","13",",0","0",",0","","","19421025",",,0","19421031","+,,0","19421029","+,,0","","","19421004",",,0","19421007",",,0","-11.7",",0,25,","0",",,0,31,+","0",",T,0,29,+","5.1",",,0,04,","28.3",",0,07,","489.5","0","286.4",",0","14.2",",,,0","0",",T,,0","9.10",",0","16.24",",,,0","1.95",",,,0"
"USC00392927","1942-11","45.03239","-99.12253","481.0","FAULKTON, SD US","","","0.0",",0","1",",0","0",",0","0",",0","0",",0","0",",0","0",",0","26",",0","5",",0","0",",0","0",",0","1","","19421130",",,0","19421125",",,0","19421125","+,,0","","","19421128",",,0","19421115",",,0","-17.2",",0,30,","0",",T,0,25,","0",",T,0,25,+","1.3",",,0,28,","20.0",",0,15,","1018.1","0","528.6",",0","1.3",",,,0","0",",T,,0","0.71",",0","7.35",",,,0","-5.93",",,,0"
"USC00392927","1942-12","45.03239","-99.12253","481.0","FAULKTON, SD US","","","0.0",",0","0",",0","0",",0","0",",0","0",",0","0",",0","7",",0","31",",0","23",",0","0",",0","0",",0","2","","19421220",",,0","19421231","+,,0","19421229","+,,0","","","19421229","+,,0","19421217",",,0","-25.6",",0,20,","0",",,0,31,+","0",",T,0,29,+","0.0",",T,0,29,+","6.1",",0,17,","1847.9","0","829.8",",0","0.0",",T,,0","0",",T,,0","-8.44",",0","-3.19",",,,0","-13.68",",,,0"
"USC00392927","1943-01","45.03239","-99.12253","481.0","FAULKTON, SD US","0.0","0","0.0",",0","2",",0","1",",0","0",",0","6",",0","2",",0","23",",0","31",",0","25",",0","0",",0","0",",0","","","19430117",",,0","19430108","+,,0","19430103",",,0","","","19430103",",,0","19430114",",,0","-35.6",",0,17,","254",",,0,08,+","254",",,0,03,","14.0",",,0,03,","4.4",",0,14,","2906.5","0","1058.6",",0","15.8",",,,0","279",",,,0","-15.82",",0","-10.80",",,,0","-20.84",",,,0"
"USC00392927","1943-02","45.03239","-99.12253","481.0","FAULKTON, SD US","0.0","0","0.0",",0","0",",0","0",",0","0",",0","0",",0","0",",0","6",",0","28",",0","10",",0","0",",0","0",",0","1","","19430214",",,0","19430228","+,,0","19430228","+,,0","","","19430228","+,,0","19430221",",,0","-27.2",",0,14,","0",",,0,28,+","0",",T,0,28,+","0.0",",T,0,28,+","11.7",",0,21,","3568.6","0","662.1",",0","0.0",",T,,0","0",",T,,0","-5.31",",0","1.32",",,,0","-11.95",",,,0"
"USC00392927","1943-03","45.03239","-99.12253","481.0","FAULKTON, SD US","0.0","0","0.0","1,0","1",",0","1",",0","0",",0","0",",0","0",",0","9",",0","26",",0","14","1,0","1","1,0","0","1,0","","","19430307",",,0","19430331","+,,0","19430319","+,,0","","","19430317",",,0","19430329",",1,0","-26.7",",0,07,","0",",,0,31,+","0",",T,0,19,+","12.7",",,0,17,","26.1","1,0,29,","4248.4","0","679.8","1,0","12.7",",,,0","0",",T,,0","-4.13","1,0","2.96","1,,,0","-11.22",",,,0"
"USC00392927","1943-04","45.03239","-99.12253","481.0","FAULKTON, SD US","0.0","0","0.0",",0","2",",0","1",",0","0",",0","0",",0","0",",0","0",",0","12",",0","0",",0","11",",0","0",",0","","","19430414","+,,0","19430430","+,,0","19430430","+,,0","","","19430422",",,0","19430415",",,0","-7.8",",0,14,+","0",",,0,30,+","0",",,0,30,+","7.1",",,0,22,","26.7",",0,15,","4508.8","0","260.4",",0","8.4",",,,0","0",",,,0","9.65",",0","18.39",",,,0","0.91",",,,0"
"USC00392927","1943-05","45.03239","-99.12253","481.0","FAULKTON, SD US","13.4","0","13.4",",0","7",",0","6",",0","0",",0","0",",0","1",",0","0",",0","7",",0","0",",0","16",",0","2",",0","","","19430507",",,0","19430531","+,,0","19430511",",,0","1","","19430531",",,0","19430529",",,0","-6.7",",0,07,","0",",,0,31,+","25",",,0,11,","17.8",",,0,31,","36.1",",0,29,","4707.0","0","198.2",",0","53.1",",,,0","25",",,,0","12.37",",0","20.39",",,,0","4.35",",,,0"
"USC00392927","1943-06","45.03239","-99.12253","481.0","FAULKTON, SD US","67.9","0","54.5",",0","14",",0","10",",0","2",",0","0",",0","0",",0","0",",0","0",",0","0",",0","20",",0","0",",0","","","19430604",",,0","19430630","+,,0","19430630","+,,0","5","","19430626",",,0","19430625","+,,0","2.8",",0,04,","0",",,0,30,+","0",",,0,30,+","39.4",",,0,26,","31.7",",0,25,+","4769.7","0","62.7",",0","149.5",",,,0","0",",,,0","18.06",",0","23.90",",,,0","12.22",",,,0"
"USC00392927","1943-07","45.03239","-99.12253","481.0","FAULKTON, SD US","201.1","0","133.2",",0","5",",0","3",",0","0",",0","0",",0","0",",0","0",",0","0",",0","0",",0","31",",0","7",",0","","","19430714",",,0","19430731","+,,0","19430731","+,,0","3","","19430704",",,0","19430731",",,0","11.1",",0,14,","0",",,0,31,+","0",",,0,31,+","5.8",",,0,04,","38.3",",0,31,","0.5","0","0.5",",0","12.6",",,,0","0",",,,0","22.61",",0","29.71",",,,0","15.51",",,,0"
"USC00392927","1943-08","45.03239","-99.12253","481.0","FAULKTON, SD US","306.8","0","105.7",",0","10",",0","8",",0","0",",0","0",",0","0",",0","0",",0","0",",0","0",",0","31",",0","4",",0","2","","19430817",",,0","19430831","+,,0","19430831","+,,0","7","","19430808",",,0","19430801",",,0","5.0",",0,17,","0",",,0,31,+","0",",,0,31,+","21.3",",,0,08,","38.9",",0,01,","10.5","0","10.0",",0","90.2",",,,0","0",",,,0","21.42",",0","28.31",",,,0","14.54",",,,0"
"USC00392927","1943-09","45.03239","-99.12253","481.0","FAULKTON, SD US","319.3","0","12.5",",0","2",",0","2",",0","0",",0","0",",0","0",",0","0",",0","1",",0","0",",0","17",",0","0",",0","","","19430917",",,0","19430930","+,,0","19430930","+,,0","1","","19430903",",,0","19430926",",,0","0.0",",0,17,","0",",,0,30,+","0",",,0,30,+","14.0",",,0,03,","31.1",",0,26,","124.8","0","114.3",",0","21.1",",,,0","0",",,,0","14.94",",0","22.29",",,,0","7.59",",,,0"
"USC00392927","1943-10","45.03239","-99.12253","481.0","FAULKTON, SD US","319.6","0","0.3",",0","6",",0","6",",0","1",",0","0","2,0","2",",0","0",",0","13",",0","0",",0","14",",0","0",",0","1","","19431016",",,0","19431031","+,2,0","19431031",",,0","1","","19431031",",,0","19431011",",,0","-5.0",",0,16,","0","2,,0,31,+","305",",,0,31,","27.9",",,0,31,","29.4",",0,11,","366.2","0","241.4",",0","61.6",",,,0","343",",,,0","10.55",",0","18.70",",,,0","2.41",",,,0"
"USC00392927","1943-11","45.03239","-99.12253","481.0","FAULKTON, SD US","319.6","0","0.0","1,0","1","3,0","1","3,0","0","3,0","","","0",",0","0","1,0","26","1,0","7",",0","0",",0","0",",0","1","","19431113",",1,0","","","19431125","+,,0","","","19431125",",3,0","19431130","+,,0","-10.6","1,0,13,","","","0",",T,0,25,+","2.5","3,,0,25,","8.9",",0,30,+","921.3","0","555.1",",0","15.2",",a,,0","0",",T,,0","-0.80","1,0","3.23",",,,0","-4.82","1,,,0"
"USC00392927","1943-12","45.03239","-99.12253","481.0","FAULKTON, SD US","319.6","0","0.0",",0","0",",0","0",",0","0",",0","0",",0","0",",0","6",",0","31",",0","5",",0","0",",0","0",",0","1","","19431214",",,0","19431230","+,,0","19431226","+,,0","","","19431226","+,,0","19431218",",,0","-26.1",",0,14,","0",",T,0,30,+","0",",T,0,26,+","0.0",",T,0,26,+","12.8",",0,18,","1592.8","0","671.5",",0","0.0",",T,,0","0",",T,,0","-3.33",",0","3.79",",,,0","-10.45",",,,0"
"USC00392927","1944-01","45.03239","-99.12253","481.0","FAULKTON, SD US","0.0","0","0.0","1,0","0","2,0","0","2,0","0","2,0","3",",0","3",",0","4","1,0","29","1,0","8","1,0","0","1,0","0","1,0","2","","19440107",",1,0","19440129",",,0","19440128","+,,0","","","19440130","+,2,0","19440120",",1,0","-22.8","1,0,07,","127",",,0,29,","102",",,0,28,+","0.0","2,T,0,30,+","15.6","1,0,20,","2235.0","0","642.2","1,0","27.4",",a,,0","229",",,,0","-3.07","1,0","4.12","1,,,0","-10.27","1,,,0"
"USC00392927","1944-02","45.03239","-99.12253","481.0","FAULKTON, SD US","0.0","0","0.0",",0","1",",0","1",",0","0",",0","1",",0","1",",0","11",",0","29",",0","20",",0","0",",0","0",",0","2","","19440212",",,0","19440209",",,0","19440209",",,0","","","19440209",",,0","19440207","+,,0","-33.9",",0,12,","25",",,0,09,","51",",,0,09,","8.4",",,0,09,","3.9",",0,07,+","3037.0","0","802.0",",0","8.4",",,,0","51",",,,0","-9.32",",0","-2.55",",,,0","-16.10",",,,0"
"USC00392927","1944-03","45.03239","-99.12253","481.0","FAULKTON, SD US","0.0","0","0.0",",0","6",",0","1",",0","0",",0","2",",0","4",",0","4",",0","31",",0","14",",0","0",",0","0",",0","","","19440318",",,0","19440327",",,0","19440313",",,0","","","19440313",",,0","19440331","+,,0","-23.9",",0,18,","76",",,0,27,","94",",,0,13,","9.4",",,0,13,","9.4",",0,31,+","3763.5","0","726.5",",0","14.5",",,,0","226",",,,0","-5.10",",0","0.33",",,,0","-10.54",",,,0"
"USC00392927","1944-04","45.03239","-99.12253","481.0","FAULKTON, SD US","0.0","0","0.0",",0","8",",0","4",",0","0",",0","0",",0","0",",0","0",",0","15",",0","0",",0","0",",0","0",",0","1","","19440416",",,0","19440430","+,,0","19440430","+,,0","","","19440430",",,0","19440418",",,0","-6.7",",0,16,","0",",,0,30,+","0",",,0,30,+","10.4",",,0,30,","19.4",",0,18,","4141.2","0","377.7",",0","30.1",",,,0","0",",,,0","5.74",",0","11.76",",,,0","-0.28",",,,0"
"USC00392927","1944-05","45.03239","-99.12253","481.0","FAULKTON, SD US","46.4","0","46.4",",0","13",",0","6",",0","1",",0","0",",0","0",",0","0",",0","4",",0","0",",0","22",",0","0",",0","","","19440506","+,,0","19440531","+,,0","19440531","+,,0","1","","19440525",",,0","19440530",",,0","-2.2",",0,06,+","0",",,0,31,+","0",",,0,31,+","39.6",",,0,25,","31.1",",0,30,","4233.3","0","92.1",",0","104.2",",,,0","0",",,,0","16.86",",0","23.96",",,,0","9.75",",,,0"
"USC00392927","1944-06","45.03239","-99.12253","481.0","FAULKTON, SD US","105.2","0","58.8","1,0","11",",0","9",",0","1",",0","0",",0","0",",0","0","1,0","0","1,0","0","1,0","24","1,0","4","1,0","","","19440606",",1,0","19440630","+,,0","19440630","+,,0","","","19440603",",,0","19440625",",1,0","2.2","1,0,06,","0",",,0,30,+","0",",,0,30,+","31.8",",,0,03,","33.3","1,0,25,","4274.4","0","41.1","1,0","100.7",",,,0","0",",,,0","18.94","1,0","25.69","1,,,0","12.19","1,,,0"
"USC00392927","1944-07","45.03239","-99.12253","481.0","FAULKTON, SD US","219.9","0","114.7",",0","10",",0","9",",0","2",",0","0",",0","0",",0","0",",0","0",",0","0",",0","31",",0","11",",0","2","","19440720",",,0","19440731","+,,0","19440731","+,,0","","","19440702",",,0","19440731","+,,0","7.2",",0,20,","0",",,0,31,+","0",",,0,31,+","65.0",",,0,02,","35.0",",0,31,+","1.4","0","1.4",",0","153.8",",,,0","0",",,,0","21.99",",0","30.39",",,,0","13.58",",,,0"
"USC00392927","1944-08","45.03239","-99.12253","481.0","FAULKTON, SD US","312.4","0","92.5",",0","11",",0","6",",0","1",",0","0",",0","0",",0","0",",0","0",",0","0",",0","31",",0","7",",0","","","19440827",",,0","19440831","+,,0","19440831","+,,0","","","19440825",",,0","19440809",",,0","7.2",",0,27,","0",",,0,31,+","0",",,0,31,+","41.9",",,0,25,","37.8",",0,09,","13.7","0","12.3",",0","102.5",",,,0","0",",,,0","20.92",",0","28.97",",,,0","12.86",",,,0"
"USC00392927","1944-09","45.03239","-99.12253","481.0","FAULKTON, SD US","321.2","0","8.8","2,0","4",",0","3",",0","0",",0","0",",0","0",",0","0","2,0","0","2,0","0","2,0","22","2,0","0","2,0","","","19440906",",2,0","19440930","+,,0","19440930","+,,0","","","19440910",",,0","19440908",",2,0","2.8","2,0,06,","0",",,0,30,+","0",",,0,30,+","10.2",",,0,10,","31.1","2,0,08,","91.4","0","77.7","2,0","28.8",",,,0","0",",,,0","15.87","2,0","23.96","2,,,0","7.78","2,,,0"
"USC00392927","1944-10","45.03239","-99.12253","481.0","FAULKTON, SD US","321.2","0","0.0",",0","3",",0","3",",0","0",",0","0",",0","0",",0","0",",0","15",",0","0",",0","17",",0","0",",0","1","","19441019",",,0","19441031","+,,0","19441031","+,,0","","","19441005",",,0","19441031",",,0","-6.7",",0,19,","0",",,0,31,+","0",",,0,31,+","12.7",",,0,05,","26.7",",0,31,","335.2","0","243.8",",0","26.9",",,,0","0",",,,0","10.47",",0","19.73",",,,0","1.21",",,,0"
"USC00392927","1944-11","45.03239","-99.12253","481.0","FAULKTON, SD US","321.2","0","0.0","1,0","6",",0","3",",0","1",",0","0",",0","0",",0","1","1,0","22","1,0","8","1,0","0","1,0","0","1,0","4","","19441130",",1,0","19441130","+,,0","19441125",",,0","","","19441125",",,0","19441101",",1,0","-21.1","1,0,30,","0",",,0,30,+","0",",T,0,25,","27.9",",,0,25,","20.6","1,0,01,","855.6","0","520.4","1,0","61.0",",,,0","0",",T,,0","0.39","1,0","4.33","1,,,0","-3.56","1,,,0"
"USC00392927","1944-12","45.03239","-99.12253","481.0","FAULKTON, SD US","321.2","0","0.0",",0","1",",0","0",",0","0",",0","0","2,0","1",",0","4",",0","31",",0","15",",0","0",",0","0",",0","1","","19441225",",,0","19441231","+,2,0","19441230",",,0","","","19441230",",,0","19441216","+,,0","-22.2",",0,25,","0","2,,0,31,+","38",",,0,30,","0.3",",,0,30,","7.2",",0,16,+","1600.9","0","745.3",",0","0.3",",,,0","51",",,,0","-5.71",",0","0.12",",,,0","-11.53",",,,0"
"USC00392927","1945-01","45.03239","-99.12253","481.0","FAULKTON, SD US","0.0","0","0.0","1,0","5",",0","3",",0","0",",0","","","4",",0","9",",0","31",",0","19","1,0","0","1,0","0","1,0","4","","19450131",",,0","","","19450119",",,0","","","19450119",",,0","19450111",",1,0","-25.0",",0,31,","","","51",",,0,19,","4.6",",,0,19,","7.2","1,0,11,","2354.8","0","753.9","1,0","11.9",",,,0","165",",,,0","-6.97","1,0","-1.70","1,,,0","-12.25",",,,0"
"USC00392927","1945-02","45.03239","-99.12253","481.0","FAULKTON, SD US","0.0","0","0.0",",0","4",",0","2",",0","0",",0","","","2",",0","10",",0","28",",0","15",",0","0",",0","0",",0","1","","19450218",",,0","","","19450219",",,0","","","19450215",",,0","19450208",",,0","-26.1",",0,18,","","","152",",,0,19,","3.8",",,0,15,","8.9",",0,08,","3045.2","0","690.4",",0","8.1",",,,0","203",",,,0","-6.33",",0","0.25",",,,0","-12.90",",,,0"
"USC00392927","1945-03","45.03239","-99.12253","481.0","FAULKTON, SD US","0.0","0","0.0",",0","6",",0","2",",0","0",",0","0",",0","0","2,0","2",",0","23",",0","4",",0","4",",0","0",",0","","","19450306",",,0","19450331","+,,0","19450331","+,2,0","","","19450316",",,0","19450322",",,0","-25.0",",0,06,","0",",,0,31,+","0","2,,0,31,+","14.5",",,0,16,","23.9",",0,22,","3503.3","0","458.1",",0","29.5",",,,0","0","2,,,0","3.55",",0","11.16",",,,0","-4.05",",,,0"
"USC00392927","1945-04","45.03239","-99.12253","481.0","FAULKTON, SD US","0.0","0","0.0",",0","7",",0","3",",0","0",",0","0",",0","0",",0","0",",0","22",",0","1",",0","2",",0","0",",0","","","19450405",",,0","19450430","+,,0","19450417","+,,0","","","19450411",",,0","19450408",",,0","-7.8",",0,05,","0",",,0,30,+","0",",T,0,17,+","13.2",",,0,11,","28.9",",0,08,","3868.9","0","365.6",",0","33.6",",,,0","0",",T,,0","6.15",",0","13.50",",,,0","-1.21",",,,0"
"USC00392927","1945-05","45.03239","-99.12253","481.0","FAULKTON, SD US","6.1","0","6.1","2,0","11",",0","7",",0","1",",0","0",",0","0",",0","0","1,0","11","1,0","0","2,0","11","2,0","0","2,0","","","19450508",",1,0","19450531","+,,0","19450513",",,0","","","19450531",",,0","19450525",",2,0","-5.6","1,0,08,","0",",,0,31,+","0",",T,0,13,","78.7",",,0,31,","31.1","2,0,25,","4084.3","0","215.4","2,0","126.1",",,,0","0",",T,,0","11.18","2,0","19.44","2,,,0","2.92","1,,,0"
"USC00392927","1945-06","45.03239","-99.12253","481.0","FAULKTON, SD US","27.0","0","20.9","2,0","11","2,0","9","2,0","1","2,0","0","2,0","0","2,0","0","2,0","0","2,0","0","2,0","19","2,0","1","2,0","","","19450602",",2,0","19450630","+,2,0","19450630","+,2,0","","","19450601",",2,0","19450622",",2,0","3.9","2,0,02,","0","2,,0,30,+","0","2,,0,30,+","30.5","2,,0,01,","32.8","2,0,22,","4187.8","0","103.5","2,0","81.5","2,,,0","0","2,,,0","15.38","2,0","21.48","2,,,0","9.29","2,,,0"
"USC00392927","1945-07","45.03239","-99.12253","481.0","FAULKTON, SD US","153.9","0","126.9","1,0","6",",0","4",",0","0",",0","0",",0","0",",0","0","1,0","0","1,0","0","1,0","30","1,0","11","1,0","2","","19450704",",1,0","19450731","+,,0","19450731","+,,0","","","19450723",",,0","19450722",",1,0","3.3","1,0,04,","0",",,0,31,+","0",",,0,31,+","23.4",",,0,23,","37.2","1,0,22,","13.7","0","13.7","1,0","39.7",",,,0","0",",,,0","22.11","1,0","30.72","1,,,0","13.50","1,,,0"
"USC00392927","1945-08","45.03239","-99.12253","481.0","FAULKTON, SD US","266.1","0","112.2",",0","7",",0","5",",0","0",",0","0",",0","0",",0","0",",0","0",",0","0",",0","31",",0","11",",0","","","19450825","+,,0","19450831","+,,0","19450831","+,,0","","","19450813",",,0","19450817",",,0","7.2",",0,25,+","0",",,0,31,+","0",",,0,31,+","13.0",",,0,13,","37.8",",0,17,","19.2","0","5.5",",0","40.0",",,,0","0",",,,0","21.77",",0","30.34",",,,0","13.20",",,,0"
"USC00392927","1945-09","45.03239","-99.12253","481.0","FAULKTON, SD US","305.2","0","39.1","1,0","9",",0","8",",0","0",",0","0",",0","0",",0","0","1,0","2","1,0","0","1,0","18","1,0","5","1,0","","","19450928",",1,0","19450930","+,,0","19450930","+,,0","","","19450918",",,0","19450905",",1,0","-2.8","1,0,28,","0",",,0,30,+","0",",,0,30,+","19.1",",,0,18,","41.1","1,0,05,","148.5","0","129.3","1,0","74.3",",,,0","0",",,,0","15.22","1,0","23.82","1,,,0","6.62","1,,,0"
"USC00392927","1945-10","45.03239","-99.12253","481.0","FAULKTON, SD US","305.8","0","0.6","1,0","1",",0","1",",0","0",",0","0",",0","0",",0","0","1,0","11","1,0","0","1,0","11","1,0","0","1,0","","","19451024",",1,0","19451031","+,,0","19451031","+,,0","","","19451001",",,0","19451016",",1,0","-7.8","1,0,24,","0",",,0,31,+","0",",,0,31,+","3.0",",,0,01,","31.1","1,0,16,","418.4","0","269.9","1,0","3.0",",,,0","0",",,,0","9.36","1,0","18.19","1,,,0","0.52","1,,,0"
"USC00392927","1945-11","45.03239","-99.12253","481.0","FAULKTON, SD US","305.8","0","0.0",",0","0",",0","0",",0","0",",0","0",",0","0",",0","0",",0","29",",0","5",",0","1",",0","0",",0","","","19451109",",,0","19451130","+,,0","19451130","+,,0","","","19451130","+,,0","19451104",",,0","-17.2",",0,09,","0",",,0,30,+","0",",,0,30,+","0.0",",,0,30,+","22.8",",0,04,","1001.4","0","583.0",",0","0.0",",,,0","0",",,,0","-1.10",",0","5.70",",,,0","-7.90",",,,0"
"USC00392927","1945-12","45.03239","-99.12253","481.0","FAULKTON, SD US","305.8","0","0.0",",0","1",",0","1",",0","0",",0","9",",0","1",",0","18",",0","31",",0","25",",0","0",",0","0",",0","","","19451217",",,0","19451231","+,,0","19451223",",,0","","","19451223",",,0","19451205",",,0","-28.3",",0,17,","102",",,0,31,+","102",",,0,23,","3.6",",,0,23,","12.8",",0,05,","1896.2","0","894.8",",0","3.6",",,,0","102",",,,0","-10.53",",0","-4.66",",,,0","-16.40",",,,0"
"USC00392927","1946-01","45.03239","-99.12253","481.0","FAULKTON, SD US","0.0","0","0.0",",0","0",",0","0",",0","0",",0","0",",0","0",",0","13",",0","31",",0","13",",0","0",",0","0",",0","","","19460115",",,0","19460131","+,,0","19460130",",,0","","","19460130","+,,0","19460122",",,0","-26.1",",0,15,","0",",,0,31,+","0",",T,0,30,","0.0",",T,0,30,+","8.3",",0,22,","2707.0","0","810.8",",0","0.0",",T,,0","0",",T,,0","-7.82",",0","0.18",",,,0","-15.82",",,,0"
"USC00392927","1946-02","45.03239","-99.12253","481.0","FAULKTON, SD US","0.0","0","0.0",",0","3","2,0","2","2,0","0","2,0","1",",0","3",",0","11",",0","28",",0","12",",0","0",",0","0",",0","","","19460213",",,0","19460226",",,0","19460226","+,,0","","","19460226",",2,0","19460228",",,0","-28.3",",0,13,","76",",,0,26,","76",",,0,26,+","3.3","2,,0,26,","12.8",",0,28,","3412.8","0","705.8",",0","9.7",",a,,0","279",",a,,0","-6.87",",0","1.27",",,,0","-15.01",",,,0"
"USC00392927","1946-03","45.03239","-99.12253","481.0","FAULKTON, SD US","1.1","0","1.1","2,0","6",",0","4",",0","0",",0","0",",0","0",",0","0","1,0","18","1,0","2","1,0","4","1,0","0","1,0","7","","19460308",",1,0","19460331","+,,0","19460322","+,,0","","","19460322",",,0","19460331","+,1,0","-15.6","1,0,08,","0",",,0,31,+","0",",T,0,22,+","16.5",",,0,22,","30.0","1,0,31,+","3799.5","0","386.7","1,0","46.0",",,,0","0",",T,,0","5.44","2,0","12.56","1,,,0","-1.69","1,,,0"
"USC00392927","1946-04","45.03239","-99.12253","481.0","FAULKTON, SD US","1.1","0","0.0",",0","3",",0","3",",0","1",",0","1",",0","1",",0","0",",0","9",",0","0",",0","15",",0","0",",0","","","19460406",",,0","19460403",",,0","19460403",",,0","","","19460403",",,0","19460430",",,0","-3.9",",0,06,","203",",,0,03,","203",",,0,03,","64.8",",,0,03,","27.8",",0,30,","4013.6","0","214.1",",0","77.5",",,,0","203",",,,0","11.20",",0","19.62",",,,0","2.78",",,,0"
"USC00392927","1946-05","45.03239","-99.12253","481.0","FAULKTON, SD US","5.5","0","4.4","1,0","8",",0","8",",0","0",",0","0",",0","0",",0","0","1,0","6","1,0","0","1,0","13","1,0","0","1,0","","","19460512",",1,0","19460531","+,,0","19460531","+,,0","","","19460523",",,0","19460522",",1,0","-6.1","1,0,12,","0",",,0,31,+","0",",,0,31,+","23.4",",,0,23,","28.3","1,0,22,","4212.4","0","198.8","1,0","86.1",",,,0","0",",,,0","11.85","1,0","19.20","1,,,0","4.50","1,,,0"
"USC00392927","1946-06","45.03239","-99.12253","481.0","FAULKTON, SD US","89.4","0","83.9","2,0","10",",0","8",",0","0",",0","0",",0","0",",0","0","2,0","1","2,0","0","2,0","23","2,0","8","2,0","","","19460602",",2,0","19460630","+,,0","19460630","+,,0","","","19460618",",,0","19460623",",2,0","-1.1","2,0,02,","0",",,0,30,+","0",",,0,30,+","23.9",",,0,18,","36.1","2,0,23,","4260.7","0","48.3","2,0","96.4",",,,0","0",",,,0","19.61","2,0","27.33","2,,,0","11.88","2,,,0"
"USC00392927","1946-07","45.03239","-99.12253","481.0","FAULKTON, SD US","227.7","0","138.3",",0","8",",0","6",",0","1",",0","0",",0","0",",0","0",",0","0",",0","0",",0","31",",0","10",",0","1","","19460725",",,0","19460731","+,,0","19460731","+,,0","","","19460718",",,0","19460731",",,0","7.2",",0,25,","0",",,0,31,+","0",",,0,31,+","27.4",",,0,18,","37.8",",0,31,","0.8","0","0.8",",0","66.6",",,,0","0",",,,0","22.77",",0","30.71",",,,0","14.82",",,,0"
"USC00392927","1946-08","45.03239","-99.12253","481.0","FAULKTON, SD US","307.2","0","79.5",",0","5",",0","3",",0","0",",0","0",",0","0",",0","0",",0","0",",0","0",",0","30",",0","7",",0","","","19460828",",,0","19460831","+,,0","19460831","+,,0","1","","19460804",",,0","19460802",",,0","5.0",",0,28,","0",",,0,31,+","0",",,0,31,+","19.6",",,0,04,","38.3",",0,02,","20.2","0","19.4",",0","28.2",",,,0","0",",,,0","20.27",",0","28.04",",,,0","12.51",",,,0"
"USC00392927","1946-09","45.03239","-99.12253","481.0","FAULKTON, SD US","334.2","0","27.0","3,0","11",",0","5",",0","2",",0","0",",0","0",",0","0","1,0","0","1,0","0","2,0","19","2,0","2","2,0","2","","19460930",",1,0","19460930","+,,0","19460930","+,,0","2","","19460918",",,0","19460904",",2,0","1.7","1,0,30,","0",",,0,30,+","0",",,0,30,+","36.8",",,0,18,","35.6","2,0,04,","101.6","0","81.4","2,0","111.0",",,,0","0",",,,0","15.98","3,0","23.47","2,,,0","8.49","1,,,0"
"USC00392927","1946-10","45.03239","-99.12253","481.0","FAULKTON, SD US","334.2","0","0.0","1,0","8",",0","6",",0","1",",0","0",",0","0",",0","0","1,0","13","1,0","0",",0","6",",0","0",",0","1","","19461012",",1,0","19461031","+,,0","19461031","+,,0","1","","19461007",",,0","19461001",",,0","-6.7","1,0,12,","0",",,0,31,+","0",",,0,31,+","28.7",",,0,07,","26.1",",0,01,","429.3","0","327.7",",0","76.9",",,,0","0",",,,0","7.50","1,0","13.62",",,,0","1.39","1,,,0"
"USC00392927","1946-11","45.03239","-99.12253","481.0","FAULKTON, SD US","334.2","0","0.0",",0","5",",0","1",",0","0",",0","3",",0","1",",0","1",",0","28",",0","5",",0","0",",0","0",",0","1","","19461122",",,0","19461127",",,0","19461127",",,0","","","19461107",",,0","19461118",",,0","-18.3",",0,22,","51",",,0,27,","51",",,0,27,","13.5",",,0,07,","16.7",",0,18,","965.6","0","536.3",",0","17.3",",,,0","77",",,,0","0.46",",0","6.67",",,,0","-5.76",",,,0"
"USC00392927","1946-12","45.03239","-99.12253","481.0","FAULKTON, SD US","334.2","0","0.0",",0","5",",0","0",",0","0",",0","4",",0","2",",0","4",",0","30",",0","12",",0","0",",0","0",",0","2","","19461229",",,0","19461231","+,,0","19461228",",,0","","","19461227","+,,0","19461204",",,0","-27.8",",0,29,","76",",,0,31,+","38",",,0,28,","2.3",",,0,27,+","12.8",",0,04,","1676.8","0","711.2",",0","7.7",",,,0","63",",,,0","-4.61",",0","1.06",",,,0","-10.28",",,,0"
"USC00392927","1947-01","45.03239","-99.12253","481.0","FAULKTON, SD US","0.0","0","0.0",",0","7",",0","4",",0","0",",0","5",",0","3",",0","6",",0","28",",0","10",",0","0",",0","0",",0","","","19470103",",,0","19470131",",,0","19470131",",,0","","","19470129",",,0","19470126","+,,0","-28.3",",0,03,","152",",,0,31,","64",",,0,31,","4.8",",,0,29,","13.9",",0,26,+","2361.4","0","684.6",",0","18.4",",,,0","179",",,,0","-3.75",",0","2.94",",,,0","-10.44",",,,0"
"USC00392927","1947-02","45.03239","-99.12253","481.0","FAULKTON, SD US","0.0","0","0.0","1,0","4",",0","2",",0","0",",0","10",",0","4",",0","13",",0","27",",0","20","1,0","0","1,0","0","1,0","","","19470201",",,0","19470228","+,,0","19470219",",,0","","","19470219",",,0","19470213",",1,0","-31.7",",0,01,","102",",,0,28,+","89",",,0,19,","5.3",",,0,19,","13.9","1,0,13,","3094.6","0","733.2","1,0","9.9",",,,0","177",",,,0","-9.12","1,0","-2.44","1,,,0","-15.79",",,,0"
"USC00392927","1947-03","45.03239","-99.12253","481.0","FAULKTON, SD US","0.0","0","0.0",",0","6",",0","3",",0","0",",0","2",",0","4",",0","1",",0","29",",0","10",",0","0",",0","0",",0","","","19470301",",,0","19470331",",,0","19470331",",,0","","","19470331",",,0","19470322",",,0","-20.6",",0,01,","76",",,0,31,","76",",,0,31,","12.7",",,0,31,","19.4",",0,22,","3729.6","0","635.0",",0","22.1",",,,0","206",",,,0","-2.15",",0","3.51",",,,0","-7.81",",,,0"
"USC00392927","1947-04","45.03239","-99.12253","481.0","FAULKTON, SD US","0.0","0","0.0",",0","15",",0","10",",0","0",",0","3","3,0","6",",0","0",",0","17",",0","1",",0","3",",0","0",",0","4","","19470407",",,0","19470401",",3,0","19470401",",,0","3","","19470406",",,0","19470429",",,0","-7.8",",0,07,","203","3,,0,01,","191",",,0,01,","18.0",",,0,06,","25.6",",0,29,","4117.7","0","388.1",",0","97.1",",,,0","458",",,,0","5.40",",0","11.02",",,,0","-0.23",",,,0"
"USC00392927","1947-05","45.03239","-99.12253","481.0","FAULKTON, SD US","1.1","0","1.1",",0","4",",0","1",",0","0",",0","0",",0","0",",0","0",",0","4",",0","0",",0","14",",0","0",",0","","","19470508",",,0","19470531","+,,0","19470531","+,,0","1","","19470512",",,0","19470517",",,0","-3.3",",0,08,","0",",,0,31,+","0",",,0,31,+","16.0",",,0,12,","26.7",",0,17,","4300.9","0","183.2",",0","20.1",",,,0","0",",,,0","12.46",",0","20.36",",,,0","4.55",",,,0"
"USC00392927","1947-06","45.03239","-99.12253","481.0","FAULKTON, SD US","18.7","0","17.6",",0","15",",0","10",",0","1",",0","0",",0","0",",0","0",",0","0",",0","0",",0","24",",0","0",",0","3","","19470611",",,0","19470630","+,,0","19470630","+,,0","8","","19470610",",,0","19470627",",,0","3.3",",0,11,","0",",,0,30,+","0",",,0,30,+","70.1",",,0,10,","30.0",",0,27,","4356.8","0","55.9",",0","159.5",",,,0","0",",,,0","17.06",",0","23.52",",,,0","10.60",",,,0"
"USC00392927","1947-07","45.03239","-99.12253","481.0","FAULKTON, SD US","160.7","0","142.0",",0","2",",0","1",",0","0",",0","0",",0","0",",0","0",",0","0",",0","0",",0","31",",0","14",",0","5","","19470721",",,0","19470731","+,,0","19470731","+,,0","1","","19470720",",,0","19470728",",,0","6.7",",0,21,","0",",,0,31,+","0",",,0,31,+","8.9",",,0,20,","37.2",",0,28,","2.8","0","2.8",",0","10.4",",,,0","0",",,,0","22.82",",0","31.13",",,,0","14.52",",,,0"
"USC00392927","1947-08","45.03239","-99.12253","481.0","FAULKTON, SD US","370.8","0","210.1",",0","6",",0","2",",0","0",",0","0",",0","0",",0","0",",0","0",",0","0",",0","31",",0","19",",0","1","","19470826",",,0","19470831","+,,0","19470831","+,,0","7","","19470801",",,0","19470809",",,0","9.4",",0,26,","0",",,0,31,+","0",",,0,31,+","9.9",",,0,01,","42.8",",0,09,","6.4","0","3.6",",0","22.6",",,,0","0",",,,0","24.99",",0","33.93",",,,0","16.06",",,,0"
"USC00392927","1947-09","45.03239","-99.12253","481.0","FAULKTON, SD US","425.4","0","54.6",",0","5",",0","4",",0","0",",0","0",",0","0",",0","0",",0","4",",0","0",",0","26",",0","6",",0","","","19470922",",,0","19470930","+,,0","19470930",",,0","3","","19470930",",,0","19470905",",,0","-4.4",",0,22,","0",",,0,30,+","0",",T,0,30,","16.0",",,0,30,","37.8",",0,05,","89.9","0","83.5",",0","41.4",",,,0","0",",T,,0","17.37",",0","25.91",",,,0","8.82",",,,0"
"USC00392927","1947-10","45.03239","-99.12253","481.0","FAULKTON, SD US","440.2","0","14.8","2,0","9",",0","4",",0","0",",0","0",",0","0",",0","0","2,0","5","2,0","0",",0","17",",0","4",",0","4","","19471026",",2,0","19471031","+,,0","19471031","+,,0","5","","19471023",",,0","19471005",",,0","-3.3","2,0,26,","0",",,0,31,+","0",",,0,31,+","13.5",",,0,23,","33.9",",0,05,","246.1","0","156.2",",0","36.9",",,,0","0",",,,0","13.45","2,0","21.16",",,,0","5.75","2,,,0"
"USC00392927","1947-11","45.03239","-99.12253","481.0","FAULKTON, SD US","440.2","0","0.0",",0","9",",0","7",",0","0",",0","","","5",",0","1",",0","26",",0","9",",0","0",",0","0",",0","","","19471124",",,0","","","19471115",",,0","","","19471115",",,0","19471103",",,0","-18.3",",0,24,","","","114",",,0,15,","13.2",",,0,15,","10.6",",0,03,","894.3","0","648.2",",0","53.1",",,,0","315",",,,0","-3.27",",0","1.62",",,,0","-8.17",",,,0"
"USC00392927","1947-12","45.03239","-99.12253","481.0","FAULKTON, SD US","440.2","0","0.0",",0","3",",0","0",",0","0",",0","1","1,0","2",",0","5",",0","31",",0","21",",0","0",",0","0",",0","4","","19471231",",,0","19471202",",1,0","19471209","+,,0","","","19471202",",,0","19471227","+,,0","-22.8",",0,31,","25","1,,0,02,","25",",,0,09,+","1.5",",,0,02,","4.4",",0,27,+","1692.2","0","797.9",",0","3.0",",,,0","63",",,,0","-7.41",",0","-2.08",",,,0","-12.73",",,,0"
"USC00392927","1948-01","45.03239","-99.12253","481.0","FAULKTON, SD US","0.0","0","0.0","1,0","4",",0","1",",0","0",",0","","","4",",0","13",",0","31",",0","22","1,0","0","1,0","0","1,0","1","","19480123",",,0","","","19480122",",,0","","","19480122",",,0","19480107",",1,0","-30.6",",0,23,","","","51",",,0,22,","2.5",",,0,22,","6.1","1,0,07,","2547.4","0","855.2","1,0","5.1",",,,0","126",",,,0","-9.98","1,0","-4.24","1,,,0","-15.71",",,,0"
"USC00392927","1948-02","45.03239","-99.12253","481.0","FAULKTON, SD US","0.0","0","0.0",",0","7",",0","3",",0","0",",0","","","3","1,0","15",",0","29",",0","20",",0","0",",0","0",",0","1","","19480208",",,0","","","19480228",",1,0","","","19480228",",,0","19480219",",,0","-26.7",",0,08,","","","127","1,,0,28,","9.1",",,0,28,","12.2",",0,19,","3367.0","0","819.6",",0","22.9",",,,0","259","1,,,0","-9.93",",0","-4.50",",,,0","-15.36",",,,0"
"USC00392927","1948-03","45.03239","-99.12253","481.0","FAULKTON, SD US","0.0","0","0.0",",0","7",",0","2",",0","0",",0","0",",0","3",",0","5",",0","29",",0","11",",0","0",",0","0",",0","4","","19480310",",,0","19480331","+,,0","19480326",",,0","","","19480326",",,0","19480325",",,0","-28.3",",0,10,","0",",,0,31,+","51",",,0,26,","4.3",",,0,26,","18.3",",0,25,","4042.8","0","675.8",",0","12.1",",,,0","140",",,,0","-3.47",",0","2.35",",,,0","-9.28",",,,0"
"USC00392927","1948-04","45.03239","-99.12253","481.0","FAULKTON, SD US","1.5","0","1.5","1,0","6",",0","6",",0","0",",0","0",",0","0",",0","0",",0","10",",0","0","1,0","11","1,0","0","1,0","1","","19480402",",,0","19480430","+,,0","19480430","+,,0","1","","19480420",",,0","19480422","+,1,0","-9.4",",0,02,","0",",,0,30,+","0",",,0,30,+","18.5",",,0,20,","28.9","1,0,22,+","4289.1","0","246.3","1,0","44.9",",,,0","0",",,,0","9.99","1,0","18.10","1,,,0","1.88",",,,0"
"USC00392927","1948-05","45.03239","-99.12253","481.0","FAULKTON, SD US","26.0","0","24.5",",0","6",",0","2",",0","0",",0","0",",0","0",",0","0",",0","1",",0","0",",0","18",",0","3",",0","","","19480506",",,0","19480531","+,,0","19480531","+,,0","1","","19480530",",,0","19480519",",,0","0.0",",0,06,","0",",,0,31,+","0",",,0,31,+","6.9",",,0,30,","35.6",",0,19,","4429.1","0","140.0",",0","17.4",",,,0","0",",,,0","14.61",",0","22.75",",,,0","6.47",",,,0"
"USC00392927","1948-06","45.03239","-99.12253","481.0","FAULKTON, SD US","","","","","13",",0","10",",0","1",",0","0",",0","0",",0","0",",0","0",",0","","","","","","","","","19480619",",,0","19480630","+,,0","19480630","+,,0","4","","19480625",",,0","","","6.7",",0,19,","0",",,0,30,+","0",",,0,30,+","42.9",",,0,25,","","","","","","","161.4",",,,0","0",",,,0","","","","","11.53",",,,0"
"USC00392927","1948-07","45.03239","-99.12253","481.0","FAULKTON, SD US","","","133.7",",0","7",",0","7",",0","2",",0","0",",0","0",",0","0",",0","0",",0","0",",0","31",",0","9",",0","","","19480728","+,,0","19480731","+,,0","19480731","+,,0","9","","19480721",",,0","19480707","+,,0","11.7",",0,28,+","0",",,0,31,+","0",",,0,31,+","32.8",",,0,21,","37.8",",0,07,+","1.9","0","1.9",",0","101.2",",,,0","0",",,,0","22.58",",0","29.75",",,,0","15.41",",,,0"
"USC00392927","1948-08","45.03239","-99.12253","481.0","FAULKTON, SD US","","","136.1",",0","4",",0","3",",0","0",",0","0",",0","0",",0","0",",0","0",",0","0",",0","30",",0","16",",0","1","","19480801",",,0","19480831","+,,0","19480831","+,,0","6","","19480808",",,0","19480824",",,0","8.9",",0,01,","0",",,0,31,+","0",",,0,31,+","19.6",",,0,08,","38.9",",0,24,","11.4","0","9.5",",0","40.5",",,,0","0",",,,0","22.42",",0","30.31",",,,0","14.53",",,,0"
"USC00392927","1948-09","45.03239","-99.12253","481.0","FAULKTON, SD US","","","92.3",",0","3",",0","1",",0","0",",0","0",",0","0",",0","0",",0","0",",0","0",",0","26",",0","12",",0","2","","19480926",",,0","19480930","+,,0","19480930","+,,0","1","","19480920",",,0","19480915",",,0","2.8",",0,26,","0",",,0,30,+","0",",,0,30,+","14.5",",,0,20,","40.0",",0,15,","49.4","0","38.0",",0","16.3",",,,0","0",",,,0","20.14",",0","28.98",",,,0","11.30",",,,0"
"USC00392927","1948-10","45.03239","-99.12253","481.0","FAULKTON, SD US","","","0.0","1,0","4",",0","3",",0","0",",0","0","1,0","0",",0","0","1,0","10","1,0","0","1,0","6","1,0","0","1,0","1","","19481017",",1,0","19481031","+,1,0","19481016","+,,0","1","","19481029",",,0","19481025",",1,0","-9.4","1,0,17,","0","1,,0,31,+","0",",T,0,16,+","14.5",",,0,29,","28.3","1,0,25,","305.6","0","256.2","1,0","30.8",",,,0","0",",T,,0","9.79","1,0","18.13","1,,,0","1.45","1,,,0"
"USC00392927","1948-11","45.03239","-99.12253","481.0","FAULKTON, SD US","","","0.0",",0","4",",0","2",",0","0",",0","0",",0","0",",0","0",",0","25",",0","1",",0","0",",0","0",",0","3","","19481119",",,0","19481130","+,,0","19481110",",,0","","","19481105",",,0","19481101",",,0","-12.2",",0,19,","0",",,0,30,+","8",",,0,10,","5.8",",,0,05,","18.3",",0,01,","822.4","0","516.8",",0","10.3",",,,0","8",",,,0","1.11",",0","6.72",",,,0","-4.51",",,,0"
"USC00392927","1948-12","45.03239","-99.12253","481.0","FAULKTON, SD US","","","0.0",",0","3",",0","0",",0","0",",0","3",",0","2",",0","4",",0","31",",0","18",",0","0",",0","0",",0","2","","19481210",",,0","19481220","+,,0","19481219","+,,0","","","19481219",",,0","19481204",",,0","-22.8",",0,10,","25",",,0,20,+","25",",,0,19,+","2.0",",,0,19,","15.6",",0,04,","1594.7","0","772.3",",0","4.3",",,,0","50",",,,0","-6.58",",0","0.25",",,,0","-13.41",",,,0"
"USC00392927","1949-01","45.03239","-99.12253","481.0","FAULKTON, SD US","0.0","0","0.0",",0","7",",0","2",",0","0",",0","","","6",",0","18",",0","31",",0","26",",0","0",",0","0",",0","1","","19490121",",,0","","","19490104","+,,0","","","19490103",",,0","19490107",",,0","-32.2",",0,21,","","","102",",,0,04,+","16.0",",,0,03,","6.7",",0,07,","2572.3","0","977.6",",0","37.1",",,,0","420",",,,0","-13.20",",0","-7.76",",,,0","-18.65",",,,0"
"USC00392927","1949-02","45.03239","-99.12253","481.0","FAULKTON, SD US","0.0","0","0.0",",0","5",",0","1",",0","0",",0","","","5",",0","18",",0","28",",0","23",",0","0",",0","0",",0","2","","19490204",",,0","","","19490208",",,0","","","19490208",",,0","19490217",",,0","-28.3",",0,04,","","","51",",,0,08,","3.6",",,0,08,","6.7",",0,17,","3424.1","0","851.8",",0","8.2",",,,0","177",",,,0","-12.09",",0","-5.29",",,,0","-18.88",",,,0"
"USC00392927","1949-03","45.03239","-99.12253","481.0","FAULKTON, SD US","0.0","0","0.0","1,0","5",",0","4",",0","0",",0","3",",0","5",",0","1","1,0","30","1,0","8",",0","0",",0","0",",0","8","","19490315",",1,0","19490325",",,0","19490323",",,0","","","19490323",",,0","19490307",",,0","-19.4","1,0,15,","178",",,0,25,","76",",,0,23,","12.7",",,0,23,","8.9",",0,07,","4032.3","0","608.2",",0","32.8",",,,0","244",",,,0","-1.95","1,0","3.33",",,,0","-7.23","1,,,0"
"USC00392927","1949-04","45.03239","-99.12253","481.0","FAULKTON, SD US","0.9","0","0.9",",0","2",",0","2",",0","0",",0","0",",0","0",",0","0",",0","11",",0","0",",0","13",",0","0",",0","1","","19490418",",,0","19490430","+,,0","19490430","+,,0","","","19490409",",,0","19490429",",,0","-6.1",",0,18,","0",",,0,30,+","0",",,0,30,+","8.9",",,0,09,","28.3",",0,29,","4287.8","0","255.5",",0","11.9",",,,0","0",",,,0","9.85",",0","18.54",",,,0","1.15",",,,0"
"USC00392927","1949-05","45.03239","-99.12253","481.0","FAULKTON, SD US","28.4","0","27.5",",0","9",",0","7",",0","1",",0","0",",0","0",",0","0",",0","0",",0","0",",0","25",",0","1",",0","1","","19490524","+,,0","19490531","+,,0","19490531",",,0","8","","19490531",",,0","19490530",",,0","1.7",",0,24,+","0",",,0,31,+","0",",T,0,31,","33.0",",,0,31,","32.8",",0,30,","4385.3","0","97.5",",0","101.4",",,,0","0",",T,,0","16.07",",0","24.59",",,,0","7.56",",,,0"
"USC00392927","1949-06","45.03239","-99.12253","481.0","FAULKTON, SD US","104.9","0","76.5","4,0","7",",0","5",",0","1",",0","0",",0","0",",0","0","4,0","0","4,0","0","4,0","26","4,0","5","4,0","5","","19490626",",4,0","19490630","+,,0","19490627","+,,0","8","","19490627",",,0","19490629",",4,0","7.2","4,0,26,","0",",,0,30,+","0",",T,0,27,+","25.9",",,0,27,","33.3","4,0,29,","4391.9","0","6.6","4,0","53.9",",,,0","0",",T,,0","21.02","4,0","28.64","4,,,0","13.40","4,,,0"
"USC00392927","1949-07","45.03239","-99.12253","481.0","FAULKTON, SD US","261.6","0","156.7",",0","5",",0","4",",0","0",",0","0",",0","0",",0","0",",0","0",",0","0",",0","31",",0","19",",0","2","","19490701",",,0","19490731","+,,0","19490719",",,0","2","","19490724",",,0","19490703",",,0","5.0",",0,01,","0",",,0,31,+","0",",T,0,19,","24.4",",,0,24,","42.8",",0,03,","5.0","0","5.0",",0","67.3",",,,0","0",",T,,0","23.23",",0","33.03",",,,0","13.43",",,,0"
"USC00392927","1949-08","45.03239","-99.12253","481.0","FAULKTON, SD US","432.0","0","170.4","1,0","6",",0","3",",0","0",",0","0",",0","0",",0","0","1,0","0","1,0","0","1,0","29","1,0","20","1,0","","","19490830",",1,0","19490831","+,,0","19490831","+,,0","2","","19490811",",,0","19490808",",1,0","3.9","1,0,30,","0",",,0,31,+","0",",,0,31,+","19.3",",,0,11,","40.6","1,0,08,","16.9","0","11.9","1,0","34.8",",,,0","0",",,,0","23.62","1,0","33.42","1,,,0","13.81","1,,,0"
"USC00392927","1949-09","45.03239","-99.12253","481.0","FAULKTON, SD US","436.2","0","4.2",",0","5",",0","3",",0","0",",0","0",",0","0",",0","0",",0","6",",0","0",",0","20",",0","2",",0","6","","19490928",",,0","19490930","+,,0","19490930","+,,0","","","19490904",",,0","19490901",",,0","-6.1",",0,28,","0",",,0,30,+","0",",,0,30,+","21.3",",,0,04,","33.3",",0,01,","163.6","0","146.7",",0","42.3",",,,0","0",",,,0","13.58",",0","22.65",",,,0","4.52",",,,0"
"USC00392927","1949-10","45.03239","-99.12253","481.0","FAULKTON, SD US","437.6","0","1.4",",0","8",",0","4",",0","1",",0","0",",0","0",",0","0",",0","15",",0","0",",0","7",",0","0",",0","","","19491031",",,0","19491031","+,,0","19491031","+,,0","1","","19491010",",,0","19491005",",,0","-10.6",",0,31,","0",",,0,31,+","0",",,0,31,+","36.3",",,0,10,","31.7",",0,05,","467.9","0","304.3",",0","53.3",",,,0","0",",,,0","8.56",",0","16.33",",,,0","0.79",",,,0"
"USC00392927","1949-11","45.03239","-99.12253","481.0","FAULKTON, SD US","437.6","0","0.0",",0","1",",0","1",",0","0",",0","0",",0","0",",0","0",",0","25",",0","0",",0","3",",0","0",",0","","","19491125",",,0","19491130","+,,0","19491130","+,,0","","","19491111",",,0","19491106",",,0","-10.0",",0,25,","0",",,0,30,+","0",",,0,30,+","7.6",",,0,11,","22.8",",0,06,","871.1","0","403.2",",0","7.6",",,,0","0",",,,0","4.89",",0","13.34",",,,0","-3.56",",,,0"
"USC00392927","1949-12","45.03239","-99.12253","481.0","FAULKTON, SD US","437.6","0","0.0",",0","5",",0","2",",0","0",",0","","","1","2,0","15",",0","31",",0","18",",0","0",",0","0",",0","1","","19491224",",,0","","","19491220",",2,0","","","19491210",",,0","19491202",",,0","-27.2",",0,24,","","","25","2,,0,20,","15.7",",,0,10,","14.4",",0,02,","1721.5","0","850.4",",0","19.7",",,,0","30","2,,,0","-9.10",",0","-1.52",",,,0","-16.67",",,,0"
"USC00392927","1950-01","45.03239","-99.12253","481.0","FAULKTON, SD US","0.0","0","0.0",",0","5",",0","3",",0","0",",0","","","3",",0","28",",0","31",",0","29",",0","0",",0","0",",0","3","","19500126","+,,0","","","19500103",",,0","","","19500103",",,0","19500111",",,0","-32.8",",0,26,+","","","76",",,0,03,","7.6",",,0,03,","2.2",",0,11,","2861.1","0","1139.6",",0","14.2",",,,0","144",",,,0","-18.43",",0","-12.15",",,,0","-24.71",",,,0"
"USC00392927","1950-02","45.03239","-99.12253","481.0","FAULKTON, SD US","0.0","0","0.0",",0","4",",0","2",",0","0",",0","","","4",",0","12",",0","28",",0","21",",0","0",",0","0",",0","4","","19500224",",,0","","","19500212",",,0","","","19500212",",,0","19500209",",,0","-30.0",",0,24,","","","140",",,0,12,","16.8",",,0,12,","6.1",",0,09,","3665.5","0","804.4",",0","25.7",",,,0","292",",,,0","-10.40",",0","-4.09",",,,0","-16.70",",,,0"
"USC00392927","1950-03","45.03239","-99.12253","481.0","FAULKTON, SD US","0.0","0","0.0",",0","7",",0","1",",0","0",",0","10","3,0","2",",0","5",",0","31",",0","14",",0","0",",0","0",",0","","","19500302",",,0","19500301",",3,0","19500310",",,0","1","","19500326",",,0","19500306",",,0","-28.3",",0,02,","305","3,,0,01,","51",",,0,10,","16.8",",,0,26,","10.6",",0,06,","4389.3","0","723.8",",0","25.6",",,,0","115",",,,0","-5.02",",0","0.53",",,,0","-10.56",",,,0"
"USC00392927","1950-04","45.03239","-99.12253","481.0","FAULKTON, SD US","0.0","0","0.0",",0","6",",0","3",",0","0",",0","2",",0","1",",0","0",",0","24",",0","0",",0","1",",0","0",",0","","","19500413",",,0","19500429",",,0","19500429",",,0","","","19500429",",,0","19500417",",,0","-10.0",",0,13,","102",",,0,29,","102",",,0,29,","12.7",",,0,29,","25.0",",0,17,","4854.5","0","465.2",",0","21.3",",,,0","115",",,,0","2.83",",0","8.55",",,,0","-2.90",",,,0"
"USC00392927","1950-05","45.03239","-99.12253","481.0","FAULKTON, SD US","7.8","0","7.8","1,0","12",",0","5",",0","2",",0","1",",0","1",",0","0",",0","3",",0","0","1,0","12","1,0","2","1,0","3","","19500501",",,0","19500505",",,0","19500505",",,0","1","","19500505",",,0","19500523",",1,0","-4.4",",0,01,","127",",,0,05,","127",",,0,05,","64.0",",,0,05,","32.8","1,0,23,","5064.5","0","210.0","1,0","114.6",",,,0","127",",,,0","11.67","1,0","18.22","1,,,0","5.13",",,,0"
"USC00392927","1950-06","45.03239","-99.12253","481.0","FAULKTON, SD US","82.8","0","75.0",",0","4",",0","4",",0","0",",0","0",",0","0",",0","0",",0","0",",0","0",",0","28",",0","8",",0","","","19500603",",,0","19500630","+,,0","19500623",",,0","","","19500624",",,0","19500622",",,0","0.6",",0,03,","0",",,0,30,+","0",",T,0,23,","12.7",",,0,24,","38.9",",0,22,","5102.0","0","37.5",",0","27.5",",,,0","0",",T,,0","19.59",",0","28.35",",,,0","10.82",",,,0"
"USC00392927","1950-07","45.03239","-99.12253","481.0","FAULKTON, SD US","150.9","0","68.1",",0","8",",0","7",",0","1",",0","0",",0","0",",0","0",",0","0",",0","0",",0","31",",0","3",",0","1","","19500713",",,0","19500731","+,,0","19500702",",,0","2","","19500702",",,0","19500729",",,0","4.4",",0,13,","0",",,0,31,+","0",",T,0,02,","38.1",",,0,02,","35.6",",0,29,","13.7","0","13.7",",0","69.5",",,,0","0",",T,,0","20.09",",0","28.28",",,,0","11.90",",,,0"
"USC00392927","1950-08","45.03239","-99.12253","481.0","FAULKTON, SD US","203.8","0","52.9","1,0","9",",0","5",",0","0",",0","0",",0","0",",0","0","1,0","0","1,0","0","1,0","27","1,0","2","1,0","4","","19500820",",1,0","19500831","+,,0","19500831","+,,0","3","","19500807",",,0","19500815",",1,0","2.2","1,0,20,","0",",,0,31,+","0",",,0,31,+","24.4",",,0,07,","35.0","1,0,15,","48.2","0","34.5","1,0","57.8",",,,0","0",",,,0","18.95","1,0","26.87","1,,,0","11.02","1,,,0"
"USC00392927","1950-09","45.03239","-99.12253","481.0","FAULKTON, SD US","215.8","0","12.0",",0","8",",0","5",",0","0",",0","0",",0","0",",0","0",",0","1",",0","0",",0","20",",0","2",",0","1","","19500913",",,0","19500930","+,,0","19500930","+,,0","","","19500910",",,0","19500902",",,0","0.0",",0,13,","0",",,0,30,+","0",",,0,30,+","8.1",",,0,10,","33.9",",0,02,","148.6","0","100.4",",0","31.2",",,,0","0",",,,0","15.39",",0","23.31",",,,0","7.46",",,,0"
"USC00392927","1950-10","45.03239","-99.12253","481.0","FAULKTON, SD US","215.8","0","0.0",",0","4",",0","1",",0","0",",0","2",",0","2",",0","0",",0","11",",0","0",",0","14",",0","1",",0","2","","19501004",",,0","19501003","+,,0","19501003","+,,0","","","19501002",",,0","19501030",",,0","-5.0",",0,04,","25",",,0,03,+","25",",,0,03,+","13.2",",,0,02,","32.2",",0,30,","386.6","0","238.0",",0","18.0",",,,0","50",",,,0","10.65",",0","18.87",",,,0","2.44",",,,0"
"USC00392927","1950-11","45.03239","-99.12253","481.0","FAULKTON, SD US","215.8","0","0.0",",0","3",",0","0",",0","0",",0","1","5,0","2",",0","4",",0","28",",0","12",",0","1",",0","0",",0","","","19501123",",,0","19501116",",5,0","19501116",",,0","","","19501116",",,0","19501105",",,0","-23.3",",0,23,","51","5,,0,16,","51",",,0,16,","1.5",",,0,16,","21.1",",0,05,","1012.7","0","626.1",",0","3.8",",,,0","84",",,,0","-2.54",",0","4.63",",,,0","-9.70",",,,0"
"USC00392927","1950-12","45.03239","-99.12253","481.0","FAULKTON, SD US","215.8","0","0.0","1,0","3",",0","0",",0","0",",0","20",",0","2","1,0","9",",0","31",",0","21","1,0","0","1,0","0","1,0","","","19501206",",,0","19501231","+,,0","19501226",",1,0","","","19501226","+,,0","19501223",",1,0","-31.1",",0,06,","76",",,0,31,+","51","1,,0,26,","1.3",",,0,26,+","12.2","1,0,23,","1822.6","0","809.9","1,0","3.1",",,,0","76","1,,,0","-8.89","1,0","-2.60","1,,,0","-15.19",",,,0"
"USC00392927","1951-01","45.03239","-99.12253","481.0","FAULKTON, SD US","0.0","0","0.0",",0","2",",0","1",",0","0",",0","13",",0","1","1,0","18",",0","31",",0","20",",0","0",",0","0",",0","4","","19510129",",,0","19510107","+,,0","19510105",",1,0","","","19510105",",,0","19510122","+,,0","-33.3",",0,29,","76",",,0,07,+","76","1,,0,05,","7.6",",,0,05,","6.1",",0,22,+","2762.7","0","940.1",",0","8.4",",,,0","76","1,,,0","-11.99",",0","-5.33",",,,0","-18.65",",,,0"
"USC00392927","1951-02","45.03239","-99.12253","481.0","FAULKTON, SD US","0.0","0","0.0",",0","4",",0","1",",0","0",",0","","","3",",0","8",",0","28",",0","8",",0","0",",0","0",",0","1","","19510201",",,0","","","19510228",",,0","","","19510228",",,0","19510210",",,0","-30.0",",0,01,","","","203",",,0,28,","21.6",",,0,28,","15.6",",0,10,","3433.1","0","670.4",",0","24.4",",,,0","279",",,,0","-5.61",",0","2.25",",,,0","-13.47",",,,0"
"USC00392927","1951-03","45.03239","-99.12253","481.0","FAULKTON, SD US","0.0","0","0.0",",0","1","3,0","0","3,0","0","3,0","27",",0","0","4,0","15",",0","31",",0","17",",0","0",",0","0",",0","","","19510309","+,,0","19510309","+,,0","19510323","+,4,0","","","19510331",",3,0","19510326",",,0","-26.1",",0,09,+","305",",,0,09,+","0","4,T,0,23,+","1.3","3,,0,31,","14.4",",0,26,","4258.9","0","825.8",",0","26.7",",a,,0","0","4,T,,0","-8.30",",0","-1.98",",,,0","-14.63",",,,0"
"USC00392927","1951-04","45.03239","-99.12253","481.0","FAULKTON, SD US","0.5","0","0.5",",0","4",",0","4",",0","0",",0","2","2,0","1",",0","0",",0","24",",0","0",",0","4",",0","0",",0","","","19510416",",,0","19510421","+,2,0","19510420",",,0","","","19510420",",,0","19510429","+,,0","-8.9",",0,16,","25","2,,0,21,+","76",",,0,20,","19.1",",,0,20,","27.8",",0,29,+","4638.8","0","379.9",",0","29.7",",,,0","76",",,,0","5.69",",0","12.29",",,,0","-0.91",",,,0"
"USC00392927","1951-05","45.03239","-99.12253","481.0","FAULKTON, SD US","5.7","0","5.2",",0","11",",0","7",",0","1",",0","0",",0","0",",0","0",",0","5",",0","0",",0","22",",0","0",",0","1","","19510506",",,0","19510531","+,,0","19510531","+,,0","1","","19510530",",,0","19510524",",,0","-1.1",",0,06,","0",",,0,31,+","0",",,0,31,+","25.4",",,0,30,","29.4",",0,24,","4776.6","0","137.8",",0","86.8",",,,0","0",",,,0","14.06",",0","21.82",",,,0","6.29",",,,0"
"USC00392927","1951-06","45.03239","-99.12253","481.0","FAULKTON, SD US","15.0","0","9.3","1,0","8",",0","7",",0","1",",0","0",",0","0",",0","0",",0","0",",0","0","1,0","23","1,0","0","1,0","","","19510604",",,0","19510630","+,,0","19510630","+,,0","","","19510601",",,0","19510613",",1,0","2.8",",0,04,","0",",,0,30,+","0",",,0,30,+","41.1",",,0,01,","28.3","1,0,13,","4861.0","0","84.4","1,0","93.0",",,,0","0",",,,0","15.65","1,0","22.43","1,,,0","8.86",",,,0"
"USC00392927","1951-07","45.03239","-99.12253","481.0","FAULKTON, SD US","108.6","0","93.6","1,0","7",",0","2",",0","0",",0","0",",0","0",",0","0","1,0","0","1,0","0",",0","28",",0","10",",0","2","","19510704",",1,0","19510731","+,,0","19510731","+,,0","","","19510703",",,0","19510726","+,,0","6.1","1,0,04,","0",",,0,31,+","0",",,0,31,+","15.2",",,0,03,","36.1",",0,26,+","27.8","0","27.8",",0","27.1",",,,0","0",",,,0","20.59","1,0","28.15",",,,0","13.04","1,,,0"
"USC00392927","1951-08","45.03239","-99.12253","481.0","FAULKTON, SD US","170.6","0","62.0",",0","9",",0","7",",0","1",",0","0",",0","0",",0","0",",0","0",",0","0",",0","28",",0","5",",0","6","","19510811",",,0","19510831","+,,0","19510831","+,,0","2","","19510812",",,0","19510806",",,0","3.3",",0,11,","0",",,0,31,+","0",",,0,31,+","40.6",",,0,12,","37.8",",0,06,","56.4","0","28.6",",0","101.1",",,,0","0",",,,0","19.41",",0","26.83",",,,0","11.99",",,,0"
"USC00392927","1951-09","45.03239","-99.12253","481.0","FAULKTON, SD US","172.0","0","1.4",",0","4",",0","2",",0","0",",0","0",",0","0",",0","0",",0","3",",0","0",",0","16",",0","0",",0","3","","19510928",",,0","19510930","+,,0","19510930","+,,0","","","19510904",",,0","19510930",",,0","-9.4",",0,28,","0",",,0,30,+","0",",,0,30,+","5.1",",,0,04,","30.0",",0,30,","221.1","0","164.7",",0","10.2",",,,0","0",",,,0","12.89",",0","20.42",",,,0","5.36",",,,0"
"USC00392927","1951-10","45.03239","-99.12253","481.0","FAULKTON, SD US","174.2","0","2.2","2,0","5",",0","4",",0","1",",0","0","2,0","1",",0","0",",0","16",",0","0","2,0","8","2,0","1","2,0","2","","19511031","+,,0","19511031","+,2,0","19511030",",,0","","","19511004",",,0","19511001",",2,0","-10.6",",0,31,+","0","2,,0,31,+","51",",,0,30,","50.8",",,0,04,","32.2","2,0,01,","535.8","0","314.7","2,0","73.5",",,,0","51",",,,0","7.54","2,0","14.98","2,,,0","0.11",",,,0"
"USC00392927","1951-11","45.03239","-99.12253","481.0","FAULKTON, SD US","174.2","0","0.0","1,0","0",",0","0",",0","0",",0","","","0",",0","4",",0","30",",0","9","1,0","0","1,0","0","1,0","","","19511105",",,0","","","19511122","+,,0","","","19511122","+,,0","19511111",",1,0","-19.4",",0,05,","","","0",",T,0,22,+","0.0",",T,0,22,+","17.2","1,0,11,","1142.7","0","606.9","1,0","0.0",",T,,0","0",",T,,0","-2.64","1,0","4.64","1,,,0","-9.93",",,,0"
"USC00392927","1951-12","45.03239","-99.12253","481.0","FAULKTON, SD US","174.2","0","0.0","1,0","7",",0","1",",0","0",",0","26",",0","6",",0","20",",0","31",",0","22","1,0","0","1,0","0","1,0","","","19511218",",,0","19511231",",,0","19511206",",,0","","","19511206",",,0","19511201",",1,0","-34.4",",0,18,","406",",,0,31,","127",",,0,06,","17.8",",,0,06,","10.6","1,0,01,","2092.3","0","949.6","1,0","22.4",",,,0","406",",,,0","-13.57","1,0","-7.72","1,,,0","-19.42",",,,0"
"USC00392927","1952-01","45.03239","-99.12253","481.0","FAULKTON, SD US","0.0","0","0.0","1,0","1","3,0","0","3,0","0","3,0","","","1","3,0","20","1,0","30","1,0","29",",0","0",",0","0",",0","","","19520120",",1,0","","","19520114",",3,0","","","19520114",",3,0","19520131",",,0","-28.3","1,0,20,","","","51","3,,0,14,","1.3","3,,0,14,","4.4",",0,31,","3059.6","0","967.3",",0","1.3","3,,,0","51","3,,,0","-13.93","1,0","-8.08",",,,0","-19.78","1,,,0"
"USC00392927","1952-02","45.03239","-99.12253","481.0","FAULKTON, SD US","0.0","0","0.0","2,0","3",",0","2",",0","0",",0","","","3",",0","5","2,0","27","2,0","15","1,0","0","1,0","0","1,0","","","19520222",",2,0","","","19520220",",,0","","","19520220",",,0","19520201",",1,0","-24.4","2,0,22,","","","203",",,0,20,","10.2",",,0,20,","4.4","1,0,01,","3730.0","0","670.4","1,0","16.6",",,,0","406",",,,0","-6.46","2,0","-1.50","1,,,0","-11.42","2,,,0"
"USC00392927","1952-03","45.03239","-99.12253","481.0","FAULKTON, SD US","","","","","2","2,0","1","2,0","0","2,0","","","2","2,0","5","1,0","30","1,0","","","","","","","7","","19520304",",1,0","","","19520312",",2,0","","","19520312",",2,0","","","-26.7","1,0,04,","","","102","2,,0,12,","10.2","2,,0,12,","","","","","","","11.7","2,,,0","127","2,,,0","","","","","-11.02","1,,,0"
"USC00392927","1952-04","45.03239","-99.12253","481.0","FAULKTON, SD US","","","5.0",",0","0",",0","0",",0","0",",0","0",",0","0",",0","0",",0","16",",0","0",",0","10",",0","1",",0","1","","19520410",",,0","19520430","+,,0","19520420","+,,0","","","19520420","+,,0","19520428",",,0","-8.3",",0,10,","0",",,0,30,+","0",",T,0,20,+","0.0",",T,0,20,+","32.2",",0,28,","","","295.1",",0","0.0",",T,,0","0",",T,,0","8.67",",0","16.19",",,,0","1.14",",,,0"
"USC00392927","1952-05","45.03239","-99.12253","481.0","FAULKTON, SD US","","","10.6",",0","8",",0","4",",0","0",",0","0",",0","0",",0","0",",0","3",",0","0",",0","15",",0","2",",0","","","19520511",",,0","19520531","+,,0","19520531","+,,0","","","19520514",",,0","19520504","+,,0","-3.3",",0,11,","0",",,0,31,+","0",",,0,31,+","6.4",",,0,14,","32.2",",0,04,+","","","141.2",",0","25.2",",,,0","0",",,,0","14.12",",0","21.87",",,,0","6.36",",,,0"
"USC00392927","1952-06","45.03239","-99.12253","481.0","FAULKTON, SD US","","","97.2",",0","7",",0","6",",0","2",",0","0",",0","0",",0","0",",0","0",",0","0",",0","28",",0","8",",0","","","19520619","+,,0","19520630","+,,0","19520630","+,,0","1","","19520628",",,0","19520612",",,0","4.4",",0,19,+","0",",,0,30,+","0",",,0,30,+","31.8",",,0,28,","36.7",",0,12,","","","16.8",",0","94.2",",,,0","0",",,,0","21.01",",0","28.74",",,,0","13.29",",,,0"
"USC00392927","1952-07","45.03239","-99.12253","481.0","FAULKTON, SD US","","","135.1",",0","6",",0","5",",0","0",",0","0",",0","0",",0","0",",0","0",",0","0",",0","31",",0","14",",0","","","19520730","+,,0","19520731","+,,0","19520731","+,,0","","","19520719",",,0","19520725","+,,0","7.2",",0,30,+","0",",,0,31,+","0",",,0,31,+","20.8",",,0,19,","39.4",",0,25,+","2.6","0","2.6",",0","52.3",",,,0","0",",,,0","22.61",",0","31.18",",,,0","14.04",",,,0"
"USC00392927","1952-08","45.03239","-99.12253","481.0","FAULKTON, SD US","","","95.6","1,0","11",",0","5",",0","0",",0","0",",0","0",",0","0","1,0","0","1,0","0",",0","31",",0","7",",0","4","","19520811",",1,0","19520831","+,,0","19520831","+,,0","","","19520806",",,0","19520814",",,0","5.6","1,0,11,","0",",,0,31,+","0",",,0,31,+","13.2",",,0,06,","37.8",",0,14,","11.5","0","8.9",",0","43.1",",,,0","0",",,,0","21.20","1,0","29.24",",,,0","13.17","1,,,0"
"USC00392927","1952-09","45.03239","-99.12253","481.0","FAULKTON, SD US","","","84.8",",0","0",",0","0",",0","0",",0","0",",0","0",",0","0",",0","1",",0","0",",0","24",",0","11",",0","","","19520923",",,0","19520930","+,,0","19520930","+,,0","","","19520921","+,,0","19520904",",,0","-1.1",",0,23,","0",",,0,30,+","0",",,0,30,+","0.0",",T,0,21,+","38.3",",0,04,","70.5","0","59.0",",0","0.0",",T,,0","0",",,,0","19.19",",0","28.08",",,,0","10.31",",,,0"
"USC00392927","1952-10","45.03239","-99.12253","481.0","FAULKTON, SD US","","","0.0",",0","1",",0","0",",0","0",",0","0",",0","0",",0","0",",0","21",",0","0",",0","11",",0","0",",0","","","19521028",",,0","19521031","+,,0","19521031","+,,0","","","19521013",",,0","19521025",",,0","-12.2",",0,28,","0",",,0,31,+","0",",,0,31,+","0.5",",,0,13,","24.4",",0,25,","401.5","0","331.0",",0","0.5",",,,0","0",",,,0","7.66",",0","16.68",",,,0","-1.36",",,,0"
"USC00392927","1952-11","45.03239","-99.12253","481.0","FAULKTON, SD US","","","0.0",",0","2",",0","2",",0","0",",0","4",",0","2",",0","1",",0","26",",0","7",",0","2",",0","0",",0","","","19521127",",,0","19521118",",,0","19521117",",,0","","","19521117",",,0","19521104",",,0","-17.8",",0,27,","76",",,0,18,","51",",,0,17,","22.4",",,0,17,","22.2",",0,04,","935.8","0","534.3",",0","28.0",",,,0","76",",,,0","0.52",",0","7.43",",,,0","-6.38",",,,0"
"USC00392927","1952-12","45.03239","-99.12253","481.0","FAULKTON, SD US","","","0.0",",0","2",",0","2",",0","0",",0","0",",0","0","1,0","2",",0","31",",0","17",",0","0",",0","0",",0","1","","19521214","+,,0","19521224","+,,0","19521224","+,1,0","","","19521211",",,0","19521206",",,0","-17.8",",0,14,+","0",",T,0,24,+","0","1,T,0,24,+","7.6",",,0,11,","7.2",",0,06,","1692.0","0","756.2",",0","14.0",",,,0","0","1,T,,0","-6.06",",0","-0.98",",,,0","-11.14",",,,0"
"USC00392927","1953-01","45.03239","-99.12253","481.0","FAULKTON, SD US","0.0","0","0.0",",0","3",",0","0",",0","0",",0","22",",0","1","2,0","6",",0","31",",0","19",",0","0",",0","0",",0","2","","19530116",",,0","19530123","+,,0","19530106",",2,0","","","19530106",",,0","19530112","+,,0","-28.9",",0,16,","76",",,0,23,+","51","2,,0,06,","1.5",",,0,06,","7.2",",0,12,+","2506.5","0","814.5",",0","3.0",",,,0","51","2,,,0","-7.94",",0","-1.56",",,,0","-14.33",",,,0"
"USC00392927","1953-02","45.03239","-99.12253","481.0","FAULKTON, SD US","0.0","0","0.0",",0","2",",0","0",",0","0",",0","","","0","2,0","4",",0","28",",0","12",",0","0",",0","0",",0","1","","19530216",",,0","","","19530219","+,2,0","","","19530210",",,0","19530204",",,0","-26.7",",0,16,","","","0","2,T,0,19,+","1.8",",,0,10,","5.6",",0,04,","3187.1","0","680.6",",0","3.3",",,,0","0","2,T,,0","-5.98",",0","-0.99",",,,0","-10.96",",,,0"
"USC00392927","1953-03","45.03239","-99.12253","481.0","FAULKTON, SD US","0.0","0","0.0",",0","3",",0","1",",0","1",",0","","","1","3,0","1",",0","29",",0","9",",0","0",",0","0",",0","6","","19530306",",,0","","","19530302",",3,0","","","19530314",",,0","19530320",",,0","-22.8",",0,06,","","","76","3,,0,02,","33.0",",,0,14,","18.3",",0,20,","3786.6","0","599.5",",0","37.0",",,,0","76","3,,,0","-1.00",",0","4.82",",,,0","-6.83",",,,0"
"USC00392927","1953-04","45.03239","-99.12253","481.0","FAULKTON, SD US","0.0","0","0.0",",0","9",",0","7",",0","1",",0","0",",0","0",",0","0",",0","20",",0","0",",0","3",",0","0",",0","1","","19530417",",,0","19530430","+,,0","19530425","+,,0","","","19530430",",,0","19530421",",,0","-12.2",",0,17,","0",",,0,30,+","0",",T,0,25,+","27.9",",,0,30,","26.7",",0,21,","4203.9","0","417.3",",0","110.5",",,,0","0",",T,,0","4.42",",0","10.65",",,,0","-1.80",",,,0"
"USC00392927","1953-05","45.03239","-99.12253","481.0","FAULKTON, SD US","5.3","0","5.3",",0","8",",0","6",",0","0",",0","0",",0","0",",0","0",",0","5",",0","0",",0","13",",0","0",",0","","","19530514","+,,0","19530531","+,,0","19530512",",,0","","","19530501",",,0","19530529",",,0","-3.9",",0,14,+","0",",,0,31,+","0",",T,0,12,","16.8",",,0,01,","31.7",",0,29,","4419.2","0","215.3",",0","55.0",",,,0","0",",T,,0","11.56",",0","18.57",",,,0","4.55",",,,0"
"USC00392927","1953-06","45.03239","-99.12253","481.0","FAULKTON, SD US","55.1","0","49.8","1,0","11",",0","9",",0","1",",0","0",",0","0",",0","0",",0","1",",0","0","1,0","25","1,0","5","1,0","2","","19530606",",,0","19530630","+,,0","19530630","+,,0","1","","19530615",",,0","19530612",",1,0","0.0",",0,06,","0",",,0,30,+","0",",,0,30,+","40.6",",,0,15,","35.6","1,0,12,","4468.3","0","49.1","1,0","120.0",",,,0","0",",,,0","18.49","1,0","25.66","1,,,0","11.32",",,,0"
"USC00392927","1953-07","45.03239","-99.12253","481.0","FAULKTON, SD US","130.1","0","75.0",",0","7",",0","6",",0","2",",0","0",",0","0",",0","0",",0","0",",0","0",",0","31",",0","6",",0","","","19530708",",,0","19530731","+,,0","19530731","+,,0","2","","19530728",",,0","19530719",",,0","4.4",",0,08,","0",",,0,31,+","0",",,0,31,+","106.7",",,0,28,","36.1",",0,19,","13.6","0","13.6",",0","179.0",",,,0","0",",,,0","20.31",",0","28.49",",,,0","12.14",",,,0"
"USC00392927","1953-08","45.03239","-99.12253","481.0","FAULKTON, SD US","237.0","0","106.9",",0","5","2,0","4","2,0","1","2,0","0",",0","0",",0","0",",0","0",",0","0",",0","30",",0","7",",0","","","19530808",",,0","19530831","+,,0","19530831","+,,0","1","","19530802",",2,0","19530831",",,0","7.8",",0,08,","0",",,0,31,+","0",",,0,31,+","55.1","2,,0,02,","36.7",",0,31,","19.9","0","6.3",",0","101.5",",a,,0","0",",,,0","21.58",",0","29.16",",,,0","14.00",",,,0"
"USC00392927","1953-09","45.03239","-99.12253","481.0","FAULKTON, SD US","261.0","0","24.0",",0","3",",0","3",",0","0",",0","0",",0","0",",0","0",",0","1",",0","0",",0","22",",0","1",",0","","","19530921",",,0","19530930","+,,0","19530930","+,,0","","","19530910",",,0","19530901",",,0","-1.1",",0,21,","0",",,0,30,+","0",",,0,30,+","10.9",",,0,10,","32.2",",0,01,","122.3","0","102.4",",0","19.8",",,,0","0",",,,0","15.72",",0","24.80",",,,0","6.64",",,,0"
"USC00392927","1953-10","45.03239","-99.12253","481.0","FAULKTON, SD US","265.4","0","4.4","2,0","4",",0","3",",0","0",",0","0",",0","0",",0","0",",0","8",",0","0","2,0","19","2,0","2","2,0","","","19531024",",,0","19531031","+,,0","19531031","+,,0","","","19531016",",,0","19531001",",2,0","-7.8",",0,24,","0",",,0,31,+","0",",,0,31,+","6.9",",,0,16,","32.8","2,0,01,","289.9","0","167.6","2,0","15.3",",,,0","0",",,,0","12.70","2,0","22.01","2,,,0","3.38",",,,0"
"USC00392927","1953-11","45.03239","-99.12253","481.0","FAULKTON, SD US","265.4","0","0.0",",0","1",",0","1",",0","0",",0","6","4,0","0","1,0","0",",0","25",",0","2",",0","4",",0","0",",0","","","19531122",",,0","19531124","+,4,0","19531126","+,1,0","","","19531121",",,0","19531115",",,0","-13.3",",0,22,","76","4,,0,24,+","0","1,T,0,26,+","6.4",",,0,21,","23.3",",0,15,","738.1","0","448.2",",0","6.4",",,,0","0","1,T,,0","3.39",",0","10.45",",,,0","-3.67",",,,0"
"USC00392927","1953-12","45.03239","-99.12253","481.0","FAULKTON, SD US","265.4","0","0.0","2,0","2",",0","1",",0","0",",0","9","2,0","1",",0","6","1,0","30","1,0","9","1,0","0","1,0","0","1,0","","","19531217",",1,0","19531205","+,2,0","19531203",",,0","","","19531203",",,0","19531231","+,1,0","-21.7","1,0,17,","102","2,,0,05,+","102",",,0,03,","8.1",",,0,03,","9.4","1,0,31,+","1392.6","0","654.5","1,0","9.1",",,,0","102",",,,0","-4.45","2,0","1.82","1,,,0","-10.71","1,,,0"
"USC00392927","1954-01","45.03239","-99.12253","481.0","FAULKTON, SD US","0.0","0","0.0","1,0","2",",0","0",",0","0",",0","12",",0","2",",0","20",",0","31",",0","23","1,0","0","1,0","0","1,0","","","19540121",",,0","19540131","+,,0","19540125","+,,0","","","19540120",",,0","19540106",",1,0","-36.7",",0,21,","51",",,0,31,+","25",",,0,25,+","1.5",",,0,20,","8.3","1,0,06,","2326.8","0","934.2","1,0","2.3",",,,0","50",",,,0","-12.91","1,0","-6.30","1,,,0","-19.52",",,,0"
"USC00392927","1954-02","45.03239","-99.12253","481.0","FAULKTON, SD US","0.0","0","0.0",",0","2",",0","2",",0","0",",0","0","2,0","1",",0","0",",0","28",",0","1",",0","0",",0","0",",0","","","19540212","+,,0","19540226","+,2,0","19540225",",,0","","","19540222",",,0","19540214",",,0","-15.0",",0,12,+","0","2,T,0,26,+","38",",,0,25,","5.1",",,0,22,","16.7",",0,14,","2767.6","0","440.8",",0","8.1",",,,0","38",",,,0","2.59",",0","9.75",",,,0","-4.58",",,,0"
"USC00392927","1954-03","45.03239","-99.12253","481.0","FAULKTON, SD US","0.0","0","0.0",",0","7",",0","2",",0","0",",0","10",",0","2","1,0","3",",0","31",",0","11",",0","0",",0","0",",0","1","","19540304",",,0","19540315","+,,0","19540312",",1,0","","","19540324","+,,0","19540308",",,0","-21.7",",0,04,","203",",,0,15,+","203","1,,0,12,","8.1",",,0,24,+","14.4",",0,08,","3427.5","0","659.9",",0","21.0",",,,0","254","1,,,0","-2.95",",0","3.25",",,,0","-9.15",",,,0"
"USC00392927","1954-04","45.03239","-99.12253","481.0","FAULKTON, SD US","0.0","0","0.0",",0","6",",0","5",",0","0",",0","0","1,0","1",",0","0",",0","15",",0","2",",0","8",",0","0",",0","","","19540403","+,,0","19540403","+,1,0","19540430",",,0","","","19540426",",,0","19540414",",,0","-13.9",",0,03,+","0","1,T,0,03,+","25",",,0,30,","14.0",",,0,26,","27.8",",0,14,","3757.0","0","329.5",",0","41.4",",,,0","25",",,,0","7.35",",0","15.56",",,,0","-0.86",",,,0"
"USC00392927","1954-05","45.03239","-99.12253","481.0","FAULKTON, SD US","8.6","0","8.6","1,0","5",",0","4",",0","0",",0","0",",0","0",",0","0","1,0","13","1,0","0",",0","12",",0","0",",0","","","19540504",",1,0","19540502",",,0","19540503","+,,0","","","19540527",",,0","19540522",",,0","-6.7","1,0,04,","0",",T,0,02,","0",",T,0,03,+","16.8",",,0,27,","31.7",",0,22,","3977.2","0","220.2",",0","29.7",",,,0","0",",T,,0","11.31","1,0","19.72",",,,0","2.91","1,,,0"
"USC00392927","1954-06","45.03239","-99.12253","481.0","FAULKTON, SD US","56.7","0","48.1",",0","12",",0","8",",0","2",",0","0",",0","0",",0","0",",0","0",",0","0",",0","25",",0","4",",0","","","19540604",",,0","19540630","+,,0","19540630","+,,0","2","","19540607",",,0","19540623",",,0","1.1",",0,04,","0",",,0,30,+","0",",,0,30,+","59.2",",,0,07,","34.4",",0,23,","4030.5","0","53.3",",0","150.2",",,,0","0",",,,0","18.16",",0","24.94",",,,0","11.37",",,,0"
"USC00392927","1954-07","45.03239","-99.12253","481.0","FAULKTON, SD US","211.4","0","154.7","1,0","5",",0","4",",0","0",",0","0",",0","0",",0","0","1,0","0","1,0","0",",0","31",",0","15",",0","","","19540723",",1,0","19540731","+,,0","19540731","+,,0","","","19540713",",,0","19540709",",,0","6.7","1,0,23,","0",",,0,31,+","0",",,0,31,+","10.4",",,0,13,","39.4",",0,09,","1.4","0","1.4",",0","24.9",",,,0","0",",,,0","23.46","1,0","31.72",",,,0","15.21","1,,,0"
"USC00392927","1954-08","45.03239","-99.12253","481.0","FAULKTON, SD US","295.2","0","83.8","1,0","8",",0","4",",0","0",",0","0",",0","0",",0","0",",0","0",",0","0","1,0","30","1,0","5","1,0","","","19540819",",,0","19540831","+,,0","19540831","+,,0","","","19540822",",,0","19540831",",1,0","7.2",",0,19,","0",",,0,31,+","0",",,0,31,+","10.7",",,0,22,","34.4","1,0,31,","3.6","0","2.2","1,0","31.8",",,,0","0",",,,0","21.02","1,0","29.57","1,,,0","12.47",",,,0"
"USC00392927","1954-09","45.03239","-99.12253","481.0","FAULKTON, SD US","304.6","0","9.4","1,0","7",",0","3",",0","0",",0","0",",0","0",",0","0","1,0","1","1,0","0","1,0","21","1,0","0","1,0","1","","19540922",",1,0","19540930","+,,0","19540930","+,,0","1","","19540908",",,0","19540926",",1,0","-4.4","1,0,22,","0",",,0,30,+","0",",,0,30,+","12.2",",,0,08,","31.1","1,0,26,","78.9","0","75.3","1,0","26.2",",,,0","0",",,,0","16.06","1,0","23.41","1,,,0","8.70","1,,,0"
"USC00392927","1954-10","45.03239","-99.12253","481.0","FAULKTON, SD US","304.6","0","0.0","2,0","5",",0","4",",0","0",",0","0",",0","0",",0","0","1,0","11","1,0","0","2,0","5","2,0","0","2,0","","","19541006",",1,0","19541031","+,,0","19541030","+,,0","","","19541026",",,0","19541008",",2,0","-5.0","1,0,06,","0",",,0,31,+","0",",T,0,30,+","19.3",",,0,26,","27.2","2,0,08,","392.9","0","314.0","2,0","37.7",",,,0","0",",T,,0","7.70","2,0","14.07","2,,,0","1.34","1,,,0"
"USC00392927","1954-11","45.03239","-99.12253","481.0","FAULKTON, SD US","304.6","0","0.0",",0","2",",0","2",",0","0",",0","1",",0","0","1,0","0",",0","24",",0","2",",0","2",",0","0",",0","","","19541102",",,0","19541130",",,0","19541128","+,1,0","","","19541130",",,0","19541106",",,0","-15.0",",0,02,","76",",,0,30,","0","1,T,0,28,+","4.6",",,0,30,","22.8",",0,06,","812.1","0","419.2",",0","8.2",",,,0","0","1,T,,0","4.36",",0","11.77",",,,0","-3.05",",,,0"
"USC00392927","1954-12","45.03239","-99.12253","481.0","FAULKTON, SD US","304.6","0","0.0","1,0","1",",0","1",",0","0",",0","","","1",",0","0","1,0","30","1,0","11","1,0","0","1,0","0","1,0","1","","19541212","+,1,0","","","19541216",",,0","","","19541216",",,0","19541223",",1,0","-15.6","1,0,12,+","","","51",",,0,16,","5.1",",,0,16,","8.3","1,0,23,","1495.3","0","683.2","1,0","5.1",",,,0","51",",,,0","-4.44","1,0","1.05","1,,,0","-9.93","1,,,0"
"USC00392927","1955-01","45.03239","-99.12253","481.0","FAULKTON, SD US","0.0","0","0.0",",0","1",",0","1",",0","0",",0","","","1",",0","10",",0","31",",0","19",",0","0",",0","0",",0","","","19550127",",,0","","","19550124",",,0","","","19550124",",,0","19550102",",,0","-31.1",",0,27,","","","38",",,0,24,","3.6",",,0,24,","6.1",",0,02,","2306.4","0","811.1",",0","3.6",",,,0","38",",,,0","-7.83",",0","-1.35",",,,0","-14.31",",,,0"
"USC00392927","1955-02","45.03239","-99.12253","481.0","FAULKTON, SD US","0.0","0","0.0",",0","3",",0","3",",0","0",",0","21","2,0","4",",0","14",",0","28",",0","22",",0","0",",0","0",",0","","","19550224",",,0","19550227","+,2,0","19550220",",,0","","","19550220",",,0","19550208",",,0","-33.9",",0,24,","178","2,,0,27,+","127",",,0,20,","14.0",",,0,20,","6.1",",0,08,","3137.3","0","830.9",",0","22.2",",,,0","305",",,,0","-11.34",",0","-5.48",",,,0","-17.20",",,,0"
"USC00392927","1955-03","45.03239","-99.12253","481.0","FAULKTON, SD US","0.0","0","0.0","4,0","1",",0","1",",0","0",",0","9",",0","2",",0","4","3,0","26","3,0","7","2,0","1","2,0","0","2,0","","","19550305",",3,0","19550306","+,,0","19550320","+,,0","","","19550304",",,0","19550330",",2,0","-25.6","3,0,05,","127",",,0,06,+","25",",,0,20,+","2.5",",,0,04,","24.4","2,0,30,","3680.1","0","542.8","2,0","2.5",",,,0","50",",,,0","-1.97","4,0","5.43","2,,,0","-9.37","3,,,0"
"USC00392927","1955-04","45.03239","-99.12253","481.0","FAULKTON, SD US","5.6","0","5.6","1,0","5",",0","5",",0","0",",0","0",",0","0",",0","0","1,0","5","1,0","0","1,0","15","1,0","0","1,0","","","19550407",",1,0","19550430","+,,0","19550419","+,,0","3","","19550404",",,0","19550430",",1,0","-3.9","1,0,07,","0",",,0,30,+","0",",T,0,19,+","8.9",",,0,04,","30.6","1,0,30,","3843.4","0","163.3","1,0","27.2",",,,0","0",",T,,0","12.89","1,0","21.10","1,,,0","4.69","1,,,0"
"USC00392927","1955-05","45.03239","-99.12253","481.0","FAULKTON, SD US","52.6","0","47.0",",0","6",",0","3",",0","0",",0","0",",0","0",",0","0",",0","2",",0","0",",0","25",",0","4",",0","","","19550508",",,0","19550531","+,,0","19550531","+,,0","","","19550526",",,0","19550521",",,0","-4.4",",0,08,","0",",,0,31,+","0",",,0,31,+","21.1",",,0,26,","33.9",",0,21,","3912.2","0","68.8",",0","46.0",",,,0","0",",,,0","17.63",",0","26.03",",,,0","9.23",",,,0"
"USC00392927","1955-06","45.03239","-99.12253","481.0","FAULKTON, SD US","102.4","0","49.8",",0","12",",0","8",",0","0",",0","0",",0","0",",0","0",",0","0",",0","0",",0","25",",0","3",",0","","","19550613",",,0","19550630","+,,0","19550630","+,,0","","","19550603",",,0","19550629",",,0","3.3",",0,13,","0",",,0,30,+","0",",,0,30,+","17.3",",,0,03,","34.4",",0,29,","3959.7","0","47.5",",0","45.8",",,,0","0",",,,0","18.41",",0","25.58",",,,0","11.24",",,,0"
"USC00392927","1955-07","45.03239","-99.12253","481.0","FAULKTON, SD US","312.6","0","210.2","1,0","8",",0","6",",0","0",",0","0",",0","0",",0","0","1,0","0","1,0","0",",0","31",",0","20",",0","","","19550709","+,1,0","19550731","+,,0","19550731","+,,0","","","19550729",",,0","19550731",",,0","8.3","1,0,09,+","0",",,0,31,+","0",",,0,31,+","10.2",",,0,29,","40.0",",0,31,","0.0","0","0.0",",0","35.1",",,,0","0",",,,0","25.25","1,0","33.33",",,,0","17.16","1,,,0"
"USC00392927","1955-08","45.03239","-99.12253","481.0","FAULKTON, SD US","520.7","0","208.1",",0","12",",0","6",",0","0",",0","0",",0","0",",0","0",",0","0",",0","0",",0","31",",0","17",",0","1","","19550831",",,0","19550831","+,,0","19550831","+,,0","","","19550808",",,0","19550801",",,0","4.4",",0,31,","0",",,0,31,+","0",",,0,31,+","6.1",",,0,08,","40.6",",0,01,","3.4","0","3.4",",0","32.5",",,,0","0",",,,0","24.94",",0","32.62",",,,0","17.26",",,,0"
"USC00392927","1955-09","45.03239","-99.12253","481.0","FAULKTON, SD US","570.4","0","49.7","1,0","6",",0","3",",0","0",",0","0",",0","0",",0","0","1,0","2","1,0","0",",0","22",",0","6",",0","","","19550911",",1,0","19550930","+,,0","19550930","+,,0","","","19550920",",,0","19550915",",,0","-1.7","1,0,11,","0",",,0,30,+","0",",,0,30,+","6.6",",,0,20,","38.9",",0,15,","86.4","0","83.0",",0","19.1",",,,0","0",",,,0","16.98","1,0","25.94",",,,0","8.01","1,,,0"
"USC00392927","1955-10","45.03239","-99.12253","481.0","FAULKTON, SD US","573.0","0","2.6","3,0","0",",0","0",",0","0",",0","0",",0","0",",0","0","2,0","13","2,0","0","2,0","11","2,0","1","2,0","","","19551024",",2,0","19551031","+,,0","19551031","+,,0","","","19551031","+,,0","19551010",",2,0","-11.1","2,0,24,","0",",,0,31,+","0",",,0,31,+","0.0",",,0,31,+","34.4","2,0,10,","305.7","0","219.3","2,0","0.0",",,,0","0",",,,0","10.84","3,0","19.88","2,,,0","1.79","2,,,0"
"USC00392927","1955-11","45.03239","-99.12253","481.0","FAULKTON, SD US","573.0","0","0.0",",0","3",",0","2",",0","0",",0","8",",0","2",",0","10",",0","26",",0","14",",0","1",",0","0",",0","","","19551130",",,0","19551118","+,,0","19551112",",,0","","","19551112",",,0","19551104",",,0","-26.7",",0,30,","76",",,0,18,+","51",",,0,12,","3.8",",,0,12,","22.8",",0,04,","1009.5","0","703.8",",0","8.3",",,,0","89",",,,0","-5.13",",0","0.84",",,,0","-11.09",",,,0"
"USC00392927","1955-12","45.03239","-99.12253","481.0","FAULKTON, SD US","573.0","0","0.0","1,0","4",",0","3",",0","0",",0","29",",0","3",",0","18","1,0","30","1,0","26","1,0","0","1,0","0","1,0","","","19551219",",1,0","19551220","+,,0","19551203",",,0","","","19551203",",,0","19551223",",1,0","-32.2","1,0,19,","203",",,0,20,+","102",",,0,03,","10.9",",,0,03,","5.0","1,0,23,","1963.7","0","954.2","1,0","19.8",",,,0","204",",,,0","-13.48","1,0","-7.74","1,,,0","-19.21","1,,,0"
"USC00392927","1956-01","45.03239","-99.12253","481.0","FAULKTON, SD US","0.0","0","0.0",",0","4",",0","4",",0","0",",0","25",",0","4",",0","16",",0","31",",0","23",",0","0",",0","0",",0","","","19560121","+,,0","19560131","+,,0","19560126",",,0","","","19560126",",,0","19560105",",,0","-30.0",",0,21,+","178",",,0,31,+","102",",,0,26,","9.4",",,0,26,","6.7",",0,05,","2907.5","0","943.8",",0","20.3",",,,0","229",",,,0","-12.11",",0","-6.22",",,,0","-18.01",",,,0"
"USC00392927","1956-02","45.03239","-99.12253","481.0","FAULKTON, SD US","0.0","0","0.0",",0","2",",0","1",",0","0",",0","29",",0","2",",0","15",",0","29",",0","23",",0","0",",0","0",",0","","","19560217",",,0","19560228","+,,0","19560216",",,0","","","19560216",",,0","19560229",",,0","-33.9",",0,17,","203",",,0,28,+","127",",,0,16,","5.3",",,0,16,","4.4",",0,29,","3792.9","0","885.4",",0","7.3",",,,0","152",",,,0","-12.20",",0","-5.58",",,,0","-18.82",",,,0"
"USC00392927","1956-03","45.03239","-99.12253","481.0","FAULKTON, SD US","0.0","0","0.0","2,0","4",",0","3",",0","0",",0","22",",0","4",",0","5","2,0","27","2,0","8","1,0","0","1,0","0","1,0","","","19560312",",2,0","19560303","+,,0","19560328",",,0","","","19560327",",,0","19560331","+,1,0","-24.4","2,0,12,","102",",,0,03,+","51",",,0,28,","7.4",",,0,27,","16.1","1,0,31,+","4399.3","0","606.4","1,0","16.8",",,,0","126",",,,0","-2.36","2,0","3.80","1,,,0","-8.53","2,,,0"
"USC00392927","1956-04","45.03239","-99.12253","481.0","FAULKTON, SD US","0.0","0","0.0","1,0","6",",0","3",",0","0",",0","0",",0","0",",0","0",",0","26",",0","0","1,0","2","1,0","0","1,0","","","19560423",",,0","19560427",",,0","19560427",",,0","","","19560406",",,0","19560413",",1,0","-11.1",",0,23,","0",",T,0,27,","0",",T,0,27,","9.7",",,0,06,","22.8","1,0,13,","4809.8","0","410.5","1,0","26.2",",,,0","0",",T,,0","4.13","1,0","11.80","1,,,0","-3.55",",,,0"
"USC00392927","1956-05","45.03239","-99.12253","481.0","FAULKTON, SD US","15.1","0","15.1",",0","8",",0","5",",0","0",",0","0",",0","0",",0","0",",0","2",",0","0",",0","19",",0","0",",0","","","19560504",",,0","19560531","+,,0","19560531","+,,0","","","19560527",",,0","19560524",",,0","-3.3",",0,04,","0",",,0,31,+","0",",,0,31,+","22.4",",,0,27,","30.0",",0,24,","4945.1","0","135.3",",0","53.8",",,,0","0",",,,0","14.46",",0","21.79",",,,0","7.12",",,,0"
"USC00392927","1956-06","45.03239","-99.12253","481.0","FAULKTON, SD US","138.1","0","123.0","5,0","7",",0","7",",0","1",",0","0",",0","0",",0","0","5,0","0","5,0","0","2,0","28","2,0","10","2,0","","","19560628","+,5,0","19560630","+,,0","19560630","+,,0","","","19560615",",,0","19560612",",2,0","8.9","5,0,28,+","0",",,0,30,+","0",",,0,30,+","48.5",",,0,15,","42.2","2,0,12,","4945.9","0","0.8","2,0","82.0",",,,0","0",",,,0","22.98","5,0","31.38","2,,,0","14.58","5,,,0"
"USC00392927","1956-07","45.03239","-99.12253","481.0","FAULKTON, SD US","232.0","0","93.9","2,0","11",",0","6",",0","0",",0","0",",0","0",",0","0","1,0","0","1,0","0","1,0","30","1,0","9","1,0","","","19560721",",1,0","19560731","+,,0","19560731","+,,0","","","19560730",",,0","19560714",",1,0","7.8","1,0,21,","0",",,0,31,+","0",",,0,31,+","17.5",",,0,30,","37.8","1,0,14,","2.4","0","2.4","1,0","56.2",",,,0","0",",,,0","21.44","2,0","29.88","1,,,0","12.99","1,,,0"
"USC00392927","1956-08","45.03239","-99.12253","481.0","FAULKTON, SD US","","","","","7",",0","4",",0","0",",0","0",",0","0",",0","0","1,0","0","1,0","","","","","","","","","19560824",",1,0","19560831","+,,0","19560831","+,,0","","","19560802",",,0","","","5.0","1,0,24,","0",",,0,31,+","0",",,0,31,+","15.0",",,0,02,","","","","","","","47.5",",,,0","0",",,,0","","","","","13.37","1,,,0"
"USC00392927","1956-09","45.03239","-99.12253","481.0","FAULKTON, SD US","","","11.3","2,0","5",",0","3",",0","0",",0","0",",0","0",",0","0","1,0","4","1,0","0","2,0","21","2,0","2","2,0","","","19560929",",1,0","19560930","+,,0","19560930","+,,0","","","19560905",",,0","19560927",",2,0","-1.1","1,0,29,","0",",,0,30,+","0",",,0,30,+","5.1",",,0,05,","36.7","2,0,27,","","","96.4","2,0","15.1",",,,0","0",",,,0","15.29","2,0","24.83","2,,,0","5.76","1,,,0"
"USC00392927","1956-10","45.03239","-99.12253","481.0","FAULKTON, SD US","","","0.6","1,0","2",",0","2",",0","0",",0","0",",0","0",",0","0","1,0","9","1,0","0",",0","17",",0","1",",0","","","19561009",",1,0","19561031","+,,0","19561031","+,,0","","","19561030",",,0","19561012",",,0","-8.3","1,0,09,","0",",,0,31,+","0",",,0,31,+","21.1",",,0,30,","32.2",",0,12,","","","201.2",",0","39.4",",,,0","0",",,,0","11.78","1,0","21.58",",,,0","1.98","1,,,0"
"USC00392927","1956-11","45.03239","-99.12253","481.0","FAULKTON, SD US","","","0.0","1,0","6",",0","5",",0","0",",0","8",",0","2",",0","0","1,0","22","1,0","2",",0","0",",0","0",",0","","","19561122","+,1,0","19561117","+,,0","19561115",",,0","","","19561102",",,0","19561110",",,0","-16.1","1,0,22,+","76",",,0,17,+","51",",,0,15,","22.4",",,0,02,","18.9",",0,10,","","","503.4",",0","53.7",",,,0","76",",,,0","0.92","1,0","6.68",",,,0","-4.84","1,,,0"
"USC00392927","1956-12","45.03239","-99.12253","481.0","FAULKTON, SD US","","","0.0",",0","1",",0","1",",0","0",",0","4",",0","1",",0","5",",0","27",",0","13",",0","0",",0","0",",0","","","19561207",",,0","19561209","+,,0","19561206",",,0","","","19561206",",,0","19561226",",,0","-25.0",",0,07,","76",",,0,09,+","76",",,0,06,","2.8",",,0,06,","11.7",",0,26,","","","682.9",",0","2.8",",,,0","76",",,,0","-3.70",",0","2.01",",,,0","-9.40",",,,0"
"USC00392927","1957-01","45.03239","-99.12253","481.0","FAULKTON, SD US","0.0","0","0.0","2,0","4",",0","0",",0","0",",0","15",",0","0","4,0","22","1,0","30","1,0","27","1,0","0","1,0","0","1,0","","","19570129","+,1,0","19570127","+,,0","19570116",",4,0","","","19570103",",,0","19570119",",1,0","-31.7","1,0,29,+","25",",,0,27,+","0","4,T,0,16,","1.3",",,0,03,","2.8","1,0,19,","","","950.2","1,0","3.4",",,,0","0","4,T,,0","-14.47","2,0","-8.02","1,,,0","-20.92","1,,,0"
"USC00392927","1957-02","45.03239","-99.12253","481.0","FAULKTON, SD US","0.0","0","0.0","2,0","4",",0","2",",0","0",",0","14",",0","3","1,0","7","1,0","27","1,0","11","1,0","0","1,0","0","1,0","","","19570222",",1,0","19570223","+,,0","19570221","+,1,0","","","19570221","+,,0","19570211",",1,0","-28.9","1,0,22,","127",",,0,23,+","51","1,,0,21,+","6.1",",,0,21,+","9.4","1,0,11,","","","647.8","1,0","15.2",",,,0","127","1,,,0","-6.68","2,0","-0.10","1,,,0","-13.25","1,,,0"
"USC00392927","1957-03","45.03239","-99.12253","481.0","FAULKTON, SD US","0.0","0","0.0",",0","2",",0","1",",0","0",",0","4",",0","1",",0","0",",0","29",",0","5",",0","0",",0","0",",0","","","19570309",",,0","19570315","+,,0","19570314",",,0","","","19570314",",,0","19570321",",,0","-15.0",",0,09,","51",",,0,15,+","51",",,0,14,","4.6",",,0,14,","16.1",",0,21,","","","590.3",",0","5.4",",,,0","51",",,,0","-0.71",",0","5.24",",,,0","-6.65",",,,0"
"USC00392927","1957-04","45.03239","-99.12253","481.0","FAULKTON, SD US","0.0","0","0.0","1,0","7",",0","5",",0","0",",0","1",",0","1",",0","0","1,0","16","1,0","0","1,0","5","1,0","0","1,0","","","19570412",",1,0","19570404",",,0","19570404",",,0","","","19570420",",,0","19570429",",1,0","-10.6","1,0,12,","127",",,0,04,","127",",,0,04,","16.0",",,0,20,","26.1","1,0,29,","","","335.1","1,0","52.3",",,,0","127",",,,0","6.78","1,0","13.52","1,,,0","0.03","1,,,0"
"USC00392927","1957-05","45.03239","-99.12253","481.0","FAULKTON, SD US","4.9","0","4.9",",0","9",",0","5",",0","3",",0","0",",0","0",",0","0",",0","5",",0","0",",0","13",",0","0",",0","","","19570505",",,0","19570531","+,,0","19570531","+,,0","","","19570520",",,0","19570507",",,0","-4.4",",0,05,","0",",,0,31,+","0",",,0,31,+","71.6",",,0,20,","29.4",",0,07,","","","190.9",",0","174.9",",,,0","0",",,,0","12.34",",0","18.86",",,,0","5.81",",,,0"
"USC00392927","1957-06","45.03239","-99.12253","481.0","FAULKTON, SD US","22.1","0","17.2","2,0","15",",0","12",",0","2",",0","0",",0","0",",0","0","1,0","0","1,0","0","1,0","25","1,0","0","1,0","","","19570601",",1,0","19570630","+,,0","19570630","+,,0","","","19570611",",,0","19570629","+,1,0","2.8","1,0,01,","0",",,0,30,+","0",",,0,30,+","26.7",",,0,11,","29.4","1,0,29,+","","","45.7","1,0","132.1",",,,0","0",",,,0","17.41","2,0","24.39","1,,,0","10.43","1,,,0"
"USC00392927","1957-07","45.03239","-99.12253","481.0","FAULKTON, SD US","157.2","0","135.1","5,0","9",",0","7",",0","1",",0","0",",0","0",",0","0","4,0","0","4,0","0","2,0","29","2,0","9","2,0","","","19570704",",4,0","19570731","+,,0","19570731","+,,0","","","19570703",",,0","19570716","+,2,0","11.1","4,0,04,","0",",,0,31,+","0",",,0,31,+","27.9",",,0,03,","34.4","2,0,16,+","0.0","0","0.0","2,0","79.2",",,,0","0",",,,0","23.58","5,0","30.94","2,,,0","16.22","4,,,0"
"USC00392927","1957-08","45.03239","-99.12253","481.0","FAULKTON, SD US","269.3","0","112.1",",0","14",",0","4",",0","0",",0","0",",0","0",",0","0",",0","0",",0","0",",0","28",",0","9",",0","","","19570824",",,0","19570831","+,,0","19570831","+,,0","","","19570827",",,0","19570801",",,0","4.4",",0,24,","0",",,0,31,+","0",",,0,31,+","19.8",",,0,27,","39.4",",0,01,","16.4","0","16.4",",0","52.0",",,,0","0",",,,0","21.42",",0","28.72",",,,0","14.12",",,,0"
"USC00392927","1957-09","45.03239","-99.12253","481.0","FAULKTON, SD US","275.6","0","6.3","1,0","5",",0","4",",0","0",",0","0",",0","0",",0","0","1,0","5","1,0","0","1,0","20","1,0","0","1,0","","","19570916",",1,0","19570930","+,,0","19570930","+,,0","","","19570918","+,,0","19570929",",1,0","-1.1","1,0,16,","0",",,0,30,+","0",",,0,30,+","11.4",",,0,18,+","29.4","1,0,29,","141.2","0","124.8","1,0","38.1",",,,0","0",",,,0","14.25","1,0","22.81","1,,,0","5.69","1,,,0"
"USC00392927","1957-10","45.03239","-99.12253","481.0","FAULKTON, SD US","275.9","0","0.3",",0","7",",0","4",",0","0",",0","0",",0","0",",0","0",",0","9",",0","1",",0","5",",0","0",",0","","","19571026",",,0","19571031","+,,0","19571031","+,,0","","","19571015",",,0","19571001",",,0","-10.0",",0,26,","0",",,0,31,+","0",",,0,31,+","21.6",",,0,15,","28.9",",0,01,","438.7","0","297.5",",0","56.5",",,,0","0",",,,0","8.75",",0","14.23",",,,0","3.26",",,,0"
"USC00392927","1957-11","45.03239","-99.12253","481.0","FAULKTON, SD US","275.9","0","0.0",",0","6",",0","3",",0","0",",0","0",",0","0",",0","1",",0","26",",0","2",",0","0",",0","0",",0","","","19571130",",,0","19571130","+,,0","19571129","+,,0","","","19571101",",,0","19571113",",,0","-18.9",",0,30,","0",",T,0,30,+","0",",T,0,29,+","10.2",",,0,01,","15.0",",0,13,","976.0","0","537.3",",0","24.8",",,,0","0",",T,,0","0.42",",0","6.41",",,,0","-5.57",",,,0"
"USC00392927","1957-12","45.03239","-99.12253","481.0","FAULKTON, SD US","","","","","2",",0","0",",0","0",",0","","","","","","","","","","","","","","","","","","","","","","","","","19571207",",,0","","","","","","","","","1.5",",,0,07,","","","","","","","2.3",",,,0","","","","","","","",""
"USC00392927","1958-01","45.03239","-99.12253","481.0","FAULKTON, SD US","","","","","1",",0","1",",0","0",",0","","","0","1,0","4","2,0","29","2,0","","","","","","","","","19580102",",2,0","","","19580131","+,1,0","","","19580125",",,0","","","-23.9","2,0,02,","","","0","1,T,0,31,+","5.8",",,0,25,","","","","","","","5.8",",,,0","0","1,T,,0","","","","","-12.15","2,,,0"
"USC00392927","1958-02","45.03239","-99.12253","481.0","FAULKTON, SD US","","","0.0",",0","4",",0","2",",0","0",",0","","","","","16",",0","25",",0","19",",0","1",",0","0",",0","","","19580216",",,0","","","","","","","19580227",",,0","19580225",",,0","-37.2",",0,16,","","","","","21.8",",,0,27,","21.7",",0,25,","","","801.2",",0","26.1",",,,0","","","-10.28",",0","-2.67",",,,0","-17.89",",,,0"
"USC00392927","1958-03","45.03239","-99.12253","481.0","FAULKTON, SD US","","","0.0",",0","5",",0","2",",0","0",",0","9",",","","","0",",0","30",",0","10",",0","0",",0","0",",0","","","19580311",",,0","19580322","+,,0","","","","","19580322",",,0","19580331",",,0","-12.2",",0,11,","51",",,0,22,+","","","4.1",",,0,22,","16.7",",0,31,","","","615.1",",0","10.5",",,,0","","","-1.51",",0","2.90",",,,0","-5.92",",,,0"
"USC00392927","1958-04","45.03239","-99.12253","481.0","FAULKTON, SD US","","","2.8","1,0","7",",0","7",",0","0",",0","0",",0","0","1,0","0",",0","16",",0","0","1,0","4","1,0","1","1,0","","","19580425",",,0","19580430","+,,0","19580430","+,1,0","","","19580405",",,0","19580416",",1,0","-7.8",",0,25,","0",",,0,30,+","0","1,,0,30,+","23.9",",,0,05,","33.3","1,0,16,","","","316.1","1,0","71.9",",,,0","0","1,,,0","7.55","1,0","15.03","1,,,0","0.06",",,,0"
"USC00392927","1958-05","45.03239","-99.12253","481.0","FAULKTON, SD US","","","19.8","1,0","4",",0","3",",0","0",",0","0",",0","0",",0","0","1,0","3","1,0","0","1,0","22","1,0","1","1,0","","","19580504",",1,0","19580531","+,,0","19580531","+,,0","","","19580513",",,0","19580511",",1,0","-2.2","1,0,04,","0",",,0,31,+","0",",,0,31,+","15.7",",,0,13,","32.8","1,0,11,","","","94.2","1,0","36.6",",,,0","0",",,,0","15.85","1,0","24.93","1,,,0","6.78","1,,,0"
"USC00392927","1958-06","45.03239","-99.12253","481.0","FAULKTON, SD US","","","25.6","2,0","10",",0","7",",0","0",",0","0",",0","0",",0","0","2,0","0","2,0","0","1,0","20","1,0","2","1,0","","","19580614","+,2,0","19580630","+,,0","19580630","+,,0","","","19580610",",,0","19580630",",1,0","3.3","2,0,14,+","0",",,0,30,+","0",",,0,30,+","14.0",",,0,10,","35.6","1,0,30,","","","75.7","1,0","63.3",",,,0","0",",,,0","16.68","2,0","24.35","1,,,0","9.00","2,,,0"
"USC00392927","1958-07","45.03239","-99.12253","481.0","FAULKTON, SD US","","","70.1","4,0","7",",0","5",",0","0",",0","0",",0","0",",0","0","3,0","0","3,0","0","2,0","28","2,0","3","2,0","","","19580707",",3,0","19580731","+,,0","19580731","+,,0","","","19580708",",,0","19580723",",2,0","6.1","3,0,07,","0",",,0,31,+","0",",,0,31,+","22.1",",,0,08,","35.6","2,0,23,","13.6","0","13.6","2,0","60.0",",,,0","0",",,,0","20.45","4,0","28.26","2,,,0","12.64","3,,,0"
"USC00392927","1958-08","45.03239","-99.12253","481.0","FAULKTON, SD US","","","","","5",",0","3",",0","0",",0","0",",0","0",",0","0","4,0","0","4,0","0","3,0","28","3,0","21","3,0","","","19580831",",4,0","19580831","+,,0","19580831","+,,0","","","19580830",",,0","19580809",",3,0","2.2","4,0,31,","0",",,0,31,+","0",",,0,31,+","16.5",",,0,30,","40.0","3,0,09,","","","","","24.9",",,,0","0",",,,0","23.52","5,0","33.80","3,,,0","13.23","4,,,0"
"USC00392927","1958-09","45.03239","-99.12253","481.0","FAULKTON, SD US","","","48.7","1,0","1",",0","0",",0","0",",0","0",",0","0",",0","0",",0","2",",0","0","1,0","26","1,0","6","1,0","","","19580930",",,0","19580930","+,,0","19580930","+,,0","","","19580913",",,0","19580908",",1,0","-3.3",",0,30,","0",",,0,30,+","0",",,0,30,+","1.3",",,0,13,","37.8","1,0,08,","","","60.8","1,0","1.3",",,,0","0",",,,0","17.88","1,0","27.69","1,,,0","8.07",",,,0"
"USC00392927","1958-10","45.03239","-99.12253","481.0","FAULKTON, SD US","","","1.3","4,0","4",",0","3",",0","0",",0","0",",0","0",",0","0","3,0","10","3,0","0","3,0","11","3,0","2","3,0","","","19581029","+,3,0","19581031","+,,0","19581031","+,,0","","","19581009",",,0","19581015","+,3,0","-5.6","3,0,29,+","0",",,0,31,+","0",",,0,31,+","4.3",",,0,09,","32.8","3,0,15,+","","","216.0","3,0","11.7",",,,0","0",",,,0","10.51","4,0","19.78","3,,,0","1.24","3,,,0"
"USC00392927","1958-11","45.03239","-99.12253","481.0","FAULKTON, SD US","","","0.0","4,0","4",",0","3",",0","0",",0","2","4,0","0","2,0","5","3,0","23","3,0","5","3,0","1","3,0","0","3,0","","","19581127",",3,0","19581124","+,4,0","19581115",",2,0","","","19581116",",,0","19581110",",3,0","-25.6","3,0,27,","51","4,,0,24,+","0","2,T,0,15,","7.4",",,0,16,","21.1","3,0,10,","","","458.7","3,0","18.4",",,,0","0","2,T,,0","0.77","4,0","7.72","3,,,0","-6.18","3,,,0"
"USC00392927","1958-12","45.03239","-99.12253","481.0","FAULKTON, SD US","","","0.0","1,0","3",",0","1",",0","0",",0","12",",0","3",",0","10","1,0","30","1,0","14","1,0","0","1,0","0","1,0","","","19581214",",1,0","19581214","+,,0","19581208",",,0","","","19581208",",,0","19581203",",1,0","-28.3","1,0,14,","76",",,0,14,+","51",",,0,08,","3.8",",,0,08,","12.2","1,0,03,","","","812.7","1,0","5.6",",,,0","101",",,,0","-8.76","1,0","-1.85","1,,,0","-15.66","1,,,0"
"USC00392927","1959-01","45.03239","-99.12253","481.0","FAULKTON, SD US","0.0","0","0.0","2,0","2",",0","1",",0","0",",0","14",",","","","20","1,0","30","1,0","23","1,0","0","1,0","0","1,0","","","19590131","+,1,0","19590126","+,,0","","","","","19590125",",,0","19590113",",1,0","-28.9","1,0,31,+","51",",,0,26,+","","","3.3",",,0,25,","8.9","1,0,13,","","","894.9","1,0","4.3",",,,0","","","-12.73","2,0","-6.34","1,,,0","-19.12","1,,,0"
"USC00392927","1959-02","45.03239","-99.12253","481.0","FAULKTON, SD US","0.0","0","0.0",",0","4",",0","2",",0","0",",0","28",",0","4",",0","17",",0","28",",0","22",",0","0",",0","0",",0","","","19590219",",,0","19590214",",,0","19590214",",,0","","","19590214",",,0","19590215",",,0","-32.2",",0,19,","203",",,0,14,","127",",,0,14,","6.4",",,0,14,","4.4",",0,15,","","","838.9",",0","15.6",",,,0","318",",,,0","-11.63",",0","-5.04",",,,0","-18.22",",,,0"
"USC00392927","1959-03","45.03239","-99.12253","481.0","FAULKTON, SD US","0.0","0","0.0","2,0","1",",0","0",",0","0",",0","1",",0","0",",0","0","2,0","28","2,0","1","2,0","0","2,0","0","2,0","","","19590305",",2,0","19590301",",,0","19590316","+,,0","","","19590330",",,0","19590322","+,2,0","-16.1","2,0,05,","51",",,0,01,","0",",T,0,16,+","0.5",",,0,30,","18.3","2,0,22,+","","","480.8","2,0","0.5",",,,0","0",",T,,0","1.76","2,0","9.23","2,,,0","-5.72","2,,,0"
"USC00392927","1959-04","45.03239","-99.12253","481.0","FAULKTON, SD US","0.8","0","0.8","4,0","2",",0","1",",0","0",",0","0",",0","0",",0","0","4,0","15","4,0","0","4,0","7","4,0","0","4,0","","","19590411",",4,0","19590430","+,,0","19590430","+,,0","","","19590416",",,0","19590430",",4,0","-12.8","4,0,11,","0",",,0,30,+","0",",,0,30,+","6.6",",,0,16,","31.1","4,0,30,","","","281.0","4,0","8.1",",,,0","0",",,,0","7.56","4,0","16.28","4,,,0","-1.17","4,,,0"
"USC00392927","1959-05","45.03239","-99.12253","481.0","FAULKTON, SD US","20.0","0","19.2","3,0","13",",0","7",",0","1",",0","0",",0","0",",0","0","2,0","4","2,0","0","1,0","12","1,0","3","1,0","","","19590515",",2,0","19590531","+,,0","19590531","+,,0","","","19590526",",,0","19590501",",1,0","-7.2","2,0,15,","0",",,0,31,+","0",",,0,31,+","30.0",",,0,26,","38.9","1,0,01,","","","159.1","1,0","117.4",",,,0","0",",,,0","13.50","3,0","20.86","1,,,0","6.15","2,,,0"
"USC00392927","1959-07","45.03239","-99.12253","481.0","FAULKTON, SD US","","","151.7","4,0","5",",0","4",",0","1",",0","0",",0","0",",0","0","3,0","0","3,0","0","2,0","29","2,0","20","2,0","","","19590701",",3,0","19590731","+,,0","19590731","+,,0","","","19590715",",,0","19590727",",2,0","5.0","3,0,01,","0",",,0,31,+","0",",,0,31,+","25.4",",,0,15,","40.0","2,0,27,","2.2","0","2.2","2,0","53.6",",,,0","0",",,,0","23.78","4,0","33.50","2,,,0","14.05","3,,,0"
"USC00392927","1959-08","45.03239","-99.12253","481.0","FAULKTON, SD US","","","178.7","1,0","2",",0","2",",0","0",",0","0",",0","0",",0","0","1,0","0","1,0","0",",0","31",",0","21",",0","","","19590826",",1,0","19590831","+,,0","19590831","+,,0","","","19590802",",,0","19590818",",,0","5.6","1,0,26,","0",",,0,31,+","0",",,0,31,+","4.6",",,0,02,","43.3",",0,18,","3.9","0","1.7",",0","7.1",",,,0","0",",,,0","24.12","1,0","34.47",",,,0","13.77","1,,,0"
"USC00392927","1959-09","45.03239","-99.12253","481.0","FAULKTON, SD US","","","","","5",",0","4",",0","0",",0","0",",0","0",",0","0","4,0","2","4,0","0","2,0","19","2,0","7","2,0","","","19590930","+,4,0","19590930","+,,0","19590930","+,,0","","","19590918",",,0","19590908",",2,0","-1.7","4,0,30,+","0",",,0,30,+","0",",,0,30,+","21.8",",,0,18,","39.4","2,0,08,","","","","","55.6",",,,0","0",",,,0","16.52","6,0","24.66","2,,,0","8.37","4,,,0"
"USC00392927","1959-10","45.03239","-99.12253","481.0","FAULKTON, SD US","","","0.0","2,0","4",",0","2",",0","0",",0","0",",0","0",",0","0","2,0","17","2,0","0","2,0","6","2,0","0","2,0","","","19591027",",2,0","19591031","+,,0","19591024","+,,0","","","19591008",",,0","19591006","+,2,0","-8.9","2,0,27,","0",",,0,31,+","0",",T,0,24,+","7.1",",,0,08,","24.4","2,0,06,+","","","337.6","2,0","14.3",",,,0","0",",T,,0","6.69","2,0","13.85","2,,,0","-0.47","2,,,0"
"USC00392927","1959-11","45.03239","-99.12253","481.0","FAULKTON, SD US","","","0.0","2,0","3",",0","1",",0","0",",0","14",",0","3",",0","4","2,0","25","2,0","12",",0","0",",0","0",",0","","","19591114",",2,0","19591128","+,,0","19591125",",,0","","","19591125",",,0","19591109","+,,0","-26.1","2,0,14,","76",",,0,28,+","76",",,0,25,","5.3",",,0,25,","13.3",",0,09,+","","","602.1",",0","8.9",",,,0","152",",,,0","-3.35","2,0","1.94",",,,0","-8.64","2,,,0"
"USC00392927","1959-12","45.03239","-99.12253","481.0","FAULKTON, SD US","","","0.0","1,0","5",",0","2",",0","0",",0","8",",","","","1","1,0","29","1,0","11","1,0","0","1,0","0","1,0","","","19591231",",1,0","19591230","+,,0","","","","","19591229",",,0","19591203",",1,0","-19.4","1,0,31,","25",",,0,30,+","","","3.0",",,0,29,","13.3","1,0,03,","","","612.1","1,0","9.4",",,,0","","","-2.07","1,0","2.39","1,,,0","-6.53","1,,,0"
"USC00392927","1960-01","45.03239","-99.12253","481.0","FAULKTON, SD US","0.0","0","0.0","1,0","4",",0","2",",0","0",",0","31",",","","","13","1,0","30","1,0","25","1,0","0","1,0","0","1,0","","","19600123",",1,0","19600105","+,,0","","","","","19600101",",,0","19600130",",1,0","-28.9","1,0,23,","203",",,0,05,+","","","13.7",",,0,01,","5.6","1,0,30,","","","874.6","1,0","20.1",",,,0","","","-10.82","1,0","-5.88","1,,,0","-15.76","1,,,0"
"USC00392927","1960-02","45.03239","-99.12253","481.0","FAULKTON, SD US","0.0","0","0.0",",0","5",",0","0",",0","0",",0","29",",0","1",",0","16",",0","29",",0","24",",0","0",",0","0",",0","","","19600219",",,0","19600203","+,,0","19600209",",,0","","","19600209",",,0","19600208",",,0","-30.0",",0,19,","127",",,0,03,+","25",",,0,09,","2.3",",,0,09,","5.0",",0,08,","","","847.5",",0","6.0",",,,0","51",",,,0","-10.89",",0","-5.56",",,,0","-16.22",",,,0"
"USC00392927","1960-03","45.03239","-99.12253","481.0","FAULKTON, SD US","0.0","0","0.0",",0","9",",0","4",",0","0",",0","27",",0","5",",0","11",",0","29",",0","18",",0","0",",0","0",",0","","","19600304",",,0","19600316","+,,0","19600308",",,0","","","19600308",",,0","19600327","+,,0","-30.6",",0,04,","381",",,0,16,+","152",",,0,08,","10.7",",,0,08,","7.2",",0,27,+","","","830.8",",0","27.4",",,,0","329",",,,0","-8.47",",0","-2.83",",,,0","-14.10",",,,0"
"USC00392927","1960-04","45.03239","-99.12253","481.0","FAULKTON, SD US","0.0","0","0.0",",0","5",",0","4",",0","2",",0","3","5,0","0","2,0","0",",0","12",",0","0",",0","6",",0","0",",0","","","19600409",",,0","19600402","+,5,0","19600429",",2,0","","","19600401",",,0","19600421",",,0","-7.2",",0,09,","305","5,,0,02,+","0","2,T,0,29,","34.0",",,0,01,","25.0",",0,21,","","","313.2",",0","76.7",",,,0","0","2,T,,0","7.89",",0","13.91",",,,0","1.88",",,,0"
"USC00392927","1960-05","45.03239","-99.12253","481.0","FAULKTON, SD US","6.4","0","6.4","3,0","8",",0","4",",0","0",",0","0",",0","0",",0","0","3,0","3","3,0","0","3,0","18","3,0","0","3,0","","","19600511",",3,0","19600531","+,,0","19600531","+,,0","","","19600525",",,0","19600513",",3,0","-2.8","3,0,11,","0",",,0,31,+","0",",,0,31,+","22.6",",,0,25,","30.0","3,0,13,","","","128.8","3,0","50.8",",,,0","0",",,,0","13.96","3,0","22.16","3,,,0","5.76","3,,,0"
"USC00392927","1960-06","45.03239","-99.12253","481.0","FAULKTON, SD US","27.5","0","21.1","2,0","10",",0","7",",0","3",",0","0",",0","0",",0","0","2,0","0","2,0","0","2,0","23","2,0","0","2,0","","","19600605",",2,0","19600630","+,,0","19600630","+,,0","","","19600627",",,0","19600626",",2,0","5.0","2,0,05,","0",",,0,30,+","0",",,0,30,+","33.5",",,0,27,","31.7","2,0,26,","","","37.0","2,0","138.5",",,,0","0",",,,0","17.77","2,0","24.34","2,,,0","11.20","2,,,0"
"USC00392927","1960-07","45.03239","-99.12253","481.0","FAULKTON, SD US","195.4","0","167.9","1,0","5",",0","3",",0","0",",0","0",",0","0",",0","0",",0","0",",0","0","1,0","30","1,0","15","1,0","","","19600730","+,,0","19600731","+,,0","19600731","+,,0","","","19600725",",,0","19600721",",1,0","7.8",",0,30,+","0",",,0,31,+","0",",,0,31,+","15.2",",,0,25,","40.6","1,0,21,","4.1","0","4.1","1,0","39.9",",,,0","0",",,,0","23.76","1,0","32.07","1,,,0","15.44",",,,0"
"USC00392927","1960-08","45.03239","-99.12253","481.0","FAULKTON, SD US","312.7","0","117.3","2,0","8",",0","5",",0","1",",0","0",",0","0",",0","0","2,0","0","2,0","0","2,0","29","2,0","8","2,0","","","19600824",",2,0","19600831","+,,0","19600831","+,,0","","","19600825",",,0","19600822",",2,0","4.4","2,0,24,","0",",,0,31,+","0",",,0,31,+","64.8",",,0,25,","39.4","2,0,22,","9.6","0","5.5","2,0","108.0",",,,0","0",",,,0","22.19","2,0","30.44","2,,,0","13.94","2,,,0"
"USC00392927","1960-09","45.03239","-99.12253","481.0","FAULKTON, SD US","363.4","0","50.7","3,0","3",",0","2",",0","0",",0","0",",0","0",",0","0","2,0","2","2,0","0","2,0","22","2,0","7","2,0","","","19600930",",2,0","19600930","+,,0","19600930","+,,0","","","19600918",",,0","19600902","+,2,0","-4.4","2,0,30,","0",",,0,30,+","0",",,0,30,+","10.9",",,0,18,","36.7","2,0,02,+","104.1","0","94.5","2,0","18.6",",,,0","0",",,,0","16.96","3,0","25.75","2,,,0","8.16","2,,,0"
"USC00392927","1960-10","45.03239","-99.12253","481.0","FAULKTON, SD US","363.4","0","0.0",",0","3",",0","2",",0","0",",0","0",",0","0",",0","0",",0","12",",0","0",",0","13",",0","0",",0","","","19601019",",,0","19601031","+,,0","19601031","+,,0","","","19601029",",,0","19601008",",,0","-12.2",",0,19,","0",",,0,31,+","0",",,0,31,+","5.1",",,0,29,","31.7",",0,08,","359.9","0","255.8",",0","9.7",",,,0","0",",,,0","10.08",",0","18.73",",,,0","1.43",",,,0"
"USC00392927","1960-11","45.03239","-99.12253","481.0","FAULKTON, SD US","363.4","0","0.0","2,0","2",",0","1",",0","0",",0","2","1,0","2",",0","1","1,0","29","1,0","4","1,0","1","1,0","0","1,0","","","19601130",",1,0","19601129",",1,0","19601128",",,0","","","19601128",",,0","19601125",",1,0","-26.1","1,0,30,","152","1,,0,29,","127",",,0,28,","10.2",",,0,28,","22.2","1,0,25,","860.7","0","500.8","1,0","11.5",",,,0","152",",,,0","0.68","2,0","8.87","1,,,0","-7.51","1,,,0"
"USC00392927","1960-12","45.03239","-99.12253","481.0","FAULKTON, SD US","363.4","0","0.0",",0","4",",0","2",",0","0",",0","26","5,0","2","1,0","7",",0","31",",0","21",",0","0",",0","0",",0","","","19601201",",,0","19601222","+,5,0","19601219",",1,0","","","19601205",",,0","19601214","+,,0","-27.2",",0,01,","152","5,,0,22,+","102","1,,0,19,","8.1",",,0,05,","6.1",",0,14,+","1680.4","0","819.7",",0","15.5",",,,0","153","1,,,0","-8.11",",0","-2.87",",,,0","-13.35",",,,0"
"USC00392927","1961-01","45.03239","-99.12253","481.0","FAULKTON, SD US","0.0","0","0.0",",0","0",",0","0",",0","0",",0","","","0",",0","12",",0","31",",0","20",",0","0",",0","0",",0","","","19610124",",,0","","","19610123","+,,0","","","19610123","+,,0","19610117",",,0","-32.2",",0,24,","","","0",",T,0,23,+","0.0",",T,0,23,+","6.1",",0,17,","2522.9","0","842.5",",0","0.0",",T,,0","0",",T,,0","-8.84",",0","-3.11",",,,0","-14.58",",,,0"
"USC00392927","1961-02","45.03239","-99.12253","481.0","FAULKTON, SD US","0.0","0","0.0",",0","1",",0","1",",0","0",",0","8",",0","1",",0","6",",0","27",",0","14",",0","0",",0","0",",0","","","19610203",",,0","19610206","+,,0","19610201",",,0","","","19610201",",,0","19610225","+,,0","-26.1",",0,03,","76",",,0,06,+","76",",,0,01,","6.4",",,0,01,","10.6",",0,25,+","3175.6","0","652.7",",0","6.4",",,,0","76",",,,0","-4.98",",0","0.68",",,,0","-10.63",",,,0"
"USC00392927","1961-03","45.03239","-99.12253","481.0","FAULKTON, SD US","0.0","0","0.0",",0","4",",0","0",",0","0",",0","","","0",",0","0",",0","23",",0","2",",0","1",",0","0",",0","","","19610329",",,0","","","19610306","+,,0","","","19610306","+,,0","19610325",",,0","-13.3",",0,29,","","","13",",,0,06,+","1.0",",,0,06,+","25.0",",0,25,","3636.9","0","461.3",",0","3.3",",,,0","26",",,,0","3.45",",0","9.35",",,,0","-2.44",",,,0"
"USC00392927","1961-04","45.03239","-99.12253","481.0","FAULKTON, SD US","0.0","0","0.0","3,0","6",",0","3",",0","0",",0","0",",0","0",",0","0","2,0","22","2,0","0","1,0","4","1,0","0","1,0","","","19610416","+,2,0","19610430","+,,0","19610430","+,,0","","","19610423",",,0","19610419",",1,0","-11.7","2,0,16,+","0",",,0,30,+","0",",,0,30,+","16.8",",,0,23,","28.3","1,0,19,","3996.8","0","359.9","1,0","33.3",",,,0","0",",,,0","4.89","3,0","12.62","1,,,0","-2.85","2,,,0"
"USC00392927","1961-05","45.03239","-99.12253","481.0","FAULKTON, SD US","6.2","0","6.2","2,0","8",",0","6",",0","1",",0","0",",0","0",",0","0","1,0","5","1,0","0","1,0","12","1,0","0","1,0","","","19610501",",1,0","19610531","+,,0","19610531","+,,0","","","19610517",",,0","19610531","+,1,0","-7.8","1,0,01,","0",",,0,31,+","0",",,0,31,+","44.5",",,0,17,","30.6","1,0,31,+","4186.7","0","189.9","1,0","107.0",",,,0","0",",,,0","12.15","2,0","19.58","1,,,0","4.71","1,,,0"
"USC00392927","1961-06","45.03239","-99.12253","481.0","FAULKTON, SD US","105.0","0","98.8",",0","4",",0","3",",0","1",",0","0",",0","0",",0","0",",0","0",",0","0",",0","29",",0","9",",0","","","19610603",",,0","19610630","+,,0","19610630","+,,0","","","19610613",",,0","19610627",",,0","4.4",",0,03,","0",",,0,30,+","0",",,0,30,+","56.4",",,0,13,","37.2",",0,27,","4205.6","0","18.9",",0","72.3",",,,0","0",",,,0","21.00",",0","29.35",",,,0","12.64",",,,0"
"USC00392927","1961-07","45.03239","-99.12253","481.0","FAULKTON, SD US","208.7","0","103.7",",0","7",",0","4",",0","1",",0","0",",0","0",",0","0",",0","0",",0","0",",0","31",",0","7",",0","","","19610723",",,0","19610731","+,,0","19610731","+,,0","","","19610725",",,0","19610725",",,0","6.1",",0,23,","0",",,0,31,+","0",",,0,31,+","32.0",",,0,25,","36.7",",0,25,","2.5","0","2.5",",0","60.0",",,,0","0",",,,0","21.60",",0","29.85",",,,0","13.34",",,,0"
"USC00392927","1961-08","45.03239","-99.12253","481.0","FAULKTON, SD US","367.6","0","158.9","2,0","3",",0","1",",0","0",",0","0",",0","0",",0","0","2,0","0","2,0","0","2,0","29","2,0","18","2,0","","","19610819",",2,0","19610831","+,,0","19610831","+,,0","","","19610809",",,0","19610829",",2,0","7.2","2,0,19,","0",",,0,31,+","0",",,0,31,+","10.2",",,0,09,","39.4","2,0,29,","4.2","0","1.7","2,0","11.5",",,,0","0",",,,0","23.75","2,0","32.95","2,,,0","14.56","2,,,0"
"USC00392927","1961-09","45.03239","-99.12253","481.0","FAULKTON, SD US","408.8","0","41.2","2,0","7",",0","3",",0","0",",0","0",",0","0",",0","0","2,0","4","2,0","0","2,0","16","2,0","6","2,0","","","19610928",",2,0","19610930","+,,0","19610930","+,,0","","","19610912",",,0","19610909",",2,0","-3.9","2,0,28,","0",",,0,30,+","0",",,0,30,+","22.9",",,0,12,","37.2","2,0,09,","136.2","0","132.0","2,0","54.6",",,,0","0",",,,0","15.09","2,0","23.17","2,,,0","7.00","2,,,0"
"USC00392927","1961-10","45.03239","-99.12253","481.0","FAULKTON, SD US","411.4","0","2.6",",0","3",",0","3",",0","0",",0","0",",0","0",",0","0",",0","12",",0","0",",0","10",",0","1",",0","","","19611026",",,0","19611031","+,,0","19611031","+,,0","","","19611011",",,0","19611006",",,0","-8.9",",0,26,","0",",,0,31,+","0",",,0,31,+","21.6",",,0,11,","32.2",",0,06,","388.7","0","252.5",",0","34.1",",,,0","0",",,,0","10.27",",0","18.32",",,,0","2.22",",,,0"
"USC00392927","1961-11","45.03239","-99.12253","481.0","FAULKTON, SD US","411.4","0","0.0",",0","0",",0","0",",0","0",",0","0",",0","0",",0","0",",0","29",",0","2",",0","1",",0","0",",0","","","19611106",",,0","19611130","+,,0","19611127","+,,0","","","19611127","+,,0","19611101",",,0","-12.2",",0,06,","0",",,0,30,+","0",",T,0,27,+","0.0",",T,0,27,+","22.2",",0,01,","905.3","0","516.6",",0","0.0",",T,,0","0",",T,,0","1.11",",0","8.46",",,,0","-6.24",",,,0"
"USC00392927","1961-12","45.03239","-99.12253","481.0","FAULKTON, SD US","411.4","0","0.0","3,0","4",",0","0",",0","0",",0","22","2,0","1",",0","14","3,0","28","3,0","20","3,0","0","3,0","0","3,0","","","19611213",",3,0","19611222","+,2,0","19611209",",,0","","","19611209",",,0","19611201",",3,0","-29.4","3,0,13,","76","2,,0,22,+","51",",,0,09,","2.0",",,0,09,","11.7","3,0,01,","1685.7","0","780.4","3,0","4.3",",,,0","90",",,,0","-9.54","3,0","-2.68","3,,,0","-16.39","3,,,0"
"USC00392927","1962-01","45.03239","-99.12253","481.0","FAULKTON, SD US","0.0","0","0.0","2,0","5",",0","1",",0","0",",0","","","1",",0","18","2,0","27","2,0","17","2,0","0","2,0","0","2,0","","","19620120",",2,0","","","19620121",",,0","","","19620121",",,0","19620103",",2,0","-28.9","2,0,20,","","","76",",,0,21,","3.0",",,0,21,","13.9","2,0,03,","2527.5","0","841.8","2,0","6.6",",,,0","128",",,,0","-10.69","2,0","-4.71","2,,,0","-16.68","2,,,0"
"USC00392927","1962-02","45.03239","-99.12253","481.0","FAULKTON, SD US","0.0","0","0.0",",0","8",",0","4",",0","0",",0","12",",0","5",",0","12",",0","27",",0","19",",0","0",",0","0",",0","","","19620228",",,0","19620228","+,,0","19620220","+,,0","","","19620218",",,0","19620203",",,0","-35.0",",0,28,","330",",,0,28,+","102",",,0,20,+","6.6",",,0,18,","12.8",",0,03,","3323.4","0","795.9",",0","27.8",",,,0","331",",,,0","-10.09",",0","-4.49",",,,0","-15.70",",,,0"
"USC00392927","1962-03","45.03239","-99.12253","481.0","FAULKTON, SD US","0.0","0","0.0",",0","7",",0","6",",0","0",",0","23","2,0","5","1,0","7",",0","31",",0","17",",0","0",",0","0",",0","","","19620301",",,0","19620315","+,2,0","19620324",",1,0","","","19620312",",,0","19620326",",,0","-33.3",",0,01,","178","2,,0,15,+","102","1,,0,24,","5.3",",,0,12,","11.7",",0,26,","4055.7","0","732.3",",0","25.3",",,,0","331","1,,,0","-5.29",",0","-0.49",",,,0","-10.09",",,,0"
"USC00392927","1962-04","45.03239","-99.12253","481.0","FAULKTON, SD US","2.8","0","2.8","1,0","7",",0","3",",0","0",",0","0",",0","0",",0","0",",0","17",",0","0","1,0","8","1,0","2","1,0","","","19620402",",,0","19620430","+,,0","19620401",",,0","","","19620427",",,0","19620425",",1,0","-9.4",",0,02,","0",",,0,30,+","0",",T,0,01,","16.0",",,0,27,","33.9","1,0,25,","4350.1","0","294.4","1,0","30.9",",,,0","0",",T,,0","8.17","1,0","16.31","1,,,0","0.03",",,,0"
"USC00392927","1962-05","45.03239","-99.12253","481.0","FAULKTON, SD US","5.3","0","2.5","2,0","15",",0","11",",0","0",",0","0",",0","0",",0","0","2,0","0","2,0","0","2,0","17","2,0","0","2,0","","","19620501",",2,0","19620531","+,,0","19620531","+,,0","","","19620516",",,0","19620504",",2,0","1.1","2,0,01,","0",",,0,31,+","0",",,0,31,+","23.4",",,0,16,","31.7","2,0,04,","4441.6","0","91.5","2,0","122.1",",,,0","0",",,,0","15.26","2,0","21.73","2,,,0","8.80","2,,,0"
"USC00392927","1962-06","45.03239","-99.12253","481.0","FAULKTON, SD US","48.6","0","43.3","1,0","12",",0","10",",0","1",",0","0",",0","0",",0","0","1,0","0","1,0","0","1,0","24","1,0","0","1,0","","","19620601",",1,0","19620630","+,,0","19620630","+,,0","","","19620617",",,0","19620628",",1,0","2.8","1,0,01,","0",",,0,30,+","0",",,0,30,+","32.3",",,0,17,","31.7","1,0,28,","4480.4","0","38.8","1,0","134.4",",,,0","0",",,,0","18.49","1,0","24.39","1,,,0","12.59","1,,,0"
"USC00392927","1962-07","45.03239","-99.12253","481.0","FAULKTON, SD US","","","","","8",",0","5",",0","0",",0","0",",0","0",",0","0","3,0","0","3,0","0","4,0","25","4,0","2","4,0","","","19620730","+,3,0","19620731","+,,0","19620731","+,,0","","","19620701",",,0","19620706",",4,0","5.6","3,0,30,+","0",",,0,31,+","0",",,0,31,+","14.2",",,0,01,","33.3","4,0,06,","","","","","45.3",",,,0","0",",,,0","20.51","5,0","27.62","4,,,0","13.40","3,,,0"
"USC00392927","1962-08","45.03239","-99.12253","481.0","FAULKTON, SD US","","","115.9",",0","6",",0","3",",0","2",",0","0",",0","0",",0","0",",0","0",",0","0",",0","31",",0","8",",0","","","19620828",",,0","19620831","+,,0","19620831","+,,0","","","19620806",",,0","19620827",",,0","6.7",",0,28,","0",",,0,31,+","0",",,0,31,+","26.7",",,0,06,","37.8",",0,27,","","","7.0",",0","61.5",",,,0","0",",,,0","21.85",",0","29.88",",,,0","13.82",",,,0"
"USC00392927","1962-09","45.03239","-99.12253","481.0","FAULKTON, SD US","","","11.1","1,0","6",",0","3",",0","0",",0","0",",0","0",",0","0","1,0","2","1,0","0",",0","24",",0","2",",0","","","19620927",",1,0","19620930","+,,0","19620930","+,,0","","","19620916",",,0","19620907",",,0","-2.2","1,0,27,","0",",,0,30,+","0",",,0,30,+","21.8",",,0,16,","33.9",",0,07,","","","115.3",",0","35.3",",,,0","0",",,,0","14.69","1,0","23.64",",,,0","5.74","1,,,0"
"USC00392927","1962-10","45.03239","-99.12253","481.0","FAULKTON, SD US","","","6.1",",0","3",",0","3",",0","0",",0","0",",0","0",",0","0",",0","9",",0","0",",0","13",",0","1",",0","","","19621025",",,0","19621031","+,,0","19621024",",,0","","","19621007",",,0","19621014",",,0","-11.7",",0,25,","0",",,0,31,+","13",",,0,24,","9.1",",,0,07,","32.2",",0,14,","","","237.0",",0","21.0",",,,0","13",",,,0","10.89",",0","19.53",",,,0","2.24",",,,0"
"USC00392927","1962-11","45.03239","-99.12253","481.0","FAULKTON, SD US","","","0.0","1,0","3",",0","1",",0","0",",0","0",",0","1",",0","0","1,0","27","1,0","1","1,0","1","1,0","0","1,0","","","19621119","+,1,0","19621116","+,,0","19621123",",,0","","","19621123",",,0","19621120",",1,0","-11.1","1,0,19,+","0",",T,0,16,+","38",",,0,23,","2.5",",,0,23,","21.7","1,0,20,","","","449.8","1,0","4.3",",,,0","38",",,,0","2.82","1,0","10.36","1,,,0","-4.71","1,,,0"
"USC00392927","1962-12","45.03239","-99.12253","481.0","FAULKTON, SD US","","","0.0","1,0","2",",0","0",",0","0",",0","0","2,0","1",",0","8","1,0","30","1,0","14",",0","0",",0","0",",0","","","19621212",",1,0","19621226","+,2,0","19621207",",,0","","","19621207",",,0","19621216",",,0","-29.4","1,0,12,","0","2,T,0,26,+","25",",,0,07,","2.0",",,0,07,","16.1",",0,16,","","","719.2",",0","2.8",",,,0","38",",,,0","-5.61","1,0","1.27",",,,0","-12.50","1,,,0"
"USC00392927","1963-01","45.03239","-99.12253","481.0","FAULKTON, SD US","0.0","0","0.0",",0","3",",0","2",",0","0",",0","23",",0","2",",0","22",",0","31",",0","24",",0","0",",0","0",",0","","","19630115",",,0","19630131","+,,0","19630109",",,0","","","19630109",",,0","19630108",",,0","-35.0",",0,15,","102",",,0,31,+","51",",,0,09,","6.6",",,0,09,","13.9",",0,08,","","","1010.4",",0","12.7",",,,0","89",",,,0","-14.26",",0","-7.27",",,,0","-21.25",",,,0"
"USC00392927","1963-02","45.03239","-99.12253","481.0","FAULKTON, SD US","0.0","0","0.0","1,0","5",",0","1",",0","0",",0","12",",","","","11","1,0","26","1,0","12",",0","0",",0","0",",0","","","19630225",",1,0","19630227","+,,0","","","","","19630224",",,0","19630205",",,0","-28.3","1,0,25,","51",",,0,27,+","","","3.0",",,0,24,","13.9",",0,05,","","","659.2",",0","7.7",",,,0","","","-5.95","1,0","1.62",",,,0","-13.51","1,,,0"
"USC00392927","1963-03","45.03239","-99.12253","481.0","FAULKTON, SD US","0.0","0","0.0","1,0","5",",0","2",",0","0",",0","","","","","0","1,0","27","1,0","1","1,0","7","1,0","0","1,0","","","19630317",",1,0","","","","","","","19630316",",,0","19630323",",1,0","-15.6","1,0,17,","","","","","4.8",",,0,16,","27.8","1,0,23,","","","435.8","1,0","12.0",",,,0","","","3.81","1,0","11.98","1,,,0","-4.37","1,,,0"
"USC00392927","1963-04","45.03239","-99.12253","481.0","FAULKTON, SD US","0.0","0","0.0",",0","14",",0","7",",0","0",",0","1",",0","1",",0","0",",0","12",",0","0",",0","9",",0","0",",0","","","19630404",",,0","19630422",",,0","19630422",",,0","","","19630416",",,0","19630414",",,0","-7.8",",0,04,","25",",,0,22,","25",",,0,22,","15.7",",,0,16,","27.8",",0,14,","","","295.3",",0","55.4",",,,0","25",",,,0","8.49",",0","15.17",",,,0","1.81",",,,0"
"USC00392927","1963-05","45.03239","-99.12253","481.0","FAULKTON, SD US","5.5","0","5.5","1,0","8",",0","6",",0","0",",0","0",",0","0",",0","0","1,0","2","1,0","0","1,0","18","1,0","1","1,0","","","19630522",",1,0","19630531","+,,0","19630531","+,,0","","","19630512",",,0","19630507",",1,0","-5.0","1,0,22,","0",",,0,31,+","0",",,0,31,+","17.8",",,0,12,","32.2","1,0,07,","","","150.2","1,0","57.6",",,,0","0",",,,0","13.51","1,0","21.17","1,,,0","5.85","1,,,0"
"USC00392927","1963-06","45.03239","-99.12253","481.0","FAULKTON, SD US","90.2","0","84.7","1,0","8",",0","6",",0","2",",0","0",",0","0",",0","0","1,0","0","1,0","0",",0","28",",0","3",",0","","","19630616",",1,0","19630630","+,,0","19630630","+,,0","","","19630607",",,0","19630629",",,0","7.8","1,0,16,","0",",,0,30,+","0",",,0,30,+","39.4",",,0,07,","38.9",",0,29,","","","12.8",",0","119.3",",,,0","0",",,,0","20.76","1,0","27.59",",,,0","13.92","1,,,0"
"USC00392927","1963-07","45.03239","-99.12253","481.0","FAULKTON, SD US","222.3","0","132.1","1,0","13",",0","6",",0","1",",0","0",",0","0",",0","0","1,0","0","1,0","0","1,0","30","1,0","7","1,0","","","19630702",",1,0","19630731","+,,0","19630731","+,,0","","","19630703",",,0","19630725",",1,0","10.0","1,0,02,","0",",,0,31,+","0",",,0,31,+","38.4",",,0,03,","37.2","1,0,25,","0.0","0","0.0","1,0","106.2",",,,0","0",",,,0","22.74","1,0","30.03","1,,,0","15.44","1,,,0"
"USC00392927","1963-08","45.03239","-99.12253","481.0","FAULKTON, SD US","350.4","0","128.1",",0","9",",0","7",",0","1",",0","0",",0","0",",0","0",",0","0",",0","0",",0","31",",0","9",",0","","","19630814",",,0","19630831","+,,0","19630831","+,,0","","","19630821",",,0","19630811",",,0","3.9",",0,14,","0",",,0,31,+","0",",,0,31,+","42.7",",,0,21,","37.8",",0,11,","8.3","0","8.3",",0","66.0",",,,0","0",",,,0","22.20",",0","30.11",",,,0","14.28",",,,0"
"USC00392927","1963-09","45.03239","-99.12253","481.0","FAULKTON, SD US","373.4","0","23.0","1,0","8",",0","6",",0","0",",0","0",",0","0",",0","0","1,0","0","1,0","0","1,0","28","1,0","0","1,0","","","19630929",",1,0","19630930","+,,0","19630930","+,,0","","","19630901",",,0","19630926",",1,0","1.1","1,0,29,","0",",,0,30,+","0",",,0,30,+","14.0",",,0,01,","30.6","1,0,26,","50.0","0","41.7","1,0","40.3",",,,0","0",",,,0","17.69","1,0","25.56","1,,,0","9.82","1,,,0"
"USC00392927","1963-10","45.03239","-99.12253","481.0","FAULKTON, SD US","386.0","0","12.6",",0","4",",0","3",",0","1",",0","0",",0","0",",0","0",",0","6",",0","0",",0","22",",0","2",",0","","","19631030","+,,0","19631031","+,,0","19631031","+,,0","","","19631020",",,0","19631005",",,0","-2.2",",0,30,+","0",",,0,31,+","0",",,0,31,+","30.0",",,0,20,","35.6",",0,05,","192.1","0","142.1",",0","55.4",",,,0","0",",,,0","14.15",",0","22.47",",,,0","5.83",",,,0"
"USC00392927","1963-11","45.03239","-99.12253","481.0","FAULKTON, SD US","386.0","0","0.0","1,0","1",",0","0",",0","0",",0","0",",0","0",",0","0","1,0","28","1,0","2","1,0","0","1,0","0","1,0","","","19631123",",1,0","19631130","+,,0","19631121",",,0","","","19631121",",,0","19631102",",1,0","-14.4","1,0,23,","0",",,0,30,+","0",",T,0,21,","1.3",",,0,21,","17.8","1,0,02,","656.6","0","464.5","1,0","1.3",",,,0","0",",T,,0","2.32","1,0","10.09","1,,,0","-5.46","1,,,0"
"USC00392927","1963-12","45.03239","-99.12253","481.0","FAULKTON, SD US","386.0","0","0.0","1,0","2",",0","1",",0","0",",0","2",",","","","14","1,0","30","1,0","17","1,0","0","1,0","0","1,0","","","19631221",",1,0","19631208","+,,0","","","","","19631207",",,0","19631205",",1,0","-31.7","1,0,21,","51",",,0,08,+","","","3.0",",,0,07,","12.8","1,0,05,","1503.7","0","847.1","1,0","3.5",",,,0","","","-9.91","1,0","-3.85","1,,,0","-15.96","1,,,0"
"USC00392927","1964-01","45.03239","-99.12253","481.0","FAULKTON, SD US","0.0","0","0.0",",0","3",",0","0",",0","0",",0","6",",0","","","10",",0","29",",0","13",",0","0",",0","0",",0","","","19640112",",,0","19640113","+,,0","","","","","19640108",",,0","19640120",",,0","-32.8",",0,12,","25",",,0,13,+","","","1.3",",,0,08,","15.0",",0,20,","2241.3","0","737.6",",0","2.8",",,,0","","","-5.46",",0","1.34",",,,0","-12.26",",,,0"
"USC00392927","1964-02","45.03239","-99.12253","481.0","FAULKTON, SD US","0.0","0","0.0",",0","3",",0","0",",0","0",",0","2",",","","","3",",0","29",",0","6",",0","0",",0","0",",0","","","19640226",",,0","19640209","+,,0","","","","","19640208",",,0","19640228",",,0","-22.2",",0,26,","25",",,0,09,+","","","1.0",",,0,08,","12.8",",0,28,","2848.3","0","607.0",",0","2.3",",,,0","","","-2.60",",0","4.48",",,,0","-9.68",",,,0"
"USC00392927","1964-03","45.03239","-99.12253","481.0","FAULKTON, SD US","0.0","0","0.0",",0","4",",0","2",",0","0",",0","","","","","5",",0","30",",0","10",",0","0",",0","0",",0","","","19640326",",,0","","","","","","","19640323",",,0","19640312",",,0","-24.4",",0,26,","","","","","3.6",",,0,23,","18.9",",0,12,","3529.1","0","680.8",",0","9.7",",,,0","","","-3.63",",0","4.05",",,,0","-11.31",",,,0"
"USC00392927","1964-04","45.03239","-99.12253","481.0","FAULKTON, SD US","2.2","0","2.2",",0","11",",0","8",",0","1",",0","1",",0","1",",0","0",",0","14",",0","0",",0","8",",0","0",",0","","","19640404",",,0","19640406",",,0","19640406",",,0","","","19640427",",,0","19640416",",,0","-8.9",",0,04,","25",",,0,06,","25",",,0,06,","33.0",",,0,27,","29.4",",0,16,","3816.8","0","287.7",",0","90.6",",,,0","25",",,,0","8.82",",0","15.77",",,,0","1.86",",,,0"
"USC00392927","1964-05","45.03239","-99.12253","481.0","FAULKTON, SD US","24.2","0","22.0",",0","6",",0","4",",0","1",",0","0",",0","0",",0","0",",0","2",",0","0",",0","20",",0","1",",0","","","19640513",",,0","19640531","+,,0","19640531","+,,0","","","19640503",",,0","19640521",",,0","-2.8",",0,13,","0",",,0,31,+","0",",,0,31,+","58.4",",,0,03,","33.9",",0,21,","3930.4","0","113.6",",0","91.4",",,,0","0",",,,0","15.38",",0","23.15",",,,0","7.60",",,,0"
"USC00392927","1964-06","45.03239","-99.12253","481.0","FAULKTON, SD US","110.6","0","86.4","3,0","9",",0","6",",0","2",",0","0",",0","0",",0","0","3,0","2","3,0","0","3,0","26","3,0","6","3,0","","","19640610","+,3,0","19640630","+,,0","19640630","+,,0","","","19640622",",,0","19640608",",3,0","-0.6","3,0,10,+","0",",,0,30,+","0",",,0,30,+","50.3",",,0,22,","36.1","3,0,08,","3961.2","0","30.8","3,0","111.1",",,,0","0",",,,0","20.39","3,0","28.56","3,,,0","12.23","3,,,0"
"USC00392927","1964-07","45.03239","-99.12253","481.0","FAULKTON, SD US","295.5","0","184.9",",0","7",",0","6",",0","0",",0","0",",0","0",",0","0",",0","0",",0","0",",0","31",",0","17",",0","","","19640729",",,0","19640731","+,,0","19640731","+,,0","","","19640709",",,0","19640716",",,0","9.4",",0,29,","0",",,0,31,+","0",",,0,31,+","13.2",",,0,09,","39.4",",0,16,","1.7","0","1.7",",0","54.9",",,,0","0",",,,0","24.24",",0","32.39",",,,0","16.09",",,,0"
"USC00392927","1964-08","45.03239","-99.12253","481.0","FAULKTON, SD US","385.0","0","89.5","2,0","7",",0","4",",0","1",",0","0",",0","0",",0","0","2,0","0","2,0","0","2,0","25","2,0","8","2,0","","","19640812",",2,0","19640831","+,,0","19640831","+,,0","","","19640808",",,0","19640801",",2,0","3.9","2,0,12,","0",",,0,31,+","0",",,0,31,+","41.7",",,0,08,","38.9","2,0,01,","30.6","0","28.9","2,0","61.5",",,,0","0",",,,0","20.42","2,0","28.51","2,,,0","12.33","2,,,0"
"USC00392927","1964-09","45.03239","-99.12253","481.0","FAULKTON, SD US","410.6","0","25.6","5,0","3",",0","2",",0","0",",0","0",",0","0",",0","0","3,0","4","3,0","0","4,0","20","4,0","2","4,0","","","19640927",",3,0","19640930","+,,0","19640930","+,,0","","","19640922",",,0","19640909",",4,0","-3.3","3,0,27,","0",",,0,30,+","0",",,0,30,+","19.8",",,0,22,","35.0","4,0,09,","121.8","0","91.2","4,0","24.2",",,,0","0",",,,0","15.45","5,0","24.26","4,,,0","6.63","3,,,0"
"USC00392927","1964-10","45.03239","-99.12253","481.0","FAULKTON, SD US","411.4","0","0.8","1,0","0",",0","0",",0","0",",0","0",",0","0",",0","0","1,0","16","1,0","0","1,0","11","1,0","0","1,0","","","19641009",",1,0","19641031","+,,0","19641031","+,,0","","","19641031","+,,0","19641015",",1,0","-11.1","1,0,09,","0",",,0,31,+","0",",,0,31,+","0.0",",,0,31,+","29.4","1,0,15,","395.9","0","274.1","1,0","0.0",",,,0","0",",,,0","9.22","1,0","18.72","1,,,0","-0.28","1,,,0"
"USC00392927","1964-11","45.03239","-99.12253","481.0","FAULKTON, SD US","","","","","2",",0","1",",0","0",",0","7",",0","2",",0","7","3,0","22","3,0","5","2,0","2","2,0","0","2,0","","","19641130",",3,0","19641120","+,,0","19641119",",,0","","","19641119",",,0","19641102",",2,0","-31.1","3,0,30,","51",",,0,20,+","51",",,0,19,","3.3",",,0,19,","21.7","2,0,02,","","","","","4.1",",,,0","76",",,,0","-0.07","5,0","8.42","2,,,0","-8.56","3,,,0"
"USC00392927","1964-12","45.03239","-99.12253","481.0","FAULKTON, SD US","","","0.0",",0","6",",0","2",",0","0",",0","16","1,0","3",",0","17",",0","31",",0","25",",0","0",",0","0",",0","","","19641220","+,,0","19641230",",1,0","19641225",",,0","","","19641225",",,0","19641209",",,0","-27.8",",0,20,+","127","1,,0,30,","76",",,0,25,","3.6",",,0,25,","5.6",",0,09,","","","938.3",",0","11.0",",,,0","139",",,,0","-11.94",",0","-6.43",",,,0","-17.45",",,,0"
"USC00392927","1965-01","45.03239","-99.12253","481.0","FAULKTON, SD US","0.0","0","0.0",",0","2",",0","0",",0","0",",0","30","1,0","1","1,0","20",",0","31",",0","27",",0","0",",0","0",",0","","","19650128",",,0","19650116","+,1,0","19650131",",1,0","","","19650131","+,,0","19650104",",,0","-31.7",",0,28,","152","1,,0,16,+","25","1,,0,31,","1.3",",,0,31,+","4.4",",0,04,","","","1002.3",",0","2.6",",,,0","38","1,,,0","-14.00",",0","-7.80",",,,0","-20.20",",,,0"
"USC00392927","1965-02","45.03239","-99.12253","481.0","FAULKTON, SD US","0.0","0","0.0","2,0","3",",0","1",",0","0",",0","14",",0","2",",0","13","1,0","27","1,0","15","1,0","0","1,0","0","1,0","","","19650224",",1,0","19650204","+,,0","19650223",",,0","","","19650223",",,0","19650219",",1,0","-31.1","1,0,24,","127",",,0,04,+","76",",,0,23,","2.5",",,0,23,","16.7","1,0,19,","","","695.7","1,0","5.1",",,,0","114",",,,0","-8.19","2,0","-0.81","1,,,0","-15.58","1,,,0"
"USC00392927","1965-03","45.03239","-99.12253","481.0","FAULKTON, SD US","0.0","0","0.0","2,0","6",",0","1",",0","0",",0","12",",0","4",",0","8","2,0","29","2,0","13","2,0","0","2,0","0","2,0","","","19650320",",2,0","19650329","+,,0","19650328",",,0","","","19650328",",,0","19650307",",2,0","-23.9","2,0,20,","203",",,0,29,+","178",",,0,28,","9.9",",,0,28,","8.9","2,0,07,","","","711.0","2,0","16.0",",,,0","266",",,,0","-6.18","2,0","0.20","2,,,0","-12.57","2,,,0"
"USC00392927","1965-04","45.03239","-99.12253","481.0","FAULKTON, SD US","0.3","0","0.3","1,0","14",",0","9",",0","0",",0","0",",0","0",",0","0","1,0","12","1,0","0","1,0","5","1,0","0","1,0","","","19650417","+,1,0","19650417","+,,0","19650417","+,,0","","","19650423",",,0","19650429",",1,0","-3.9","1,0,17,+","0",",T,0,17,+","0",",T,0,17,+","17.3",",,0,23,","30.6","1,0,29,","","","318.7","1,0","73.7",",,,0","0",",T,,0","7.35","1,0","13.67","1,,,0","1.03","1,,,0"
"USC00392927","1965-05","45.03239","-99.12253","481.0","FAULKTON, SD US","12.3","0","12.0","1,0","10",",0","7",",0","1",",0","0",",0","0",",0","0","1,0","1","1,0","0",",0","17",",0","0",",0","","","19650528",",1,0","19650531","+,,0","19650531","+,,0","","","19650524",",,0","19650513",",,0","-2.8","1,0,28,","0",",,0,31,+","0",",,0,31,+","35.6",",,0,24,","31.1",",0,13,","","","120.0",",0","117.8",",,,0","0",",,,0","14.75","1,0","22.07",",,,0","7.43","1,,,0"
"USC00392927","1965-06","45.03239","-99.12253","481.0","FAULKTON, SD US","48.3","0","36.0","1,0","10",",0","10",",0","1",",0","0",",0","0",",0","0","1,0","0","1,0","0","1,0","28","1,0","0","1,0","","","19650608",",1,0","19650630","+,,0","19650630","+,,0","","","19650612",",,0","19650621","+,1,0","5.0","1,0,08,","0",",,0,30,+","0",",,0,30,+","26.9",",,0,12,","29.4","1,0,21,+","","","14.2","1,0","95.9",",,,0","0",",,,0","19.08","1,0","25.28","1,,,0","12.89","1,,,0"
"USC00392927","1965-07","45.03239","-99.12253","481.0","FAULKTON, SD US","200.7","0","152.4",",0","5",",0","4",",0","0",",0","0",",0","0",",0","0",",0","0",",0","0",",0","31",",0","12",",0","","","19650705",",,0","19650731","+,,0","19650731","+,,0","","","19650708",",,0","19650722",",,0","9.4",",0,05,","0",",,0,31,+","0",",,0,31,+","6.6",",,0,08,","40.0",",0,22,","2.0","0","2.0",",0","20.3",",,,0","0",",,,0","23.19",",0","30.77",",,,0","15.60",",,,0"
"USC00392927","1965-08","45.03239","-99.12253","481.0","FAULKTON, SD US","319.9","0","119.2",",0","6",",0","3",",0","0",",0","0",",0","0",",0","0",",0","0",",0","0",",0","29",",0","9",",0","","","19650828",",,0","19650831","+,,0","19650831","+,,0","","","19650816",",,0","19650813",",,0","3.3",",0,28,","0",",,0,31,+","0",",,0,31,+","8.9",",,0,16,","45.0",",0,13,","15.6","0","13.6",",0","23.4",",,,0","0",",,,0","21.74",",0","30.41",",,,0","13.06",",,,0"
"USC00392927","1965-09","45.03239","-99.12253","481.0","FAULKTON, SD US","322.6","0","2.7","1,0","13",",0","7",",0","0",",0","0",",0","0",",0","0","1,0","2","1,0","0","1,0","7","1,0","0","1,0","","","19650926",",1,0","19650930","+,,0","19650930","+,,0","","","19650916",",,0","19650902",",1,0","-6.7","1,0,26,","0",",,0,30,+","0",",,0,30,+","22.1",",,0,16,","30.0","1,0,02,","248.6","0","233.0","1,0","105.2",",,,0","0",",,,0","10.39","1,0","16.38","1,,,0","4.41","1,,,0"
"USC00392927","1965-10","45.03239","-99.12253","481.0","FAULKTON, SD US","322.6","0","0.0","2,0","4",",0","2",",0","0",",0","0",",0","0",",0","0","1,0","9","1,0","0","1,0","12","1,0","0","1,0","","","19651028","+,1,0","19651031","+,,0","19651031","+,,0","","","19651019",",,0","19651009",",1,0","-3.9","1,0,28,+","0",",,0,31,+","0",",,0,31,+","13.5",",,0,19,","26.1","1,0,09,","448.4","0","199.8","1,0","19.4",",,,0","0",",,,0","11.33","2,0","19.51","1,,,0","3.15","1,,,0"
"USC00392927","1965-11","45.03239","-99.12253","481.0","FAULKTON, SD US","322.6","0","0.0","3,0","1",",0","1",",0","0",",0","3",",0","1",",0","0","3,0","24","3,0","6","1,0","1","1,0","0","1,0","","","19651128",",3,0","19651128","+,,0","19651126",",,0","","","19651126",",,0","19651102",",1,0","-16.7","3,0,28,","51",",,0,28,+","51",",,0,26,","3.0",",,0,26,","23.9","1,0,02,","933.6","0","485.2","1,0","3.0",",,,0","51",",,,0","0.26","3,0","7.09","1,,,0","-6.56","3,,,0"
"USC00392927","1965-12","45.03239","-99.12253","481.0","FAULKTON, SD US","322.6","0","0.0","3,0","2",",0","1",",0","0",",0","8",",0","0",",0","2","2,0","29","2,0","13","2,0","0","2,0","0","2,0","","","19651227",",2,0","19651218","+,,0","19651214","+,,0","","","19651211",",,0","19651204",",2,0","-21.1","2,0,27,","25",",,0,18,+","0",",T,0,14,+","14.0",",,0,11,","16.1","2,0,04,","1532.6","0","599.0","2,0","14.8",",,,0","0",",T,,0","-3.01","3,0","2.94","2,,,0","-8.96","2,,,0"
"USC00392927","1966-01","45.03239","-99.12253","481.0","FAULKTON, SD US","0.0","0","0.0",",0","3",",0","0",",0","0",",0","18",",0","2",",0","24",",0","31",",0","28",",0","0",",0","0",",0","","","19660129",",,0","19660131","+,,0","19660124","+,,0","","","19660124",",,0","19660113","+,,0","-35.6",",0,29,","25",",,0,31,+","25",",,0,24,+","1.3",",,0,24,","4.4",",0,13,+","2618.7","0","1086.1",",0","2.6",",,,0","63",",,,0","-16.70",",0","-10.29",",,,0","-23.12",",,,0"
"USC00392927","1966-02","45.03239","-99.12253","481.0","FAULKTON, SD US","0.0","0","0.0",",0","3",",0","2",",0","0",",0","24",",","","","15",",0","28",",0","18",",0","0",",0","0",",0","","","19660218",",,0","19660210","+,,0","","","","","19660209",",,0","19660206",",,0","-31.7",",0,18,","127",",,0,10,+","","","9.7",",,0,09,","7.8",",0,06,","3450.6","0","831.9",",0","18.1",",,,0","","","-11.38",",0","-5.29",",,,0","-17.46",",,,0"
"USC00392927","1966-03","45.03239","-99.12253","481.0","FAULKTON, SD US","0.0","0","0.0","2,0","5",",0","3",",0","0",",0","","","","","3","2,0","27","2,0","3","2,0","2","2,0","0","2,0","","","19660307",",2,0","","","","","","","19660303",",,0","19660330",",2,0","-22.2","2,0,07,","","","","","23.9",",,0,03,","22.8","2,0,30,","3936.5","0","485.9","2,0","48.5",",,,0","","","1.58","2,0","8.84","2,,,0","-5.69","2,,,0"
"USC00392927","1966-04","45.03239","-99.12253","481.0","FAULKTON, SD US","0.0","0","0.0",",0","7",",0","5",",0","0",",0","5",",","","","0",",0","21",",0","1",",0","3",",0","0",",0","","","19660420",",,0","19660419",",,0","","","","","19660427",",,0","19660425",",,0","-12.2",",0,20,","102",",,0,19,","","","11.9",",,0,27,","24.4",",0,25,","4353.9","0","417.4",",0","42.4",",,,0","","","4.42",",0","11.22",",,,0","-2.39",",,,0"
"USC00392927","1966-05","45.03239","-99.12253","481.0","FAULKTON, SD US","15.3","0","15.3","3,0","3",",0","2",",0","0",",0","0",",0","0",",0","0","3,0","7","3,0","0","1,0","18","1,0","2","1,0","","","19660509",",3,0","19660510",",,0","19660511","+,,0","","","19660511",",,0","19660526",",1,0","-7.8","3,0,09,","0",",T,0,10,","0",",T,0,11,+","16.8",",,0,11,","33.3","1,0,26,","4520.9","0","167.0","1,0","24.9",",,,0","0",",T,,0","12.76","3,0","22.12","1,,,0","3.39","3,,,0"
"USC00392927","1966-06","45.03239","-99.12253","481.0","FAULKTON, SD US","70.9","0","55.6","2,0","8",",0","5",",0","2",",0","0",",0","0",",0","0","2,0","0","2,0","0","1,0","28","1,0","4","1,0","","","19660609",",2,0","19660630","+,,0","19660630","+,,0","","","19660622",",,0","19660629","+,1,0","1.1","2,0,09,","0",",,0,30,+","0",",,0,30,+","50.0",",,0,22,","35.0","1,0,29,+","4558.4","0","37.5","1,0","103.4",",,,0","0",",,,0","19.12","2,0","27.14","1,,,0","11.10","2,,,0"
"USC00392927","1966-07","45.03239","-99.12253","481.0","FAULKTON, SD US","258.6","0","187.7","1,0","9",",0","5",",0","2",",0","0",",0","0",",0","0","1,0","0","1,0","0","1,0","30","1,0","15","1,0","","","19660707",",1,0","19660731","+,,0","19660731","+,,0","","","19660713",",,0","19660710",",1,0","12.2","1,0,07,","0",",,0,31,+","0",",,0,31,+","69.6",",,0,13,","42.2","1,0,10,","0.0","0","0.0","1,0","132.5",",,,0","0",",,,0","24.59","1,0","32.01","1,,,0","17.17","1,,,0"
"USC00392927","1966-08","45.03239","-99.12253","481.0","FAULKTON, SD US","315.1","0","56.5","2,0","9",",0","5",",0","1",",0","0",",0","0",",0","0","1,0","0","1,0","0","1,0","26","1,0","6","1,0","","","19660809",",1,0","19660831","+,,0","19660831","+,,0","","","19660820",",,0","19660827",",1,0","3.3","1,0,09,","0",",,0,31,+","0",",,0,31,+","53.8",",,0,20,","34.4","1,0,27,","34.1","0","34.1","1,0","91.3",",,,0","0",",,,0","19.19","2,0","26.65","1,,,0","11.73","1,,,0"
"USC00392927","1966-09","45.03239","-99.12253","481.0","FAULKTON, SD US","335.4","0","20.3","3,0","6",",0","5",",0","0",",0","0",",0","0",",0","0","2,0","1","2,0","0","3,0","18","3,0","0","3,0","","","19660915",",2,0","19660930","+,,0","19660930","+,,0","","","19660913",",,0","19660909",",3,0","-0.6","2,0,15,","0",",,0,30,+","0",",,0,30,+","11.7",",,0,13,","31.1","3,0,09,","136.6","0","102.5","3,0","31.9",",,,0","0",",,,0","15.18","3,0","23.06","3,,,0","7.30","2,,,0"
"USC00392927","1966-10","45.03239","-99.12253","481.0","FAULKTON, SD US","337.4","0","2.0","3,0","3",",0","2",",0","1",",0","0",",0","0",",0","0","3,0","13","3,0","0","1,0","9","1,0","0","1,0","","","19661016",",3,0","19661031","+,,0","19661031","+,,0","","","19661014",",,0","19661007",",1,0","-8.3","3,0,16,","0",",,0,31,+","0",",,0,31,+","52.1",",,0,14,","30.6","1,0,07,","393.0","0","256.4","1,0","60.7",",,,0","0",",,,0","9.25","3,0","17.60","1,,,0","0.91","3,,,0"
"USC00392927","1966-11","45.03239","-99.12253","481.0","FAULKTON, SD US","337.4","0","0.0","3,0","3",",0","3",",0","0",",0","8",",0","2",",0","1","2,0","28","2,0","8","2,0","0","2,0","0","2,0","","","19661112",",2,0","19661124","+,,0","19661124","+,,0","","","19661124",",,0","19661121",",2,0","-21.7","2,0,12,","76",",,0,24,+","76",",,0,24,+","6.1",",,0,24,","17.8","2,0,21,","961.2","0","568.2","2,0","16.7",",,,0","152",",,,0","-2.64","3,0","3.99","2,,,0","-9.28","2,,,0"
"USC00392927","1966-12","45.03239","-99.12253","481.0","FAULKTON, SD US","337.4","0","0.0","2,0","1",",0","0",",0","0",",0","3",",0","1",",0","11","2,0","29","2,0","16",",0","0",",0","0",",0","","","19661210",",2,0","19661211","+,,0","19661209",",,0","","","19661209",",,0","19661216",",,0","-26.7","2,0,10,","25",",,0,11,+","25",",,0,09,","2.0",",,0,09,","11.1",",0,16,","1694.0","0","732.8",",0","2.0",",,,0","25",",,,0","-6.76","2,0","-0.57",",,,0","-12.96","2,,,0"
"USC00392927","1967-01","45.03239","-99.12253","481.0","FAULKTON, SD US","0.0","","0.0",",0","5",",0","3",",0","0",",0","15",",","","","11",",0","31",",0","18",",0","0",",0","0",",0","","","19670117",",,0","19670108",",,0","","","","","19670107",",,0","19670121",",,0","-27.2",",0,17,","178",",,0,08,","","","11.4",",,0,07,","8.9",",0,21,","2507.9","","813.9",",0","21.8",",,,0","","","-7.92",",0","-1.48",",,,0","-14.36",",,,0"
"USC00392927","1967-02","45.03239","-99.12253","481.0","FAULKTON, SD US","0.0","","0.0",",0","4",",0","3",",0","0",",0","16",",0","3",",0","15",",0","28",",0","16",",0","0",",0","0",",0","","","19670218",",,0","19670220","+,,0","19670215",",,0","","","19670215",",,0","19670213",",,0","-33.9",",0,18,","203",",,0,20,+","127",",,0,15,","10.2",",,0,15,","10.0",",0,13,","3305.8","","797.9",",0","21.9",",,,0","318",",,,0","-10.16",",0","-3.15",",,,0","-17.18",",,,0"
"USC00392927","1967-03","45.03239","-99.12253","481.0","FAULKTON, SD US","","","","","1",",0","0",",0","0",",0","0",",0","0",",0","","","","","7","1,0","1","1,0","0","1,0","","","","","19670312","+,,0","19670312","+,,0","","","19670304",",,0","19670329",",1,0","","","0",",T,0,12,+","0",",T,0,12,+","1.3",",,0,04,","23.3","1,0,29,","","","","","1.3",",,,0","0",",T,,0","","","7.08","1,,,0","",""
"USC00392927","1967-04","45.03239","-99.12253","481.0","FAULKTON, SD US","","","0.0","1,0","11",",0","5",",0","2",",0","1",",0","0","4,0","0","1,0","17","1,0","0",",0","3",",0","0",",0","","","19670401",",1,0","19670424",",,0","19670430","+,4,0","","","19670430",",,0","19670428",",,0","-10.0","1,0,01,","254",",,0,24,","0","4,,0,30,+","40.1",",,0,30,","25.6",",0,28,","","","333.2",",0","92.8",",,,0","0","4,,,0","6.89","1,0","14.07",",,,0","-0.30","1,,,0"
"USC00392927","1967-05","45.03239","-99.12253","481.0","FAULKTON, SD US","","","12.6","3,0","5",",0","2",",0","0",",0","0",",0","0","1,0","0","3,0","10","3,0","0","1,0","11","1,0","1","1,0","","","19670503",",3,0","19670531","+,,0","19670531","+,1,0","","","19670511",",,0","19670522",",1,0","-6.7","3,0,03,","0",",,0,31,+","0","1,,0,31,+","7.1",",,0,11,","33.9","1,0,22,","","","208.0","1,0","14.3",",,,0","0","1,,,0","11.38","3,0","19.07","1,,,0","3.68","3,,,0"
"USC00392927","1967-06","45.03239","-99.12253","481.0","FAULKTON, SD US","","","18.3","4,0","17",",0","10",",0","2",",0","0",",0","0",",0","0","4,0","0","4,0","0","3,0","23","3,0","1","3,0","","","19670623",",4,0","19670630","+,,0","19670630","+,,0","","","19670615",",,0","19670630",",3,0","6.7","4,0,23,","0",",,0,30,+","0",",,0,30,+","48.3",",,0,15,","32.2","3,0,30,","","","30.1","3,0","157.6",",,,0","0",",,,0","17.91","4,0","24.22","3,,,0","11.60","4,,,0"
"USC00392927","1967-07","45.03239","-99.12253","481.0","FAULKTON, SD US","","","103.7","1,0","5",",0","3",",0","0",",0","0",",0","0",",0","0",",0","0",",0","0","1,0","29","1,0","9","1,0","","","19670714",",,0","19670731","+,,0","19670731","+,,0","","","19670709",",,0","19670731",",1,0","3.3",",0,14,","0",",,0,31,+","0",",,0,31,+","11.4",",,0,09,","38.3","1,0,31,","20.1","","20.1","1,0","22.8",",,,0","0",",,,0","21.03","1,0","29.85","1,,,0","12.21",",,,0"
"USC00392927","1967-08","45.03239","-99.12253","481.0","FAULKTON, SD US","","","90.3",",0","4",",0","2",",0","0",",0","0",",0","0",",0","0",",0","0",",0","0",",0","31",",0","11",",0","","","19670831",",,0","19670831","+,,0","19670831","+,,0","","","19670818",",,0","19670824",",,0","2.2",",0,31,","0",",,0,31,+","0",",,0,31,+","20.8",",,0,18,","36.7",",0,24,","36.0","","15.9",",0","27.2",",,,0","0",",,,0","20.74",",0","30.05",",,,0","11.42",",,,0"
"USC00392927","1967-09","45.03239","-99.12253","481.0","FAULKTON, SD US","","","","","6",",0","4",",0","1",",0","0",",0","0",",0","0","2,0","1","2,0","0","2,0","22","2,0","1","2,0","","","19670927",",2,0","19670930","+,,0","19670930","+,,0","","","19670917",",,0","19670925",",2,0","-3.3","2,0,27,","0",",,0,30,+","0",",,0,30,+","26.7",",,0,17,","32.2","2,0,25,","","","","","57.4",",,,0","0",",,,0","16.66","4,0","24.85","2,,,0","8.47","2,,,0"
"USC00392927","1967-10","45.03239","-99.12253","481.0","FAULKTON, SD US","","","5.0","1,0","5",",0","2",",0","0",",0","0",",0","0",",0","0","1,0","10","1,0","0","1,0","6","1,0","0","1,0","","","19671028",",1,0","19671031","+,,0","19671031","+,,0","","","19671008",",,0","19671003",",1,0","-8.9","1,0,28,","0",",,0,31,+","0",",,0,31,+","10.9",",,0,08,","29.4","1,0,03,","","","285.2","1,0","23.2",",,,0","0",",,,0","8.99","1,0","16.00","1,,,0","1.99","1,,,0"
"USC00392927","1967-11","45.03239","-99.12253","481.0","FAULKTON, SD US","","","0.0","2,0","1",",0","1",",0","0",",0","1",",0","0",",0","1","1,0","27","1,0","6","1,0","0","1,0","0","1,0","","","19671128",",1,0","19671113",",,0","19671113",",,0","","","19671113",",,0","19671110","+,1,0","-20.0","1,0,28,","25",",,0,13,","13",",,0,13,","2.5",",,0,13,","18.3","1,0,10,+","","","510.3","1,0","2.5",",,,0","13",",,,0","0.40","2,0","6.76","1,,,0","-5.96","1,,,0"
"USC00392927","1968-01","45.03239","-99.12253","481.0","FAULKTON, SD US","0.0","0","0.0","2,0","2",",0","0",",0","0",",0","22",",0","0",",0","16","1,0","29","1,0","18","1,0","0","1,0","0","1,0","","","19680104",",1,0","19680117","+,,0","19680127",",,0","","","19680127",",,0","19680124",",1,0","-34.4","1,0,04,","51",",,0,17,+","13",",,0,27,","2.0",",,0,27,","10.0","1,0,24,","","","826.8","1,0","2.8",",,,0","13",",,,0","-10.07","2,0","-3.76","1,,,0","-16.37","1,,,0"
"USC00392927","1968-02","45.03239","-99.12253","481.0","FAULKTON, SD US","0.0","0","0.0",",0","0",",0","0",",0","0",",0","0",",0","0",",0","9",",0","29",",0","12",",0","0",",0","0",",0","","","19680221",",,0","19680229","+,,0","19680229","+,,0","","","19680229","+,,0","19680229","+,,0","-26.1",",0,21,","0",",T,0,29,+","0",",T,0,29,+","0.0",",T,0,29,+","8.3",",0,29,+","","","742.8",",0","0.0",",T,,0","0",",T,,0","-7.28",",0","-0.96",",,,0","-13.60",",,,0"
"USC00392927","1968-03","45.03239","-99.12253","481.0","FAULKTON, SD US","0.0","0","0.0",",0","1",",0","1",",0","0",",0","4",",0","1",",0","1",",0","24",",0","3",",0","6",",0","0",",0","","","19680312",",,0","19680320","+,,0","19680319",",,0","","","19680319",",,0","19680328","+,,0","-18.3",",0,12,","76",",,0,20,+","76",",,0,19,","14.5",",,0,19,","23.3",",0,28,+","","","453.9",",0","14.5",",,,0","76",",,,0","3.69",",0","12.30",",,,0","-4.91",",,,0"
"USC00392927","1968-04","45.03239","-99.12253","481.0","FAULKTON, SD US","3.1","0","3.1","1,0","7",",0","7",",0","3",",0","4","1,0","2",",0","0","1,0","16","1,0","0","1,0","6","1,0","0","1,0","","","19680404",",1,0","19680404","+,1,0","19680403",",,0","","","19680403",",,0","19680430",",1,0","-11.1","1,0,04,","254","1,,0,04,+","254",",,0,03,","35.8",",,0,03,","31.7","1,0,30,","","","314.4","1,0","149.0",",,,0","279",",,,0","7.60","1,0","15.20","1,,,0","-0.01","1,,,0"
"USC00392927","1968-05","45.03239","-99.12253","481.0","FAULKTON, SD US","3.1","0","0.0","5,0","6",",0","5",",0","0",",0","0",",0","0",",0","0","3,0","8","3,0","0","3,0","10","3,0","0","3,0","","","19680505",",3,0","19680531","+,,0","19680531","+,,0","","","19680508",",,0","19680501",",3,0","-5.0","3,0,05,","0",",,0,31,+","0",",,0,31,+","17.0",",,0,08,","27.2","3,0,01,","","","200.1","3,0","47.3",",,,0","0",",,,0","10.94","5,0","18.24","3,,,0","3.64","3,,,0"
"USC00392927","1968-06","45.03239","-99.12253","481.0","FAULKTON, SD US","","","","","14",",0","10",",0","1",",0","0",",0","0",",0","","","","","","","","","","","","","","","19680630","+,,0","19680630","+,,0","","","19680624",",,0","","","","","0",",,0,30,+","0",",,0,30,+","29.7",",,0,24,","","","","","","","128.9",",,,0","0",",,,0","","","","","",""
"USC00392927","1968-07","45.03239","-99.12253","481.0","FAULKTON, SD US","","","108.5","1,0","10",",0","8",",0","0",",0","0",",0","0",",0","0",",0","0",",0","0","1,0","29","1,0","8","1,0","","","19680702",",,0","19680731","+,,0","19680731","+,,0","","","19680727",",,0","19680720",",1,0","8.3",",0,02,","0",",,0,31,+","0",",,0,31,+","20.3",",,0,27,","37.2","1,0,20,","11.1","0","11.1","1,0","77.8",",,,0","0",",,,0","21.50","1,0","29.02","1,,,0","13.97",",,,0"
"USC00392927","1968-08","45.03239","-99.12253","481.0","FAULKTON, SD US","","","98.5","2,0","7",",0","5",",0","1",",0","0",",0","0",",0","0","1,0","0","1,0","0","2,0","28","2,0","10","2,0","","","19680814",",1,0","19680831","+,,0","19680831","+,,0","","","19680830",",,0","19680821","+,2,0","3.3","1,0,14,","0",",,0,31,+","0",",,0,31,+","26.4",",,0,30,","36.1","2,0,21,+","33.9","0","22.8","2,0","61.3",",,,0","0",",,,0","20.90","2,0","29.03","2,,,0","12.77","1,,,0"
"USC00392927","1968-09","45.03239","-99.12253","481.0","FAULKTON, SD US","","","20.3","1,0","4",",0","3",",0","0",",0","0",",0","0",",0","0","1,0","0","1,0","0","1,0","23","1,0","1","1,0","","","19680927",",1,0","19680930","+,,0","19680930","+,,0","","","19680917",",,0","19680914",",1,0","1.1","1,0,27,","0",",,0,30,+","0",",,0,30,+","20.1",",,0,17,","32.2","1,0,14,","122.2","0","88.3","1,0","41.2",",,,0","0",",,,0","15.99","1,0","24.18","1,,,0","7.80","1,,,0"
"USC00392927","1968-10","45.03239","-99.12253","481.0","FAULKTON, SD US","","","1.4",",0","3",",0","1",",0","0",",0","0",",0","0",",0","0",",0","15",",0","0",",0","10",",0","0",",0","","","19681004",",,0","19681031","+,,0","19681031","+,,0","","","19681017",",,0","19681013",",,0","-7.2",",0,04,","0",",,0,31,+","0",",,0,31,+","18.3",",,0,17,","29.4",",0,13,","396.2","0","274.0",",0","19.6",",,,0","0",",,,0","9.54",",0","18.01",",,,0","1.07",",,,0"
"USC00392927","1968-11","45.03239","-99.12253","481.0","FAULKTON, SD US","","","","","5",",0","3",",0","0",",0","6",",0","2",",0","","","","","","","","","","","","","","","19681116","+,,0","19681116","+,,0","","","19681116",",,0","","","","","51",",,0,16,+","51",",,0,16,+","18.3",",,0,16,","","","","","","","28.0",",,,0","102",",,,0","","","","","",""
"USC00392927","1968-12","45.03239","-99.12253","481.0","FAULKTON, SD US","","","0.0","3,0","5",",0","4",",0","0",",0","18","1,0","5",",0","8","3,0","28","3,0","24","3,0","0","3,0","0","3,0","","","19681231",",3,0","19681230","+,1,0","19681222","+,,0","","","19681222",",,0","19681204",",3,0","-30.0","3,0,31,","254","1,,0,30,+","76",",,0,22,+","5.3",",,0,22,","6.7","3,0,04,","","","831.0","3,0","18.5",",,,0","279",",,,0","-11.35","3,0","-6.92","3,,,0","-15.78","3,,,0"
"USC00392927","1969-01","45.03239","-99.12253","481.0","FAULKTON, SD US","0.0","0","0.0","1,0","6",",0","3",",0","0",",0","29","2,0","4","1,0","21","1,0","30","1,0","27","1,0","0","1,0","0","1,0","","","19690103",",1,0","19690131","+,2,0","19690117",",1,0","","","19690115",",,0","19690105",",1,0","-30.0","1,0,03,","406","2,,0,31,+","102","1,,0,17,","8.1",",,0,15,","5.0","1,0,05,","","","1017.3","1,0","20.7",",,,0","216","1,,,0","-15.58","1,0","-10.54","1,,,0","-20.61","1,,,0"
"USC00392927","1969-02","45.03239","-99.12253","481.0","FAULKTON, SD US","0.0","0","0.0",",0","7",",0","3",",0","0",",0","28",",0","6",",0","8",",0","28",",0","21",",0","0",",0","0",",0","","","19690201",",,0","19690228",",,0","19690220",",,0","","","19690227",",,0","19690227","+,,0","-26.7",",0,01,","533",",,0,28,","203",",,0,20,","16.5",",,0,27,","1.7",",0,27,+","","","714.5",",0","40.7",",,,0","507",",,,0","-7.18",",0","-3.06",",,,0","-11.31",",,,0"
"USC00392927","1969-03","45.03239","-99.12253","481.0","FAULKTON, SD US","0.0","0","0.0",",0","5",",0","1",",0","0",",0","","","1",",0","11",",0","31",",0","17",",0","0",",0","0",",0","","","19690305",",,0","","","19690319",",,0","","","19690319",",,0","19690318",",,0","-22.8",",0,05,","","","152",",,0,19,","16.8",",,0,19,","7.2",",0,18,","","","791.7",",0","19.6",",,,0","165",",,,0","-7.20",",0","-1.24",",,,0","-13.17",",,,0"
"USC00392927","1969-04","45.03239","-99.12253","481.0","FAULKTON, SD US","0.0","0","0.0","2,0","1",",0","1",",0","0",",0","1","4,0","0",",0","0","2,0","13","2,0","0","2,0","7","2,0","0","2,0","","","19690428",",2,0","19690401",",4,0","19690430","+,,0","","","19690409",",,0","19690413","+,2,0","-5.0","2,0,28,","76","4,,0,01,","0",",,0,30,+","11.9",",,0,09,","24.4","2,0,13,+","","","273.0","2,0","11.9",",,,0","0",",,,0","8.58","2,0","16.13","2,,,0","1.04","2,,,0"
"USC00392927","1969-05","45.03239","-99.12253","481.0","FAULKTON, SD US","41.1","0","41.1",",0","9",",0","5",",0","1",",0","0",",0","0",",0","0",",0","2",",0","0",",0","22",",0","5",",0","","","19690512",",,0","19690531","+,,0","19690531","+,,0","","","19690516",",,0","19690527",",,0","-2.8",",0,12,","0",",,0,31,+","0",",,0,31,+","26.7",",,0,16,","40.6",",0,27,","","","136.3",",0","58.4",",,,0","0",",,,0","15.26",",0","23.69",",,,0","6.83",",,,0"
"USC00392927","1969-06","45.03239","-99.12253","481.0","FAULKTON, SD US","55.5","0","14.4","2,0","7",",0","4",",0","1",",0","0",",0","0",",0","0","2,0","1","2,0","0","2,0","22","2,0","1","2,0","","","19690620",",2,0","19690630","+,,0","19690630","+,,0","","","19690625",",,0","19690605",",2,0","0.0","2,0,20,","0",",,0,30,+","0",",,0,30,+","99.1",",,0,25,","33.3","2,0,05,","","","78.9","2,0","118.1",",,,0","0",",,,0","16.03","2,0","23.36","2,,,0","8.69","2,,,0"
"USC00392927","1969-07","45.03239","-99.12253","481.0","FAULKTON, SD US","164.8","0","109.3",",0","11",",0","4",",0","1",",0","0",",0","0",",0","0",",0","0",",0","0",",0","31",",0","4",",0","","","19690701",",,0","19690731","+,,0","19690731","+,,0","","","19690703",",,0","19690712",",,0","9.4",",0,01,","0",",,0,31,+","0",",,0,31,+","28.7",",,0,03,","34.4",",0,12,","1.1","0","1.1",",0","71.7",",,,0","0",",,,0","21.82",",0","28.52",",,,0","15.13",",,,0"
"USC00392927","1969-08","45.03239","-99.12253","481.0","FAULKTON, SD US","328.3","0","163.5",",0","5",",0","4",",0","1",",0","0",",0","0",",0","0",",0","0",",0","0",",0","31",",0","17",",0","","","19690814",",,0","19690831","+,,0","19690831","+,,0","","","19690804",",,0","19690812",",,0","7.8",",0,14,","0",",,0,31,+","0",",,0,31,+","27.2",",,0,04,","37.8",",0,12,","2.2","0","1.1",",0","59.9",",,,0","0",",,,0","23.57",",0","32.15",",,,0","14.99",",,,0"
"USC00392927","1969-09","45.03239","-99.12253","481.0","FAULKTON, SD US","368.0","0","39.7","5,0","2",",0","2",",0","1",",0","0",",0","0",",0","0","3,0","0","3,0","0","3,0","26","3,0","4","3,0","","","19690916",",3,0","19690930","+,,0","19690930","+,,0","","","19690917",",,0","19690914",",3,0","0.6","3,0,16,","0",",,0,30,+","0",",,0,30,+","26.9",",,0,17,","35.0","3,0,14,","52.2","0","50.0","3,0","30.2",",,,0","0",",,,0","17.69","5,0","26.83","3,,,0","8.54","3,,,0"
"USC00392927","1969-10","45.03239","-99.12253","481.0","FAULKTON, SD US","","","","","5",",0","3",",0","0",",0","0",",0","0",",0","0","5,0","15","5,0","0","5,0","4","5,0","0","5,0","","","19691028",",5,0","19691015","+,,0","19691015","+,,0","","","19691004",",,0","19691002",",5,0","-11.7","5,0,28,","0",",T,0,15,+","0",",T,0,15,+","12.4",",,0,04,","23.9","5,0,02,","","","","","25.7",",,,0","0",",T,,0","6.51","7,0","13.48","5,,,0","-0.47","5,,,0"
"USC00392927","1969-11","45.03239","-99.12253","481.0","FAULKTON, SD US","","","0.0","1,0","3",",0","0",",0","0",",0","4",",0","1",",0","0",",0","28",",0","4","1,0","0","1,0","0","1,0","","","19691118",",,0","19691120","+,,0","19691117",",,0","","","19691101",",,0","19691106",",1,0","-15.6",",0,18,","25",",,0,20,+","25",",,0,17,","2.3",",,0,01,","17.8","1,0,06,","","","496.4","1,0","4.6",",,,0","25",",,,0","1.23","1,0","7.60","1,,,0","-5.14",",,,0"
"USC00392927","1969-12","45.03239","-99.12253","481.0","FAULKTON, SD US","","","0.0",",0","5",",0","3",",0","0",",0","18",",0","3",",0","4",",0","31",",0","18",",0","0",",0","0",",0","","","19691230",",,0","19691231","+,,0","19691227",",,0","","","19691227",",,0","19691201",",,0","-27.8",",0,30,","229",",,0,31,+","102",",,0,27,","6.6",",,0,27,","16.1",",0,01,","","","761.7",",0","16.0",",,,0","229",",,,0","-6.24",",0","-1.05",",,,0","-11.42",",,,0"
"USC00392927","1970-01","45.03239","-99.12253","481.0","FAULKTON, SD US","","","","","5",",0","0",",0","0",",0","31",",0","2",",0","","","","","","","","","","","","","","","19700104","+,,0","19700128","+,,0","","","19700122",",,0","","","","","229",",,0,04,+","25",",,0,28,+","2.0",",,0,22,","","","","","","","6.1",",,,0","63",",,,0","","","","","",""
"USC00392927","1970-02","45.03239","-99.12253","481.0","FAULKTON, SD US","","","0.0",",0","1",",0","1",",0","0",",0","17",",0","1",",0","9",",0","27",",0","10",",0","0",",0","0",",0","","","19700203",",,0","19700228","+,,0","19700228",",,0","","","19700228",",,0","19700223",",,0","-30.6",",0,03,","102",",,0,28,+","102",",,0,28,","5.3",",,0,28,","11.1",",0,23,","","","680.8",",0","5.3",",,,0","102",",,,0","-5.98",",0","0.78",",,,0","-12.74",",,,0"
"USC00392927","1970-03","45.03239","-99.12253","481.0","FAULKTON, SD US","","","0.0",",0","5",",0","1",",0","0",",0","22",",0","2",",0","1",",0","31",",0","8",",0","0",",0","0",",0","","","19700315",",,0","19700302","+,,0","19700325",",,0","","","19700325",",,0","19700321",",,0","-17.8",",0,15,","102",",,0,02,+","51",",,0,25,","2.8",",,0,25,","11.1",",0,21,","","","687.4",",0","8.6",",,,0","76",",,,0","-3.84",",0","2.44",",,,0","-10.12",",,,0"
"USC00392927","1970-04","45.03239","-99.12253","481.0","FAULKTON, SD US","","","0.0",",0","4",",0","4",",0","1",",0","7",",0","2",",0","0",",0","20",",0","0",",0","5",",0","0",",0","","","19700401",",,0","19700412",",,0","19700412",",,0","","","19700412",",,0","19700407",",,0","-12.8",",0,01,","279",",,0,12,","279",",,0,12,","33.5",",,0,12,","28.9",",0,07,","","","378.5",",0","72.4",",,,0","406",",,,0","5.72",",0","12.14",",,,0","-0.70",",,,0"
"USC00392927","1970-05","45.03239","-99.12253","481.0","FAULKTON, SD US","","","10.9",",0","9",",0","8",",0","0",",0","0",",0","0",",0","0",",0","3",",0","0",",0","19",",0","1",",0","","","19700502",",,0","19700531","+,,0","19700531","+,,0","","","19700514",",,0","19700517",",,0","-3.9",",0,02,","0",",,0,31,+","0",",,0,31,+","19.3",",,0,14,","33.3",",0,17,","","","127.8",",0","74.9",",,,0","0",",,,0","14.56",",0","22.67",",,,0","6.45",",,,0"
"USC00392927","1970-06","45.03239","-99.12253","481.0","FAULKTON, SD US","","","95.3","1,0","7",",0","4",",0","1",",0","0",",0","0",",0","0","1,0","0","1,0","0","1,0","29","1,0","8","1,0","","","19700603","+,1,0","19700630","+,,0","19700630","+,,0","","","19700612",",,0","19700628",",1,0","4.4","1,0,03,+","0",",,0,30,+","0",",,0,30,+","39.6",",,0,12,","36.1","1,0,28,","","","12.5","1,0","89.2",",,,0","0",",,,0","21.19","1,0","29.00","1,,,0","13.38","1,,,0"
"USC00392927","1970-07","45.03239","-99.12253","481.0","FAULKTON, SD US","","","161.1","1,0","3",",0","2",",0","0",",0","0",",0","0",",0","0","1,0","0","1,0","0","1,0","30","1,0","17","1,0","","","19700720","+,1,0","19700731","+,,0","19700731","+,,0","","","19700723",",,0","19700718",",1,0","7.2","1,0,20,+","0",",,0,31,+","0",",,0,31,+","9.1",",,0,23,","38.3","1,0,18,","1.7","0","1.7","1,0","13.1",",,,0","0",",,,0","23.65","1,0","32.65","1,,,0","14.65","1,,,0"
"USC00392927","1970-08","45.03239","-99.12253","481.0","FAULKTON, SD US","","","135.4","4,0","8",",0","2",",0","0",",0","0",",0","0",",0","0","2,0","0","2,0","0","2,0","29","2,0","15","2,0","","","19700820","+,2,0","19700831","+,,0","19700831","+,,0","","","19700807",",,0","19700826",",2,0","5.6","2,0,20,+","0",",,0,31,+","0",",,0,31,+","7.6",",,0,07,","38.9","2,0,26,","1.9","0","0.2","2,0","18.5",",,,0","0",",,,0","23.22","4,0","32.44","2,,,0","13.99","2,,,0"
"USC00392927","1970-09","45.03239","-99.12253","481.0","FAULKTON, SD US","","","66.9","3,0","6",",0","3",",0","0",",0","0",",0","0",",0","0","2,0","2","2,0","0","2,0","19","2,0","10","2,0","","","19700926","+,2,0","19700930","+,,0","19700930","+,,0","","","19700914",",,0","19700906",",2,0","-0.6","2,0,26,+","0",",,0,30,+","0",",,0,30,+","11.9",",,0,14,","39.4","2,0,06,","112.2","0","110.3","2,0","22.5",",,,0","0",",,,0","16.88","3,0","26.13","2,,,0","7.63","2,,,0"
"USC00392927","1970-10","45.03239","-99.12253","481.0","FAULKTON, SD US","","","3.9","2,0","7",",0","4",",0","0",",0","1",",0","1",",0","0","1,0","16","1,0","0","1,0","8","1,0","1","1,0","","","19701016","+,1,0","19701007",",,0","19701007",",,0","","","19701007",",,0","19701005",",1,0","-6.1","1,0,16,+","76",",,0,07,","127",",,0,07,","8.6",",,0,07,","32.2","1,0,05,","407.6","0","295.4","1,0","27.0",",,,0","127",",,,0","8.61","2,0","16.15","1,,,0","1.06","1,,,0"
"USC00392927","1970-11","45.03239","-99.12253","481.0","FAULKTON, SD US","","","0.0",",0","9",",0","4",",0","0",",0","7",",0","3",",0","1",",0","29",",0","8",",0","0",",0","0",",0","","","19701127",",,0","19701127",",,0","19701126",",,0","","","19701108",",,0","19701105",",,0","-22.8",",0,27,","102",",,0,27,","76",",,0,26,","11.7",",,0,08,","15.6",",0,05,","998.5","0","590.9",",0","34.9",",,,0","126",",,,0","-1.36",",0","3.31",",,,0","-6.04",",,,0"
"USC00392927","1970-12","45.03239","-99.12253","481.0","FAULKTON, SD US","","","0.0","3,0","2",",0","1",",0","0",",0","22",",0","2",",0","12","1,0","30","1,0","20","2,0","0","2,0","0","2,0","","","19701220",",1,0","19701212",",,0","19701210",",,0","","","19701210",",,0","19701207",",2,0","-28.9","1,0,20,","127",",,0,12,","102",",,0,10,","8.4",",,0,10,","11.1","2,0,07,","1778.9","0","780.4","2,0","9.9",",,,0","127",",,,0","-9.62","3,0","-3.26","2,,,0","-15.99","1,,,0"
"USC00392927","1971-01","45.03239","-99.12253","481.0","FAULKTON, SD US","0.0","0","0.0","2,0","4",",0","1",",0","0",",0","31",",0","1",",0","18","2,0","29","2,0","25","2,0","0","2,0","0","2,0","","","19710115",",2,0","19710119","+,,0","19710112",",,0","","","19710112",",,0","19710129",",2,0","-31.7","2,0,15,","76",",,0,19,+","25",",,0,12,","2.5",",,0,12,","3.9","2,0,29,","2720.7","0","941.8","2,0","4.1",",,,0","38",",,,0","-14.14","2,0","-8.82","2,,,0","-19.47","2,,,0"
"USC00392927","1971-02","45.03239","-99.12253","481.0","FAULKTON, SD US","0.0","0","0.0","2,0","4",",0","1",",0","0",",0","","","2",",0","10","1,0","27","1,0","16","1,0","0","1,0","0","1,0","","","19710208",",1,0","","","19710203",",,0","","","19710203",",,0","19710225",",1,0","-35.0","1,0,08,","","","102",",,0,03,","10.4",",,0,03,","6.7","1,0,25,","3425.0","0","704.3","1,0","13.5",",,,0","127",",,,0","-8.77","2,0","-2.95","1,,,0","-14.59","1,,,0"
"USC00392927","1971-03","45.03239","-99.12253","481.0","FAULKTON, SD US","0.0","0","0.0","2,0","1",",0","0",",0","0",",0","1",",0","0",",0","0","1,0","27","1,0","7","1,0","1","1,0","0","1,0","","","19710302",",1,0","19710315",",,0","19710315",",,0","","","19710315",",,0","19710330",",1,0","-16.7","1,0,02,","25",",,0,15,","13",",,0,15,","1.0",",,0,15,","23.9","1,0,30,","3969.3","0","544.3","1,0","1.0",",,,0","13",",,,0","-0.24","2,0","6.05","1,,,0","-6.52","1,,,0"
"USC00392927","1971-04","45.03239","-99.12253","481.0","FAULKTON, SD US","0.0","0","0.0",",0","6",",0","4",",0","1",",0","0","1,0","0","1,0","0",",0","13",",0","0",",0","11",",0","0",",0","","","19710405",",,0","19710430","+,1,0","19710430","+,1,0","","","19710427",",,0","19710415","+,,0","-11.1",",0,05,","0","1,,0,30,+","0","1,,0,30,+","38.1",",,0,27,","29.4",",0,15,+","4250.4","0","281.1",",0","63.7",",,,0","0","1,,,0","8.96",",0","16.87",",,,0","1.05",",,,0"
"USC00392927","1971-05","45.03239","-99.12253","481.0","FAULKTON, SD US","1.1","0","1.1",",0","9",",0","6",",0","0",",0","0",",0","0",",0","0",",0","6",",0","0",",0","16",",0","0",",0","","","19710512","+,,0","19710531","+,,0","19710531","+,,0","","","19710523",",,0","19710516",",,0","-3.3",",0,12,+","0",",,0,31,+","0",",,0,31,+","14.0",",,0,23,","28.3",",0,16,","4425.9","0","175.5",",0","60.6",",,,0","0",",,,0","12.71",",0","20.66",",,,0","4.75",",,,0"
"USC00392927","1971-06","45.03239","-99.12253","481.0","FAULKTON, SD US","97.3","0","96.2",",0","10",",0","8",",0","1",",0","0",",0","0",",0","0",",0","0",",0","0",",0","29",",0","4",",0","","","19710602",",,0","19710630","+,,0","19710630","+,,0","","","19710616",",,0","19710626",",,0","6.7",",0,02,","0",",,0,30,+","0",",,0,30,+","33.3",",,0,16,","36.7",",0,26,","4433.9","0","8.0",",0","91.7",",,,0","0",",,,0","21.27",",0","28.26",",,,0","14.28",",,,0"
"USC00392927","1971-07","45.03239","-99.12253","481.0","FAULKTON, SD US","185.7","0","88.4","2,0","6",",0","4",",0","0",",0","0",",0","0",",0","0","2,0","0","2,0","0","1,0","29","1,0","9","1,0","","","19710730",",2,0","19710731","+,,0","19710731","+,,0","","","19710722",",,0","19710721",",1,0","1.7","2,0,30,","0",",,0,31,+","0",",,0,31,+","8.6",",,0,22,","37.8","1,0,21,","19.4","0","19.4","1,0","24.1",",,,0","0",",,,0","20.82","2,0","29.51","1,,,0","12.13","2,,,0"
"USC00392927","1971-08","45.03239","-99.12253","481.0","FAULKTON, SD US","320.1","0","134.4","2,0","2",",0","2",",0","1",",0","0",",0","0",",0","0","2,0","0","2,0","0","2,0","28","2,0","15","2,0","","","19710803",",2,0","19710831","+,,0","19710831","+,,0","","","19710830",",,0","19710823",",2,0","2.2","2,0,03,","0",",,0,31,+","0",",,0,31,+","101.6",",,0,30,","41.1","2,0,23,","29.0","0","9.6","2,0","106.9",",,,0","0",",,,0","22.63","2,0","32.68","2,,,0","12.59","2,,,0"
"USC00392927","1971-09","45.03239","-99.12253","481.0","FAULKTON, SD US","355.7","0","35.6","3,0","4",",0","2",",0","0",",0","0",",0","0",",0","0","2,0","2","2,0","0","3,0","20","3,0","2","3,0","","","19710918",",2,0","19710930","+,,0","19710930","+,,0","","","19710904",",,0","19710902",",3,0","-2.2","2,0,18,","0",",,0,30,+","0",",,0,30,+","15.2",",,0,04,","37.2","3,0,02,","118.3","0","89.3","3,0","22.4",",,,0","0",",,,0","16.32","3,0","24.05","3,,,0","8.58","2,,,0"
"USC00392927","1971-10","45.03239","-99.12253","481.0","FAULKTON, SD US","355.7","0","0.0","2,0","7",",0","7",",0","1",",0","3",",0","2",",0","0","1,0","6","1,0","2","1,0","6","1,0","0","1,0","","","19711031",",1,0","19711029",",,0","19711029",",,0","","","19711030",",,0","19711010",",1,0","-7.2","1,0,31,","102",",,0,29,","102",",,0,29,","28.7",",,0,30,","26.1","1,0,10,","355.4","0","237.1","1,0","92.7",",,,0","178",",,,0","10.03","2,0","16.51","1,,,0","3.55","1,,,0"
"USC00392927","1971-11","45.03239","-99.12253","481.0","FAULKTON, SD US","355.7","0","0.0","3,0","8",",0","3",",0","0",",0","7",",0","2",",0","0","2,0","25","2,0","6","2,0","0","2,0","0","2,0","","","19711107",",2,0","19711130","+,,0","19711128",",,0","","","19711116",",,0","19711112",",2,0","-16.7","2,0,07,","178",",,0,30,+","76",",,0,28,","9.9",",,0,16,","19.4","2,0,12,","845.7","0","490.3","2,0","26.9",",,,0","166",",,,0","0.08","3,0","5.46","2,,,0","-5.30","2,,,0"
"USC00392927","1971-12","45.03239","-99.12253","481.0","FAULKTON, SD US","355.7","0","0.0","1,0","7",",0","1",",0","0",",0","31",",0","4",",0","11","1,0","30","1,0","29",",0","0",",0","0",",0","","","19711217",",1,0","19711217","+,,0","19711208",",,0","","","19711208",",,0","19711220",",,0","-26.7","1,0,17,","305",",,0,17,+","51",",,0,08,","4.3",",,0,08,","1.1",",0,20,","1708.1","0","862.4",",0","11.1",",,,0","152",",,,0","-10.36","1,0","-5.25",",,,0","-15.47","1,,,0"
"USC00392927","1972-01","45.03239","-99.12253","481.0","FAULKTON, SD US","0.0","0","0.0","1,0","4",",0","1",",0","0",",0","31",",0","2",",0","19",",0","31",",0","21","1,0","0","1,0","0","1,0","","","19720115",",,0","19720116","+,,0","19720111",",,0","","","19720111",",,0","19720109",",1,0","-38.3",",0,15,","254",",,0,16,+","152",",,0,11,","8.6",",,0,11,","5.0","1,0,09,","2635.9","0","927.8","1,0","11.4",",,,0","190",",,,0","-12.78","1,0","-6.08","1,,,0","-19.48",",,,0"
"USC00392927","1972-02","45.03239","-99.12253","481.0","FAULKTON, SD US","0.0","0","0.0",",0","5",",0","1",",0","0",",0","29",",0","3",",0","11",",0","29",",0","23",",0","0",",0","0",",0","","","19720209",",,0","19720210","+,,0","19720201",",,0","","","19720201",",,0","19720220",",,0","-28.9",",0,09,","330",",,0,10,+","64",",,0,01,","3.0",",,0,01,","5.0",",0,20,","3501.7","0","865.8",",0","6.8",",,,0","127",",,,0","-11.52",",0","-5.94",",,,0","-17.10",",,,0"
"USC00392927","1972-03","45.03239","-99.12253","481.0","FAULKTON, SD US","0.0","0","0.0","1,0","7",",0","3",",0","0",",0","12",",0","0",",0","5","1,0","26","1,0","6","1,0","0","1,0","0","1,0","","","19720302",",1,0","19720304","+,,0","19720324",",,0","","","19720317",",,0","19720319","+,1,0","-27.8","1,0,02,","152",",,0,04,+","0",",T,0,24,","10.9",",,0,17,","17.2","1,0,19,+","4096.1","0","594.4","1,0","20.7",",,,0","0",",T,,0","-1.48","1,0","3.78","1,,,0","-6.74","1,,,0"
"USC00392927","1972-04","45.03239","-99.12253","481.0","FAULKTON, SD US","0.0","0","0.0","1,0","10",",0","7",",0","0",",0","0",",0","0",",0","0","1,0","13","1,0","0","1,0","0","1,0","0","1,0","","","19720404",",1,0","19720404","+,,0","19720403",",,0","","","19720411",",,0","19720415",",1,0","-6.7","1,0,04,","0",",T,0,04,+","13",",,0,03,","8.6",",,0,11,","20.6","1,0,15,","4434.7","0","338.6","1,0","40.5",",,,0","13",",,,0","6.66","1,0","12.62","1,,,0","0.70","1,,,0"
"USC00392927","1972-05","45.03239","-99.12253","481.0","FAULKTON, SD US","36.4","0","36.4",",0","13",",0","9",",0","4",",0","0",",0","0",",0","0",",0","2",",0","0",",0","16",",0","1",",0","","","19720507",",,0","19720531","+,,0","19720531","+,,0","","","19720501",",,0","19720517",",,0","-3.3",",0,07,","0",",,0,31,+","0",",,0,31,+","66.8",",,0,01,","32.2",",0,17,","4564.1","0","129.4",",0","236.6",",,,0","0",",,,0","15.33",",0","21.68",",,,0","8.98",",,,0"
"USC00392927","1972-06","45.03239","-99.12253","481.0","FAULKTON, SD US","91.5","0","55.1","1,0","5",",0","4",",0","0",",0","0",",0","0",",0","0","1,0","0","1,0","0","1,0","28","1,0","3","1,0","","","19720621",",1,0","19720630","+,,0","19720630","+,,0","","","19720624",",,0","19720629",",1,0","3.9","1,0,21,","0",",,0,30,+","0",",,0,30,+","9.9",",,0,24,","33.3","1,0,29,","4593.8","0","29.7","1,0","24.9",",,,0","0",",,,0","19.21","1,0","26.43","1,,,0","11.98","1,,,0"
"USC00392927","1972-07","45.03239","-99.12253","481.0","FAULKTON, SD US","182.2","0","90.7",",0","11",",0","8",",0","2",",0","0",",0","0",",0","0",",0","0",",0","0",",0","30",",0","2",",0","","","19720704",",,0","19720731","+,,0","19720731","+,,0","","","19720721",",,0","19720713","+,,0","4.4",",0,04,","0",",,0,31,+","0",",,0,31,+","38.9",",,0,21,","32.8",",0,13,+","12.8","0","12.8",",0","124.1",",,,0","0",",,,0","20.85",",0","28.55",",,,0","13.15",",,,0"
"USC00392927","1972-08","45.03239","-99.12253","481.0","FAULKTON, SD US","312.9","0","130.7","1,0","4",",0","3",",0","0",",0","0",",0","0",",0","0","1,0","0","1,0","0","1,0","28","1,0","14","1,0","","","19720803",",1,0","19720831","+,,0","19720831","+,,0","","","19720818","+,,0","19720813",",1,0","5.6","1,0,03,","0",",,0,31,+","0",",,0,31,+","17.3",",,0,18,+","36.1","1,0,13,","30.1","0","17.3","1,0","40.2",",,,0","0",",,,0","22.11","1,0","29.66","1,,,0","14.57","1,,,0"
"USC00392927","1972-09","45.03239","-99.12253","481.0","FAULKTON, SD US","332.6","0","19.7",",0","1",",0","0",",0","0",",0","0",",0","0",",0","0",",0","1",",0","0",",0","26",",0","2",",0","","","19720926",",,0","19720930","+,,0","19720930","+,,0","","","19720913",",,0","19720919",",,0","0.0",",0,26,","0",",,0,30,+","0",",,0,30,+","1.3",",,0,13,","35.0",",0,19,","126.5","0","96.4",",0","1.3",",,,0","0",",,,0","15.77",",0","24.90",",,,0","6.64",",,,0"
"USC00392927","1972-10","45.03239","-99.12253","481.0","FAULKTON, SD US","332.6","0","0.0","1,0","5",",0","2",",0","0",",0","2",",0","1",",0","0","1,0","16","1,0","1","1,0","9","1,0","0","1,0","","","19721028",",1,0","19721031","+,,0","19721030",",,0","","","19721006",",,0","19721001",",1,0","-12.2","1,0,28,","25",",,0,31,+","25",",,0,30,","24.1",",,0,06,","27.8","1,0,01,","450.7","0","324.2","1,0","34.3",",,,0","25",",,,0","7.53","1,0","15.09","1,,,0","-0.04","1,,,0"
"USC00392927","1972-11","45.03239","-99.12253","481.0","FAULKTON, SD US","332.6","0","0.0",",0","4",",0","0",",0","0",",0","9",",0","1",",0","0",",0","30",",0","6",",0","0",",0","0",",0","","","19721129","+,,0","19721117",",,0","19721112",",,0","","","19721112",",,0","19721103",",,0","-14.4",",0,29,+","51",",,0,17,","25",",,0,12,","2.3",",,0,12,","10.6",",0,03,","1031.4","0","580.7",",0","6.1",",,,0","51",",,,0","-1.02",",0","3.17",",,,0","-5.22",",,,0"
"USC00392927","1972-12","45.03239","-99.12253","481.0","FAULKTON, SD US","332.6","0","0.0",",0","9",",0","4",",0","0",",0","23",",0","4",",0","15",",0","31",",0","20",",0","0",",0","0",",0","","","19721206",",,0","19721231",",,0","19721204",",,0","","","19721229",",,0","19721222",",,0","-32.2",",0,06,","178",",,0,31,","102",",,0,04,","8.9",",,0,29,","8.3",",0,22,","1945.9","0","914.5",",0","31.1",",,,0","318",",,,0","-11.17",",0","-6.08",",,,0","-16.26",",,,0"
"USC00392927","1973-01","45.03239","-99.12253","481.0","FAULKTON, SD US","0.0","0","0.0",",0","3",",0","1",",0","0",",0","22",",0","1",",0","9",",0","31",",0","16",",0","0",",0","0",",0","","","19730105",",,0","19730111","+,,0","19730121",",,0","","","19730121",",,0","19730117","+,,0","-32.8",",0,05,","178",",,0,11,+","127",",,0,21,","10.7",",,0,21,","9.4",",0,17,+","2755.3","0","809.4",",0","12.2",",,,0","153",",,,0","-7.78",",0","-2.62",",,,0","-12.94",",,,0"
"USC00392927","1973-02","45.03239","-99.12253","481.0","FAULKTON, SD US","0.0","0","0.0","1,0","1",",0","1",",0","0",",0","4",",0","1",",0","3","1,0","27","1,0","9","1,0","0","1,0","0","1,0","","","19730216",",1,0","19730216","+,,0","19730213",",,0","","","19730213",",,0","19730228",",1,0","-30.6","1,0,16,","25",",,0,16,+","25",",,0,13,","4.1",",,0,13,","11.1","1,0,28,","3373.7","0","618.4","1,0","4.1",",,,0","25",",,,0","-4.57","1,0","1.25","1,,,0","-10.40","1,,,0"
"USC00392927","1973-03","45.03239","-99.12253","481.0","FAULKTON, SD US","0.0","0","0.0",",0","7",",0","5",",0","1",",0","0",",0","0",",0","0",",0","21",",0","0",",0","0",",0","0",",0","","","19730317",",,0","19730331","+,,0","19730331","+,,0","","","19730314",",,0","19730326",",,0","-8.9",",0,17,","0",",,0,31,+","0",",,0,31,+","30.0",",,0,14,","15.0",",0,26,","3822.5","0","448.8",",0","62.4",",,,0","0",",,,0","3.86",",0","9.26",",,,0","-1.55",",,,0"
"USC00392927","1973-04","45.03239","-99.12253","481.0","FAULKTON, SD US","0.0","0","0.0",",0","6",",0","4",",0","0",",0","0",",","","","0",",0","17",",0","0",",0","4",",0","0",",0","","","19730410",",,0","19730430","+,,0","","","","","19730424",",,0","19730418",",,0","-10.6",",0,10,","0",",,0,30,+","","","5.8",",,0,24,","26.1",",0,18,","4158.5","0","336.0",",0","20.3",",,,0","","","7.13",",0","14.69",",,,0","-0.42",",,,0"
"USC00392927","1973-05","45.03239","-99.12253","481.0","FAULKTON, SD US","3.1","0","3.1",",0","7",",0","5",",0","0",",0","0",",0","0",",0","0",",0","6",",0","0",",0","19",",0","0",",0","","","19730514",",,0","19730531","+,,0","19730531","+,,0","","","19730526",",,0","19730531","+,,0","-4.4",",0,14,","0",",,0,31,+","0",",,0,31,+","20.8",",,0,26,","28.3",",0,31,+","4299.7","0","141.2",",0","57.3",",,,0","0",",,,0","13.88",",0","22.65",",,,0","5.11",",,,0"
"USC00392927","1973-06","45.03239","-99.12253","481.0","FAULKTON, SD US","57.5","0","54.4",",0","3",",0","2",",0","0",",0","0",",0","0",",0","0",",0","0",",0","0",",0","29",",0","4",",0","","","19730617","+,,0","19730630","+,,0","19730630","+,,0","","","19730617",",,0","19730609",",,0","6.1",",0,17,+","0",",,0,30,+","0",",,0,30,+","17.8",",,0,17,","35.0",",0,09,","4313.7","0","14.0",",0","28.8",",,,0","0",",,,0","19.68",",0","28.24",",,,0","11.13",",,,0"
"USC00392927","1973-07","45.03239","-99.12253","481.0","FAULKTON, SD US","201.8","0","144.3","1,0","4",",0","3",",0","0",",0","0",",0","0",",0","0","1,0","0","1,0","0","1,0","30","1,0","14","1,0","","","19730721",",1,0","19730731","+,,0","19730731","+,,0","","","19730723",",,0","19730711",",1,0","6.7","1,0,21,","0",",,0,31,+","0",",,0,31,+","11.9",",,0,23,","42.8","1,0,11,","2.5","0","2.5","1,0","22.1",",,,0","0",",,,0","23.06","1,0","32.29","1,,,0","13.83","1,,,0"
"USC00392927","1973-08","45.03239","-99.12253","481.0","FAULKTON, SD US","398.5","0","196.7",",0","6",",0","5",",0","1",",0","0",",0","0",",0","0",",0","0",",0","0",",0","31",",0","18",",0","","","19730810",",,0","19730831","+,,0","19730831","+,,0","","","19730815",",,0","19730827",",,0","10.0",",0,10,","0",",,0,31,+","0",",,0,31,+","25.7",",,0,15,","41.1",",0,27,","2.5","0","0.0",",0","73.7",",,,0","0",",,,0","24.68",",0","33.25",",,,0","16.10",",,,0"
"USC00392927","1973-09","45.03239","-99.12253","481.0","FAULKTON, SD US","414.0","0","15.5","3,0","4","3,0","4","3,0","0","3,0","0",",0","0",",0","0","2,0","2","2,0","0","1,0","18","1,0","1","1,0","","","19730916",",2,0","19730930","+,,0","19730930","+,,0","","","19730921",",3,0","19730901",",1,0","-2.2","2,0,16,","0",",,0,30,+","0",",,0,30,+","21.1","3,,0,21,","33.3","1,0,01,","121.7","0","119.2","1,0","72.7",",a,,0","0",",,,0","14.64","3,0","21.91","1,,,0","7.38","2,,,0"
"USC00392927","1973-10","45.03239","-99.12253","481.0","FAULKTON, SD US","414.0","0","0.0","1,0","5",",0","2",",0","0",",0","0",",0","0",",0","0","1,0","8","1,0","0","1,0","14","1,0","0","1,0","","","19731029","+,1,0","19731031","+,,0","19731031","+,,0","","","19731011",",,0","19731023",",1,0","-2.2","1,0,29,+","0",",,0,31,+","0",",,0,31,+","22.1",",,0,11,","26.7","1,0,23,","317.7","0","196.0","1,0","47.6",",,,0","0",",,,0","11.80","1,0","18.86","1,,,0","4.74","1,,,0"
"USC00392927","1973-12","45.03239","-99.12253","481.0","FAULKTON, SD US","","","0.0","1,0","2",",0","1",",0","0",",0","18",",0","2",",0","9","1,0","30","1,0","22",",0","0",",0","0",",0","","","19731230",",1,0","19731221","+,,0","19731214",",,0","","","19731214",",,0","19731208","+,,0","-28.9","1,0,30,","127",",,0,21,+","102",",,0,14,","5.6",",,0,14,","10.6",",0,08,+","","","821.4",",0","6.9",",,,0","127",",,,0","-9.03","1,0","-3.80",",,,0","-14.26","1,,,0"
"USC00392927","1974-01","45.03239","-99.12253","481.0","FAULKTON, SD US","0.0","0","0.0","1,0","0",",0","0",",0","0",",0","15",",0","0",",0","14","1,0","30","1,0","14","1,0","0","1,0","0","1,0","","","19740112",",1,0","19740104","+,,0","19740111",",,0","","","19740126","+,,0","19740129","+,1,0","-31.7","1,0,12,","76",",,0,04,+","0",",T,0,11,","0.0",",T,0,26,+","10.0","1,0,29,+","","","829.8","1,0","0.0",",T,,0","0",",T,,0","-9.33","1,0","-2.74","1,,,0","-15.92","1,,,0"
"USC00392927","1974-02","45.03239","-99.12253","481.0","FAULKTON, SD US","0.0","0","0.0",",0","3",",0","0",",0","0",",0","","","1",",0","5",",0","28",",0","11",",0","0",",0","0",",0","","","19740204",",,0","","","19740202",",,0","","","19740202",",,0","19740226",",,0","-23.3",",0,04,","","","25",",,0,02,","2.0",",,0,02,","16.1",",0,26,","","","645.5",",0","3.5",",,,0","40",",,,0","-4.72",",0","2.08",",,,0","-11.52",",,,0"
"USC00392927","1974-03","45.03239","-99.12253","481.0","FAULKTON, SD US","0.0","0","0.0","1,0","7",",0","2",",0","0",",0","5",",0","0",",0","2","1,0","28","1,0","4","1,0","2","1,0","0","1,0","","","19740324",",1,0","19740324","+,,0","19740321","+,,0","","","19740329","+,,0","19740302",",1,0","-21.7","1,0,24,","25",",,0,24,+","13",",,0,21,+","4.3",",,0,29,+","25.6","1,0,02,","","","515.4","1,0","13.4",",,,0","26",",,,0","1.15","1,0","8.34","1,,,0","-6.03","1,,,0"
"USC00392927","1974-04","45.03239","-99.12253","481.0","FAULKTON, SD US","0.0","0","0.0",",0","6",",0","5",",0","0",",0","0",",0","0",",0","0",",0","15",",0","0",",0","7",",0","0",",0","","","19740405",",,0","19740430","+,,0","19740430","+,,0","","","19740412",",,0","19740419",",,0","-8.9",",0,05,","0",",,0,30,+","0",",,0,30,+","14.7",",,0,12,","27.2",",0,19,","","","293.4",",0","56.3",",,,0","0",",,,0","8.55",",0","16.36",",,,0","0.74",",,,0"
"USC00392927","1974-05","45.03239","-99.12253","481.0","FAULKTON, SD US","8.7","0","8.7","2,0","13",",0","9",",0","1",",0","0",",0","0",",0","0","1,0","4","1,0","0","1,0","11","1,0","0","1,0","","","19740503",",1,0","19740531","+,,0","19740531","+,,0","","","19740520",",,0","19740501",",1,0","-2.2","1,0,03,","0",",,0,31,+","0",",,0,31,+","49.5",",,0,20,","29.4","1,0,01,","","","158.5","1,0","126.4",",,,0","0",",,,0","13.06","2,0","19.96","1,,,0","6.16","1,,,0"
"USC00392927","1974-06","45.03239","-99.12253","481.0","FAULKTON, SD US","72.4","0","63.7",",0","4",",0","3",",0","0",",0","0",",0","0",",0","0",",0","0",",0","0",",0","27",",0","6",",0","","","19740616",",,0","19740630","+,,0","19740630","+,,0","","","19740605",",,0","19740620",",,0","1.7",",0,16,","0",",,0,30,+","0",",,0,30,+","12.2",",,0,05,","37.8",",0,20,","","","43.0",",0","31.0",",,,0","0",",,,0","19.03",",0","27.69",",,,0","10.36",",,,0"
"USC00392927","1974-07","45.03239","-99.12253","481.0","FAULKTON, SD US","298.3","0","225.9","1,0","8",",0","5",",0","0",",0","0",",0","0",",0","0","1,0","0","1,0","0",",0","31",",0","25",",0","","","19740730",",1,0","19740731","+,,0","19740731","+,,0","","","19740722",",,0","19740706",",,0","6.1","1,0,30,","0",",,0,31,+","0",",,0,31,+","7.4",",,0,22,","41.1",",0,06,","0.8","0","0.8",",0","34.9",",,,0","0",",,,0","25.83","1,0","35.16",",,,0","16.51","1,,,0"
"USC00392927","1974-08","45.03239","-99.12253","481.0","FAULKTON, SD US","388.3","0","90.0","1,0","10",",0","4",",0","0",",0","0",",0","0",",0","0","1,0","0","1,0","0","1,0","29","1,0","9","1,0","","","19740831","+,1,0","19740831","+,,0","19740831","+,,0","","","19740823",",,0","19740819",",1,0","4.4","1,0,31,+","0",",,0,31,+","0",",,0,31,+","6.9",",,0,23,","38.3","1,0,19,","22.2","0","21.4","1,0","22.2",",,,0","0",",,,0","20.62","1,0","29.69","1,,,0","11.55","1,,,0"
"USC00392927","1974-09","45.03239","-99.12253","481.0","FAULKTON, SD US","407.2","0","18.9",",0","0",",0","0",",0","0",",0","0",",0","0",",0","0",",0","4",",0","0",",0","21",",0","6",",0","","","19740930",",,0","19740930","+,,0","19740930","+,,0","","","19740919","+,,0","19740926",",,0","-8.9",",0,30,","0",",,0,30,+","0",",,0,30,+","0.0",",T,0,19,+","36.1",",0,26,","135.9","0","113.7",",0","0.0",",T,,0","0",",,,0","15.17",",0","25.10",",,,0","5.24",",,,0"
"USC00392927","1974-10","45.03239","-99.12253","481.0","FAULKTON, SD US","407.2","0","0.0",",0","4",",0","3",",0","0",",0","0",",0","0",",0","0",",0","10",",0","0",",0","16",",0","0",",0","","","19741002",",,0","19741031","+,,0","19741031","+,,0","","","19741005",",,0","19741010",",,0","-10.0",",0,02,","0",",,0,31,+","0",",,0,31,+","5.3",",,0,05,","28.9",",0,10,","363.1","0","227.2",",0","12.5",",,,0","0",",,,0","11.00",",0","20.25",",,,0","1.76",",,,0"
"USC00392927","1974-11","45.03239","-99.12253","481.0","FAULKTON, SD US","407.2","0","0.0","1,0","2",",0","1",",0","0",",0","0","1,0","0","1,0","0","1,0","28","1,0","5","1,0","0","1,0","0","1,0","","","19741125",",1,0","19741130","+,1,0","19741130","+,1,0","","","19741113",",,0","19741107",",1,0","-15.6","1,0,25,","0","1,,0,30,+","0","1,,0,30,+","3.8",",,0,13,","17.8","1,0,07,","886.3","0","523.2","1,0","4.3",",,,0","0","1,,,0","0.29","1,0","7.33","1,,,0","-6.75","1,,,0"
"USC00392927","1974-12","45.03239","-99.12253","481.0","FAULKTON, SD US","407.2","0","0.0","1,0","0",",0","0",",0","0",",0","0",",0","0",",0","4","1,0","30","1,0","14","1,0","0","1,0","0","1,0","","","19741208",",1,0","19741231","+,,0","19741224","+,,0","","","19741224","+,,0","19741209",",1,0","-20.6","1,0,08,","0",",,0,31,+","0",",T,0,24,+","0.0",",T,0,24,+","13.3","1,0,09,","1577.6","0","691.3","1,0","0.0",",T,,0","0",",T,,0","-4.71","1,0","1.87","1,,,0","-11.29","1,,,0"
"USC00392927","1975-01","45.03239","-99.12253","481.0","FAULKTON, SD US","0.0","0","0.0","1,0","6",",0","3",",0","0",",0","13",",0","3",",0","9","1,0","29","1,0","13","1,0","0","1,0","0","1,0","","","19750130",",1,0","19750131","+,,0","19750129",",,0","","","19750129",",,0","19750123",",1,0","-27.8","1,0,30,","102",",,0,31,+","76",",,0,29,","5.6",",,0,29,","9.4","1,0,23,","2356.5","0","778.9","1,0","13.9",",,,0","152",",,,0","-7.63","1,0","-0.83","1,,,0","-14.43","1,,,0"
"USC00392927","1975-02","45.03239","-99.12253","481.0","FAULKTON, SD US","0.0","0","0.0",",0","4",",0","0",",0","0",",0","23",",0","3",",0","9",",0","28",",0","19",",0","0",",0","0",",0","","","19750209",",,0","19750217","+,,0","19750215","+,,0","","","19750215",",,0","19750224",",,0","-27.8",",0,09,","127",",,0,17,+","25",",,0,15,+","1.3",",,0,15,","6.1",",0,24,","3148.0","0","791.5",",0","3.9",",,,0","88",",,,0","-9.94",",0","-4.23",",,,0","-15.64",",,,0"
"USC00392927","1975-03","45.03239","-99.12253","481.0","FAULKTON, SD US","","","","","6","1,0","5","1,0","0","1,0","12","1,0","6","1,0","","","","","","","","","","","","","","","19750328",",1,0","19750327",",1,0","","","19750327",",1,0","","","","","711","1,,0,28,","203","1,,0,27,","19.8","1,,0,27,","","","","","","","76.5","1,,,0","837","1,,,0","","","","","",""
"USC00392927","1975-04","45.03239","-99.12253","481.0","FAULKTON, SD US","","","0.0","1,0","17",",0","6",",0","0",",0","","","","","1","1,0","12","1,0","3",",0","2",",0","0",",0","","","19750401",",1,0","","","","","","","19750429",",,0","19750427",",,0","-21.7","1,0,01,","","","","","21.6",",,0,29,","26.1",",0,27,","","","395.1",",0","73.1",",,,0","","","4.49","1,0","8.61",",,,0","0.38","1,,,0"
"USC00392927","1975-05","45.03239","-99.12253","481.0","FAULKTON, SD US","","","11.4","2,0","9",",0","5",",0","0",",0","0",",0","0",",0","0","1,0","2","1,0","0","1,0","19","1,0","0","1,0","","","19750503",",1,0","19750531","+,,0","19750531","+,,0","","","19750519",",,0","19750516",",1,0","-1.1","1,0,03,","0",",,0,31,+","0",",,0,31,+","12.7",",,0,19,","30.6","1,0,16,","","","111.8","1,0","42.6",",,,0","0",",,,0","14.79","2,0","22.52","1,,,0","7.06","1,,,0"
"USC00392927","1975-06","45.03239","-99.12253","481.0","FAULKTON, SD US","","","68.2",",0","10",",0","8",",0","0",",0","0",",0","0",",0","0",",0","0",",0","0",",0","28",",0","3",",0","","","19750601",",,0","19750630","+,,0","19750630","+,,0","","","19750620","+,,0","19750630",",,0","3.9",",0,01,","0",",,0,30,+","0",",,0,30,+","21.1",",,0,20,+","33.9",",0,30,","","","33.5",",0","111.3",",,,0","0",",,,0","19.49",",0","26.29",",,,0","12.69",",,,0"
"USC00392927","1975-07","45.03239","-99.12253","481.0","FAULKTON, SD US","","","212.6",",0","4",",0","2",",0","0",",0","0",",0","0",",0","0",",0","0",",0","0",",0","31",",0","23",",0","","","19750712",",,0","19750731","+,,0","19750731","+,,0","","","19750701",",,0","19750728",",,0","5.6",",0,12,","0",",,0,31,+","0",",,0,31,+","7.9",",,0,01,","42.2",",0,28,","3.8","0","3.8",",0","14.8",",,,0","0",",,,0","25.07",",0","33.69",",,,0","16.44",",,,0"
"USC00392927","1975-08","45.03239","-99.12253","481.0","FAULKTON, SD US","","","126.9",",0","9",",0","5",",0","0",",0","0",",0","0",",0","0",",0","0",",0","0",",0","30",",0","11",",0","","","19750818","+,,0","19750831","+,,0","19750831","+,,0","","","19750830",",,0","19750807",",,0","7.2",",0,18,+","0",",,0,31,+","0",",,0,31,+","19.6",",,0,30,","36.1",",0,07,","10.7","0","6.9",",0","52.9",",,,0","0",",,,0","22.20",",0","30.45",",,,0","13.96",",,,0"
"USC00392927","1975-09","45.03239","-99.12253","481.0","FAULKTON, SD US","","","14.4","2,0","3",",0","3",",0","0",",0","0",",0","0",",0","0","1,0","2","1,0","0","2,0","21","2,0","1","2,0","","","19750924",",1,0","19750930","+,,0","19750930","+,,0","","","19750904",",,0","19750901",",2,0","-2.8","1,0,24,","0",",,0,30,+","0",",,0,30,+","7.4",",,0,04,","35.0","2,0,01,","114.6","0","103.9","2,0","14.5",",,,0","0",",,,0","15.12","2,0","24.15","2,,,0","6.09","1,,,0"
"USC00392927","1975-10","45.03239","-99.12253","481.0","FAULKTON, SD US","","","7.2",",0","2",",0","2",",0","0",",0","1",",0","1",",0","0",",0","12",",0","0",",0","13",",0","2",",0","","","19751028",",,0","19751023",",,0","19751023",",,0","","","19751024",",,0","19751004",",,0","-7.8",",0,28,","25",",,0,23,","25",",,0,23,","16.3",",,0,24,","33.3",",0,04,","370.7","0","256.1",",0","19.3",",,,0","25",",,,0","10.30",",0","19.23",",,,0","1.38",",,,0"
"USC00392927","1975-11","45.03239","-99.12253","481.0","FAULKTON, SD US","","","0.0",",0","3",",0","0",",0","0",",0","","","","","3",",0","22",",0","9",",0","6",",0","0",",0","","","19751126","+,,0","","","","","","","19751118",",,0","19751105","+,,0","-22.2",",0,26,+","","","","","1.8",",,0,18,","25.6",",0,05,+","885.9","0","515.2",",0","3.3",",,,0","","","1.16",",0","7.72",",,,0","-5.41",",,,0"
"USC00392927","1975-12","45.03239","-99.12253","481.0","FAULKTON, SD US","","","0.0",",0","3",",0","1",",0","0",",0","7",",0","1",",0","6",",0","31",",0","16",",0","0",",0","0",",0","","","19751218","+,,0","19751218","+,,0","19751214",",,0","","","19751214",",,0","19751204",",,0","-28.9",",0,18,+","51",",,0,18,+","51",",,0,14,","3.6",",,0,14,","14.4",",0,04,","1637.1","0","751.2",",0","4.9",",,,0","64",",,,0","-5.90",",0","0.09",",,,0","-11.89",",,,0"
"USC00392927","1976-01","45.03239","-99.12253","481.0","FAULKTON, SD US","0.0","0","0.0",",0","3",",0","1",",0","0",",0","19",",0","1",",0","12",",0","31",",0","19",",0","0",",0","0",",0","","","19760104",",,0","19760114","+,,0","19760102",",,0","","","19760102",",,0","19760129",",,0","-30.0",",0,04,","102",",,0,14,+","76",",,0,02,","5.3",",,0,02,","6.7",",0,29,","2496.2","0","859.1",",0","8.6",",,,0","76",",,,0","-9.38",",0","-3.69",",,,0","-15.07",",,,0"
"USC00392927","1976-02","45.03239","-99.12253","481.0","FAULKTON, SD US","0.0","0","0.0",",0","4",",0","3",",0","0",",0","7",",0","3",",0","3",",0","26",",0","4",",0","0",",0","0",",0","","","19760206",",,0","19760210",",,0","19760210",",,0","","","19760210",",,0","19760224",",,0","-23.3",",0,06,","76",",,0,10,","76",",,0,10,","9.4",",,0,10,","18.3",",0,24,","3046.2","0","550.0",",0","19.3",",,,0","191",",,,0","-0.63",",0","5.71",",,,0","-6.98",",,,0"
"USC00392927","1976-03","45.03239","-99.12253","481.0","FAULKTON, SD US","0.0","0","0.0","2,0","4",",0","1",",0","0",",0","","","","","3","1,0","24","1,0","4","1,0","0","1,0","0","1,0","","","19760305",",1,0","","","","","","","19760301",",,0","19760323",",1,0","-23.3","1,0,05,","","","","","4.6",",,0,01,","20.0","1,0,23,","3571.9","0","525.7","1,0","8.9",",,,0","","","-0.19","2,0","7.11","1,,,0","-7.49","1,,,0"
"USC00392927","1976-04","45.03239","-99.12253","481.0","FAULKTON, SD US","","","","","9","4,0","3","4,0","0","4,0","0","2,0","0","1,0","","","","","","","","","","","","","","","19760430","+,2,0","19760430","+,1,0","","","19760416",",4,0","","","","","0","2,,0,30,+","0","1,,0,30,+","15.2","4,,0,16,","","","","","","","34.8",",a,,0","0","1,,,0","","","","","",""
"USC00392927","1976-05","45.03239","-99.12253","481.0","FAULKTON, SD US","","","6.9","4,0","3",",0","1",",0","0",",0","0",",0","0",",0","0","2,0","6","2,0","0","3,0","23","3,0","0","3,0","","","19760507","+,2,0","19760531","+,,0","19760531","+,,0","","","19760521",",,0","19760518",",3,0","-7.2","2,0,07,+","0",",,0,31,+","0",",,0,31,+","13.7",",,0,21,","31.1","3,0,18,","","","107.1","3,0","15.0",",,,0","0",",,,0","14.51","4,0","24.38","3,,,0","4.65","2,,,0"
"USC00392927","1976-06","45.03239","-99.12253","481.0","FAULKTON, SD US","","","117.1","1,0","5",",0","4",",0","0",",0","0",",0","0",",0","0","1,0","0","1,0","0","1,0","28","1,0","13","1,0","","","19760619",",1,0","19760630","+,,0","19760630","+,,0","","","19760624",",,0","19760609",",1,0","3.9","1,0,19,","0",",,0,30,+","0",",,0,30,+","18.8",",,0,24,","37.8","1,0,09,","","","7.7","1,0","40.4",",,,0","0",",,,0","22.11","1,0","31.10","1,,,0","13.11","1,,,0"
"USC00392927","1976-07","45.03239","-99.12253","481.0","FAULKTON, SD US","","","182.6","1,0","4",",0","1",",0","1",",0","0",",0","0",",0","0","1,0","0","1,0","0",",0","31",",0","22",",0","","","19760716",",1,0","19760731","+,,0","19760731","+,,0","","","19760710",",,0","19760725","+,,0","5.6","1,0,16,","0",",,0,31,+","0",",,0,31,+","30.5",",,0,10,","40.6",",0,25,+","1.1","0","1.1",",0","34.3",",,,0","0",",,,0","24.43","1,0","34.47",",,,0","14.39","1,,,0"
"USC00392927","1976-08","45.03239","-99.12253","481.0","FAULKTON, SD US","","","176.7","3,0","4",",0","2",",0","0",",0","0",",0","0",",0","0","3,0","0","3,0","0","3,0","28","3,0","18","3,0","","","19760806",",3,0","19760831","+,,0","19760831","+,,0","","","19760810",",,0","19760827","+,3,0","4.4","3,0,06,","0",",,0,31,+","0",",,0,31,+","19.6",",,0,10,","41.1","3,0,27,+","3.3","0","2.2","3,0","38.2",",,,0","0",",,,0","24.57","3,0","34.32","3,,,0","14.81","3,,,0"
"USC00392927","1976-09","45.03239","-99.12253","481.0","FAULKTON, SD US","","","65.9","1,0","4",",0","3",",0","0",",0","0",",0","0",",0","0","1,0","4","1,0","0","1,0","25","1,0","9","1,0","","","19760923",",1,0","19760930","+,,0","19760930","+,,0","","","19760926",",,0","19760906",",1,0","-4.4","1,0,23,","0",",,0,30,+","0",",,0,30,+","13.7",",,0,26,","40.6","1,0,06,","82.7","0","79.4","1,0","28.1",",,,0","0",",,,0","17.87","1,0","28.02","1,,,0","7.71","1,,,0"
"USC00392927","1976-10","45.03239","-99.12253","481.0","FAULKTON, SD US","","","3.6",",0","4",",0","2",",0","0",",0","4",",0","3",",0","0",",0","19",",0","0",",0","10",",0","0",",0","","","19761027",",,0","19761018",",,0","19761018",",,0","","","19761018",",,0","19761001",",,0","-13.3",",0,27,","76",",,0,18,","76",",,0,18,","4.6",",,0,18,","30.6",",0,01,","441.6","0","358.9",",0","10.5",",,,0","152",",,,0","6.87",",0","15.26",",,,0","-1.52",",,,0"
"USC00392927","1976-11","45.03239","-99.12253","481.0","FAULKTON, SD US","","","0.0","3,0","1",",0","0",",0","0",",0","0","2,0","0","2,0","4","2,0","28","2,0","7","1,0","1","1,0","0","1,0","","","19761127",",2,0","19761130","+,2,0","19761130","+,2,0","","","19761130",",,0","19761101",",1,0","-24.4","2,0,27,","0","2,,0,30,+","0","2,,0,30,+","0.5",",,0,30,","21.1","1,0,01,","1030.6","0","589.0","1,0","0.5",",,,0","0","2,,,0","-2.89","3,0","4.96","1,,,0","-10.74","2,,,0"
"USC00392927","1976-12","45.03239","-99.12253","481.0","FAULKTON, SD US","","","0.0",",0","4",",0","1",",0","0",",0","12",",0","2",",0","13",",0","31",",0","15",",0","0",",0","0",",0","","","19761208",",,0","19761210","+,,0","19761207",",,0","","","19761207",",,0","19761218","+,,0","-29.4",",0,08,","76",",,0,10,+","51",",,0,07,","2.8",",,0,07,","10.0",",0,18,+","1845.7","0","815.1",",0","5.8",",,,0","89",",,,0","-7.96",",0","-1.34",",,,0","-14.58",",,,0"
"USC00392927","1977-01","45.03239","-99.12253","481.0","FAULKTON, SD US","0.0","0","0.0",",0","5",",0","1",",0","0",",0","10",",0","1",",0","24",",0","31",",0","29",",0","0",",0","0",",0","","","19770109",",,0","19770119",",,0","19770119",",,0","","","19770119",",,0","19770123","+,,0","-33.3",",0,09,","51",",,0,19,","38",",,0,19,","2.8",",,0,19,","2.2",",0,23,+","2900.4","0","1054.7",",0","5.2",",,,0","77",",,,0","-15.69",",0","-9.30",",,,0","-22.08",",,,0"
"USC00392927","1977-02","45.03239","-99.12253","481.0","FAULKTON, SD US","0.0","0","0.0","2,0","4",",0","2",",0","0",",0","9",",0","3",",0","4","2,0","26","2,0","9","1,0","0","1,0","0","1,0","","","19770215",",2,0","19770225","+,,0","19770223",",,0","","","19770223",",,0","19770221",",1,0","-24.4","2,0,15,","356",",,0,25,+","203",",,0,23,","22.9",",,0,23,","15.0","1,0,21,","3444.8","0","544.4","1,0","36.6",",,,0","380",",,,0","-2.68","2,0","3.74","1,,,0","-9.10","2,,,0"
"USC00392927","1977-03","45.03239","-99.12253","481.0","FAULKTON, SD US","0.0","0","0.0","2,0","8",",0","5",",0","3",",0","9","1,0","1",",0","1","2,0","22","2,0","4","2,0","0","2,0","0","2,0","","","19770301",",2,0","19770303",",1,0","19770303",",,0","","","19770311",",,0","19770327",",2,0","-20.0","2,0,01,","356","1,,0,03,","102",",,0,03,","41.4",",,0,11,","18.9","2,0,27,","3931.7","0","486.9","2,0","120.6",",,,0","115",",,,0","1.54","2,0","7.30","2,,,0","-4.21","2,,,0"
"USC00392927","1977-04","45.03239","-99.12253","481.0","FAULKTON, SD US","8.9","0","8.9",",0","6",",0","5",",0","0",",0","0",",0","0",",0","0",",0","9",",0","0",",0","17",",0","2",",0","","","19770405",",,0","19770430","+,,0","19770430","+,,0","","","19770412",",,0","19770409",",,0","-8.3",",0,05,","0",",,0,30,+","0",",,0,30,+","13.2",",,0,12,","34.4",",0,09,","4131.4","0","199.7",",0","40.8",",,,0","0",",,,0","11.98",",0","20.37",",,,0","3.58",",,,0"
"USC00392927","1977-05","45.03239","-99.12253","481.0","FAULKTON, SD US","49.5","0","40.6","1,0","7",",0","5",",0","0",",0","0",",0","0",",0","0","1,0","0","1,0","0","1,0","29","1,0","0","1,0","","","19770502",",1,0","19770531","+,,0","19770531","+,,0","","","19770530",",,0","19770513",",1,0","0.6","1,0,02,","0",",,0,31,+","0",",,0,31,+","19.6",",,0,30,","31.7","1,0,13,","4170.5","0","39.1","1,0","53.5",",,,0","0",",,,0","18.38","1,0","26.17","1,,,0","10.60","1,,,0"
"USC00392927","1977-06","45.03239","-99.12253","481.0","FAULKTON, SD US","131.9","0","82.4",",0","9",",0","6",",0","1",",0","0",",0","0",",0","0",",0","0",",0","0",",0","30",",0","6",",0","","","19770620","+,,0","19770630","+,,0","19770630","+,,0","","","19770615",",,0","19770625",",,0","6.7",",0,20,+","0",",,0,30,+","0",",,0,30,+","61.0",",,0,15,","33.3",",0,25,","4181.6","0","11.1",",0","91.8",",,,0","0",",,,0","20.71",",0","28.51",",,,0","12.91",",,,0"
"USC00392927","1977-07","45.03239","-99.12253","481.0","FAULKTON, SD US","294.2","0","162.3","1,0","7",",0","4",",0","1",",0","0",",0","0",",0","0","1,0","0","1,0","0",",0","31",",0","17",",0","","","19770722",",1,0","19770731","+,,0","19770731","+,,0","","","19770725",",,0","19770718",",,0","8.9","1,0,22,","0",",,0,31,+","0",",,0,31,+","29.2",",,0,25,","42.2",",0,18,","0.0","0","0.0",",0","44.9",",,,0","0",",,,0","23.88","1,0","32.53",",,,0","15.24","1,,,0"
"USC00392927","1977-08","45.03239","-99.12253","481.0","FAULKTON, SD US","356.9","0","62.7",",0","10",",0","5",",0","0",",0","0",",0","0",",0","0",",0","0",",0","0",",0","31",",0","4",",0","","","19770811",",,0","19770831","+,,0","19770831","+,,0","","","19770804",",,0","19770812",",,0","3.3",",0,11,","0",",,0,31,+","0",",,0,31,+","8.9",",,0,04,","34.4",",0,12,","8.9","0","8.9",",0","36.0",",,,0","0",",,,0","20.07",",0","28.71",",,,0","11.43",",,,0"
"USC00392927","1977-09","45.03239","-99.12253","481.0","FAULKTON, SD US","382.4","0","25.5","1,0","8",",0","7",",0","1",",0","0",",0","0",",0","0","1,0","0","1,0","0","1,0","20","1,0","3","1,0","","","19770910",",1,0","19770930","+,,0","19770930","+,,0","","","19770923",",,0","19770908",",1,0","2.2","1,0,10,","0",",,0,30,+","0",",,0,30,+","38.6",",,0,23,","35.6","1,0,08,","78.7","0","69.8","1,0","87.4",",,,0","0",",,,0","16.80","1,0","24.22","1,,,0","9.39","1,,,0"
"USC00392927","1977-10","45.03239","-99.12253","481.0","FAULKTON, SD US","382.4","0","0.0",",0","4",",0","3",",0","0",",0","0",",0","0",",0","0",",0","11",",0","0",",0","7",",0","0",",0","","","19771006",",,0","19771031","+,,0","19771031","+,,0","","","19771007",",,0","19771013",",,0","-5.0",",0,06,","0",",,0,31,+","0",",,0,31,+","23.4",",,0,07,","26.1",",0,13,","352.1","0","273.4",",0","31.8",",,,0","0",",,,0","9.51",",0","16.97",",,,0","2.05",",,,0"
"USC00392927","1977-11","45.03239","-99.12253","481.0","FAULKTON, SD US","382.4","0","0.0",",0","9",",0","4",",0","1",",0","18",",0","7",",0","5",",0","26",",0","13",",0","0",",0","0",",0","","","19771125",",,0","19771126","+,,0","19771108",",,0","","","19771108",",,0","19771102",",,0","-27.2",",0,25,","178",",,0,26,+","152",",,0,08,","40.9",",,0,08,","17.8",",0,02,","959.9","0","607.8",",0","60.8",",,,0","405",",,,0","-1.93",",0","3.52",",,,0","-7.37",",,,0"
"USC00392927","1977-12","45.03239","-99.12253","481.0","FAULKTON, SD US","382.4","0","0.0","1,0","4",",0","2",",0","0",",0","28",",0","3","1,0","9","1,0","30","1,0","23","1,0","0","1,0","0","1,0","","","19771209",",1,0","19771231",",,0","19771231",",1,0","","","19771231",",,0","19771214",",1,0","-28.3","1,0,09,","152",",,0,31,","127","1,,0,31,","6.9",",,0,31,","3.9","1,0,14,","1814.6","0","854.7","1,0","12.5",",,,0","216","1,,,0","-10.16","1,0","-5.69","1,,,0","-14.63","1,,,0"
"USC00392927","1978-01","45.03239","-99.12253","481.0","FAULKTON, SD US","0.0","0","0.0","3,0","4",",0","0",",0","0",",0","31",",0","2",",0","25","2,0","29","2,0","29","2,0","0","2,0","0","2,0","","","19780110",",2,0","19780130",",,0","19780130",",,0","","","19780130",",,0","19780125","+,2,0","-31.7","2,0,10,","178",",,0,30,","51",",,0,30,","2.0",",,0,30,","-1.1","2,0,25,+","2820.6","0","1006.0","2,0","4.8",",,,0","102",",,,0","-17.71","3,0","-11.83","2,,,0","-23.59","2,,,0"
"USC00392927","1978-02","45.03239","-99.12253","481.0","FAULKTON, SD US","0.0","0","0.0","2,0","5",",0","1",",0","0",",0","28",",0","4",",0","14","1,0","27","1,0","25","1,0","0","1,0","0","1,0","","","19780202",",1,0","19780212",",,0","19780212",",,0","","","19780212",",,0","19780222",",1,0","-28.9","1,0,02,","279",",,0,12,","76",",,0,12,","4.3",",,0,12,","2.8","1,0,22,","3639.7","0","819.1","1,0","7.9",",,,0","203",",,,0","-13.21","2,0","-8.66","1,,,0","-17.76","1,,,0"
"USC00392927","1978-03","45.03239","-99.12253","481.0","FAULKTON, SD US","0.0","0","0.0",",0","3",",0","1",",0","0",",0","19","1,0","2",",0","4",",0","28",",0","9",",0","1",",0","0",",0","","","19780304",",,0","19780311","+,1,0","19780302",",,0","","","19780310",",,0","19780330",",,0","-25.6",",0,04,","152","1,,0,11,+","51",",,0,02,","3.6",",,0,10,","21.1",",0,30,","4266.6","0","626.9",",0","6.1",",,,0","102",",,,0","-1.89",",0","3.63",",,,0","-7.41",",,,0"
"USC00392927","1978-04","45.03239","-99.12253","481.0","FAULKTON, SD US","0.0","0","0.0",",0","11",",0","7",",0","0",",0","2",",0","2",",0","0",",0","12",",0","0",",0","1",",0","0",",0","","","19780421",",,0","19780418","+,,0","19780418","+,,0","","","19780418",",,0","19780427",",,0","-5.0",",0,21,","51",",,0,18,+","51",",,0,18,+","24.1",",,0,18,","21.1",",0,27,","4606.4","0","339.8",",0","72.4",",,,0","102",",,,0","7.01",",0","12.48",",,,0","1.53",",,,0"
"USC00392927","1978-05","45.03239","-99.12253","481.0","FAULKTON, SD US","14.6","0","14.6",",0","11",",0","8",",0","1",",0","0",",0","0",",0","0",",0","1",",0","0",",0","17",",0","0",",0","","","19780501",",,0","19780531","+,,0","19780531","+,,0","","","19780528",",,0","19780510",",,0","-0.6",",0,01,","0",",,0,31,+","0",",,0,31,+","26.4",",,0,28,","29.4",",0,10,","4729.7","0","123.3",",0","90.6",",,,0","0",",,,0","14.83",",0","22.00",",,,0","7.65",",,,0"
"USC00392927","1978-06","45.03239","-99.12253","481.0","FAULKTON, SD US","82.5","0","67.9",",0","8",",0","7",",0","1",",0","0",",0","0",",0","0",",0","0",",0","0",",0","29",",0","2",",0","","","19780608",",,0","19780630","+,,0","19780630","+,,0","","","19780630",",,0","19780629",",,0","3.3",",0,08,","0",",,0,30,+","0",",,0,30,+","29.5",",,0,30,","33.9",",0,29,","4762.2","0","32.5",",0","59.6",",,,0","0",",,,0","19.51",",0","27.37",",,,0","11.66",",,,0"
"USC00392927","1978-07","45.03239","-99.12253","481.0","FAULKTON, SD US","207.7","0","125.2",",0","9",",0","7",",0","0",",0","0",",0","0",",0","0",",0","0",",0","0",",0","31",",0","8",",0","","","19780710",",,0","19780731","+,,0","19780731","+,,0","","","19780721",",,0","19780725","+,,0","6.1",",0,10,","0",",,0,31,+","0",",,0,31,+","18.3",",,0,21,","35.0",",0,25,+","4.2","0","4.2",",0","60.3",",,,0","0",",,,0","22.24",",0","29.53",",,,0","14.94",",,,0"
"USC00392927","1978-08","45.03239","-99.12253","481.0","FAULKTON, SD US","350.7","0","143.0",",0","8",",0","6",",0","2",",0","0",",0","0",",0","0",",0","0",",0","0",",0","31",",0","15",",0","","","19780803",",,0","19780831","+,,0","19780831","+,,0","","","19780815",",,0","19780812",",,0","5.6",",0,03,","0",",,0,31,+","0",",,0,31,+","33.3",",,0,15,","39.4",",0,12,","10.6","0","6.4",",0","102.9",",,,0","0",",,,0","22.74",",0","31.02",",,,0","14.46",",,,0"
"USC00392927","1978-09","45.03239","-99.12253","481.0","FAULKTON, SD US","456.1","0","105.4",",0","3",",0","2",",0","0",",0","0",",0","0",",0","0",",0","2",",0","0",",0","26",",0","10",",0","","","19780921",",,0","19780930","+,,0","19780930","+,,0","","","19780917",",,0","19780905",",,0","-1.1",",0,21,","0",",,0,30,+","0",",,0,30,+","6.6",",,0,17,","40.6",",0,05,","70.3","0","59.7",",0","11.4",",,,0","0",",,,0","19.86",",0","28.60",",,,0","11.12",",,,0"
"USC00392927","1978-10","45.03239","-99.12253","481.0","FAULKTON, SD US","456.1","0","0.0","3,0","1",",0","0",",0","0",",0","0",",0","0",",0","0","2,0","11","2,0","0","2,0","14","2,0","0","2,0","","","19781016",",2,0","19781031","+,,0","19781031","+,,0","","","19781003",",,0","19781020",",2,0","-8.9","2,0,16,","0",",,0,31,+","0",",,0,31,+","1.3",",,0,03,","29.4","2,0,20,","295.7","0","225.4","2,0","1.3",",,,0","0",",,,0","10.33","3,0","19.61","2,,,0","1.06","2,,,0"
"USC00392927","1978-11","45.03239","-99.12253","481.0","FAULKTON, SD US","456.1","0","0.0","1,0","7",",0","2",",0","0",",0","20",",0","","","4",",0","25",",0","15","1,0","6","1,0","0","1,0","","","19781121",",,0","19781130","+,,0","","","","","19781110",",,0","19781104",",1,0","-23.9",",0,21,","51",",,0,30,+","","","7.6",",,0,10,","24.4","1,0,04,","910.9","0","615.2","1,0","18.6",",,,0","","","-2.71","1,0","3.57","1,,,0","-9.00",",,,0"
"USC00392927","1978-12","45.03239","-99.12253","481.0","FAULKTON, SD US","456.1","0","0.0",",0","3",",0","0",",0","0",",0","","","1",",0","10",",0","31",",0","22",",0","0",",0","0",",0","","","19781231",",,0","","","19781225",",,0","","","19781225",",,0","19781215","+,,0","-29.4",",0,31,","","","25",",,0,25,","2.0",",,0,25,","3.9",",0,15,+","1784.0","0","873.1",",0","4.3",",,,0","51",",,,0","-9.83",",0","-4.95",",,,0","-14.71",",,,0"
"USC00392927","1979-01","45.03239","-99.12253","481.0","FAULKTON, SD US","0.0","0","0.0",",0","8",",0","3",",0","0",",0","","","6",",0","26",",0","31",",0","31",",0","0",",0","0",",0","","","19790105",",,0","","","19790126",",,0","","","19790122",",,0","19790121",",,0","-33.3",",0,05,","","","76",",,0,26,","3.3",",,0,22,","-1.1",",0,21,","2906.4","0","1122.4",",0","14.2",",,,0","292",",,,0","-17.87",",0","-11.88",",,,0","-23.87",",,,0"
"USC00392927","1979-02","45.03239","-99.12253","481.0","FAULKTON, SD US","0.0","0","0.0",",0","7",",0","1",",0","0",",0","28",",0","3",",0","19",",0","28",",0","26",",0","0",",0","0",",0","","","19790201",",,0","19790225","+,,0","19790215",",,0","","","19790215",",,0","19790226",",,0","-34.4",",0,01,","305",",,0,25,+","76",",,0,15,","4.3",",,0,15,","2.2",",0,26,","3857.2","0","950.8",",0","10.7",",,,0","217",",,,0","-15.63",",0","-9.53",",,,0","-21.73",",,,0"
"USC00392927","1979-03","45.03239","-99.12253","481.0","FAULKTON, SD US","0.0","0","0.0",",0","9",",0","4",",0","0",",0","14",",0","0",",0","1",",0","28",",0","6",",0","0",",0","0",",0","","","19790310",",,0","19790303","+,,0","19790331","+,,0","","","19790319",",,0","19790317",",,0","-20.0",",0,10,","229",",,0,03,+","0",",T,0,31,+","19.6",",,0,19,","14.4",",0,17,","4481.6","0","624.4",",0","37.7",",,,0","0",",T,,0","-1.81",",0","3.73",",,,0","-7.35",",,,0"
"USC00392927","1979-04","45.03239","-99.12253","481.0","FAULKTON, SD US","0.9","0","0.9","1,0","10",",0","3",",0","0",",0","5",",","","","0","1,0","19","1,0","1",",0","6",",0","0",",0","","","19790405",",1,0","19790412",",,0","","","","","19790412",",,0","19790419","+,,0","-12.2","1,0,05,","127",",,0,12,","","","15.5",",,0,12,","25.6",",0,19,+","4837.0","0","355.4",",0","50.5",",,,0","","","6.14","1,0","12.64",",,,0","-0.37","1,,,0"
"USC00392927","1979-05","45.03239","-99.12253","481.0","FAULKTON, SD US","14.2","0","13.3",",0","8",",0","5",",0","0",",0","0",",0","0",",0","0",",0","7",",0","0",",0","14",",0","2",",0","","","19790503",",,0","19790510","+,,0","19790510","+,,0","","","19790530",",,0","19790528",",,0","-3.9",",0,03,","0",",T,0,10,+","0",",T,0,10,+","8.4",",,0,30,","33.9",",0,28,","5046.1","0","209.1",",0","29.5",",,,0","0",",T,,0","12.02",",0","19.96",",,,0","4.08",",,,0"
"USC00392927","1979-06","45.03239","-99.12253","481.0","FAULKTON, SD US","79.0","0","64.8",",0","8",",0","4",",0","1",",0","0",",0","0",",0","0",",0","0",",0","0",",0","26",",0","3",",0","","","19790608","+,,0","19790630","+,,0","19790630","+,,0","","","19790619",",,0","19790614",",,0","4.4",",0,08,+","0",",,0,30,+","0",",,0,30,+","35.6",",,0,19,","37.2",",0,14,","5078.3","0","32.2",",0","65.9",",,,0","0",",,,0","19.42",",0","27.32",",,,0","11.52",",,,0"
"USC00392927","1979-07","45.03239","-99.12253","481.0","FAULKTON, SD US","195.9","0","116.9",",0","10",",0","8",",0","1",",0","0",",0","0",",0","0",",0","0",",0","0",",0","31",",0","6",",0","","","19790717",",,0","19790731","+,,0","19790731","+,,0","","","19790726",",,0","19790723",",,0","8.9",",0,17,","0",",,0,31,+","0",",,0,31,+","28.7",",,0,26,","35.0",",0,23,","3.1","0","3.1",",0","81.4",",,,0","0",",,,0","22.01",",0","28.85",",,,0","15.16",",,,0"
"USC00392927","1979-08","45.03239","-99.12253","481.0","FAULKTON, SD US","280.6","0","84.7","2,0","8",",0","7",",0","2",",0","0",",0","0",",0","0","2,0","0","2,0","0","2,0","28","2,0","4","2,0","","","19790814",",2,0","19790831","+,,0","19790831","+,,0","","","19790827",",,0","19790806",",2,0","5.6","2,0,14,","0",",,0,31,+","0",",,0,31,+","94.5",",,0,27,","37.8","2,0,06,","17.5","0","14.4","2,0","166.9",",,,0","0",",,,0","20.76","2,0","27.87","2,,,0","13.64","2,,,0"
"USC00392927","1979-09","45.03239","-99.12253","481.0","FAULKTON, SD US","341.2","0","60.6",",0","0",",0","0",",0","0",",0","0",",0","0",",0","0",",0","1",",0","0",",0","28",",0","8",",0","","","19790921",",,0","19790930","+,,0","19790930","+,,0","","","19790930","+,,0","19790916","+,,0","-1.7",",0,21,","0",",,0,30,+","0",",,0,30,+","0.0",",,0,30,+","33.9",",0,16,+","64.8","0","47.3",",0","0.0",",,,0","0",",,,0","18.78",",0","27.91",",,,0","9.65",",,,0"
"USC00392927","1979-10","45.03239","-99.12253","481.0","FAULKTON, SD US","341.2","0","0.0","2,0","3",",0","3",",0","1",",0","0",",0","0",",0","0","2,0","15","2,0","0","2,0","9","2,0","0","2,0","","","19791013",",2,0","19791031","+,,0","19791031","+,,0","","","19791031",",,0","19791001",",2,0","-12.2","2,0,13,","0",",,0,31,+","0",",,0,31,+","35.6",",,0,31,","27.2","2,0,01,","332.8","0","268.0","2,0","48.6",",,,0","0",",,,0","9.09","2,0","17.80","2,,,0","0.39","2,,,0"
"USC00392927","1979-11","45.03239","-99.12253","481.0","FAULKTON, SD US","341.2","0","0.0",",0","1",",0","1",",0","0",",0","0","1,0","0","1,0","0",",0","28",",0","7",",0","0",",0","0",",0","","","19791129",",,0","19791130","+,1,0","19791129","+,1,0","","","19791101",",,0","19791117",",,0","-12.2",",0,29,","0","1,,0,30,+","0","1,T,0,29,+","2.8",",,0,01,","18.3",",0,17,","916.6","0","583.8",",0","2.8",",,,0","0","1,T,,0","-1.13",",0","4.41",",,,0","-6.66",",,,0"
"USC00392927","1979-12","45.03239","-99.12253","481.0","FAULKTON, SD US","341.2","0","0.0",",0","1",",0","0",",0","0",",0","0",",0","0",",0","4",",0","29",",0","5",",0","0",",0","0",",0","","","19791216",",,0","19791231","+,,0","19791231","+,,0","","","19791216",",,0","19791210",",,0","-24.4",",0,16,","0",",,0,31,+","0",",,0,31,+","0.5",",,0,16,","16.7",",0,10,","1548.4","0","631.8",",0","0.5",",,,0","0",",,,0","-2.05",",0","6.07",",,,0","-10.16",",,,0"
"USC00392927","1980-01","45.03239","-99.12253","481.0","FAULKTON, SD US","0.0","0","0.0","2,0","4",",0","1",",0","0",",0","2",",0","1","1,0","12","2,0","26","2,0","19","1,0","0","1,0","0","1,0","","","19800129",",2,0","19800131","+,,0","19800130",",1,0","","","19800115",",,0","19800113",",1,0","-28.9","2,0,29,","25",",,0,31,+","25","1,,0,30,","2.5",",,0,15,","10.0","1,0,13,","2350.0","0","801.6","1,0","5.9",",,,0","25","1,,,0","-9.28","2,0","-3.24","1,,,0","-15.32","2,,,0"
"USC00392927","1980-02","45.03239","-99.12253","481.0","FAULKTON, SD US","0.0","0","0.0","1,0","2",",0","1",",0","0",",0","25",",0","2",",0","11","1,0","28","1,0","21","1,0","0","1,0","0","1,0","","","19800201",",1,0","19800204",",,0","19800204",",,0","","","19800204",",,0","19800226",",1,0","-26.1","1,0,01,","127",",,0,04,","127",",,0,04,","8.9",",,0,04,","6.1","1,0,26,","3093.0","0","743.0","1,0","10.2",",,,0","152",",,,0","-8.20","1,0","-2.25","1,,,0","-14.15","1,,,0"
"USC00392927","1980-03","45.03239","-99.12253","481.0","FAULKTON, SD US","0.0","0","0.0",",0","6",",0","2",",0","0",",0","5",",0","0","2,0","3",",0","31",",0","5",",0","0",",0","0",",0","","","19800301",",,0","19800312","+,,0","19800304",",2,0","","","19800322",",,0","19800315",",,0","-28.3",",0,01,","25",",,0,12,+","13","2,,0,04,","3.0",",,0,22,","16.7",",0,15,","3718.1","0","625.1",",0","9.9",",,,0","13","2,,,0","-1.83",",0","4.60",",,,0","-8.26",",,,0"
"USC00392927","1980-04","45.03239","-99.12253","481.0","FAULKTON, SD US","17.5","0","17.5",",0","4",",0","2",",0","0",",0","0",",0","0",",0","0",",0","14",",0","0",",0","12",",0","3",",0","","","19800414",",,0","19800430","+,,0","19800430","+,,0","","","19800408",",,0","19800421",",,0","-7.8",",0,14,","0",",,0,30,+","0",",,0,30,+","18.3",",,0,08,","36.7",",0,21,","3969.8","0","251.7",",0","32.5",",,,0","0",",,,0","10.53",",0","19.52",",,,0","1.53",",,,0"
"USC00392927","1980-05","45.03239","-99.12253","481.0","FAULKTON, SD US","57.6","0","40.1","2,0","5",",0","2",",0","0",",0","0",",0","0",",0","0","2,0","5","2,0","0",",0","22",",0","5",",0","","","19800508",",2,0","19800531","+,,0","19800531","+,,0","","","19800530",",,0","19800528","+,,0","-7.2","2,0,08,","0",",,0,31,+","0",",,0,31,+","7.9",",,0,30,","32.2",",0,28,+","4066.8","0","97.0",",0","19.0",",,,0","0",",,,0","16.48","2,0","25.55",",,,0","7.40","2,,,0"
"USC00392927","1980-06","45.03239","-99.12253","481.0","FAULKTON, SD US","138.7","0","81.1","4,0","12",",0","6",",0","0",",0","0",",0","0",",0","0","3,0","0","3,0","0","2,0","28","2,0","6","2,0","","","19800608",",3,0","19800630","+,,0","19800630","+,,0","","","19800616",",,0","19800625",",2,0","3.3","3,0,08,","0",",,0,30,+","0",",,0,30,+","15.0",",,0,16,","35.0","2,0,25,","4077.9","0","11.1","2,0","64.3",",,,0","0",",,,0","21.03","4,0","28.30","2,,,0","13.76","3,,,0"
"USC00392927","1980-07","45.03239","-99.12253","481.0","FAULKTON, SD US","316.7","0","178.0",",0","8",",0","3",",0","1",",0","0",",0","0",",0","0",",0","0",",0","0",",0","31",",0","20",",0","","","19800726",",,0","19800731","+,,0","19800731","+,,0","","","19800704",",,0","19800710","+,,0","7.2",",0,26,","0",",,0,31,+","0",",,0,31,+","49.0",",,0,04,","37.2",",0,10,+","0.0","0","0.0",",0","73.4",",,,0","0",",,,0","24.07",",0","32.97",",,,0","15.18",",,,0"
"USC00392927","1980-08","45.03239","-99.12253","481.0","FAULKTON, SD US","454.0","0","137.3","1,0","10",",0","6",",0","2",",0","0",",0","0",",0","0","1,0","0","1,0","0","1,0","30","1,0","10","1,0","","","19800826",",1,0","19800831","+,,0","19800831","+,,0","","","19800816",",,0","19800806",",1,0","4.4","1,0,26,","0",",,0,31,+","0",",,0,31,+","41.9",",,0,16,","41.7","1,0,06,","7.5","0","7.5","1,0","113.1",",,,0","0",",,,0","22.66","1,0","30.91","1,,,0","14.41","1,,,0"
"USC00392927","1980-09","45.03239","-99.12253","481.0","FAULKTON, SD US","492.4","0","38.4","2,0","2",",0","2",",0","0",",0","0",",0","0",",0","0",",0","1",",0","0","2,0","25","2,0","4","2,0","","","19800926",",,0","19800930","+,,0","19800930","+,,0","","","19800901",",,0","19800907",",2,0","-1.1",",0,26,","0",",,0,30,+","0",",,0,30,+","8.9",",,0,01,","36.1","2,0,07,","61.0","0","53.5","2,0","14.5",",,,0","0",",,,0","17.66","2,0","26.53","2,,,0","8.79",",,,0"
"USC00392927","1980-10","45.03239","-99.12253","481.0","FAULKTON, SD US","500.0","0","7.6",",0","3",",0","2",",0","1",",0","0",",0","0",",0","0",",0","11",",0","0",",0","9",",0","1",",0","","","19801026",",,0","19801031","+,,0","19801023",",,0","","","19801016",",,0","19801001",",,0","-7.8",",0,26,","0",",,0,31,+","0",",T,0,23,","38.9",",,0,16,","32.2",",0,01,","356.5","0","295.5",",0","43.5",",,,0","0",",T,,0","9.04",",0","16.60",",,,0","1.49",",,,0"
"USC00392927","1980-11","45.03239","-99.12253","481.0","FAULKTON, SD US","500.0","0","0.0","2,0","1",",0","1",",0","0",",0","0",",0","0",",0","0","2,0","22","2,0","1",",0","1",",0","0",",0","","","19801124",",2,0","19801130","+,,0","19801130","+,,0","","","19801113",",,0","19801106",",,0","-13.3","2,0,24,","0",",,0,30,+","0",",,0,30,+","2.5",",,0,13,","21.7",",0,06,","775.9","0","419.4",",0","2.5",",,,0","0",",,,0","3.50","2,0","10.03",",,,0","-3.03","2,,,0"
"USC00392927","1980-12","45.03239","-99.12253","481.0","FAULKTON, SD US","500.0","0","0.0","3,0","2",",0","0",",0","0",",0","5",",0","0",",0","5","3,0","26","3,0","15","1,0","0","1,0","0","1,0","","","19801224",",3,0","19801210","+,,0","19801206",",,0","","","19801206",",,0","19801228",",1,0","-26.1","3,0,24,","25",",,0,10,+","13",",,0,06,","1.0",",,0,06,","11.1","1,0,28,","1441.8","0","665.9","1,0","1.8",",,,0","13",",,,0","-5.39","3,0","0.20","1,,,0","-10.98","3,,,0"
"USC00392927","1981-01","45.03239","-99.12253","481.0","FAULKTON, SD US","0.0","0","0.0","1,0","0",",0","0",",0","0",",0","0",",0","0",",0","8","1,0","30","1,0","11","1,0","0","1,0","0","1,0","","","19810111",",1,0","19810131","+,,0","19810131","+,,0","","","19810131","+,,0","19810123",",1,0","-24.4","1,0,11,","0",",T,0,31,+","0",",T,0,31,+","0.0",",T,0,31,+","18.9","1,0,23,","2134.3","0","692.5","1,0","0.0",",T,,0","0",",T,,0","-4.75","1,0","3.05","1,,,0","-12.56","1,,,0"
"USC00392927","1981-02","45.03239","-99.12253","481.0","FAULKTON, SD US","0.0","0","0.0","1,0","2",",0","0",",0","0",",0","0",",0","0",",0","8","1,0","21","1,0","12",",0","0",",0","0",",0","","","19810211",",1,0","19810208",",,0","19810208",",,0","","","19810210",",,0","19810217",",,0","-31.1","1,0,11,","0",",T,0,08,","0",",T,0,08,","0.5",",,0,10,","17.8",",0,17,","2702.1","0","567.8",",0","0.8",",,,0","0",",T,,0","-2.82","1,0","4.30",",,,0","-9.94","1,,,0"
"USC00392927","1981-03","45.03239","-99.12253","481.0","FAULKTON, SD US","0.0","0","0.0","1,0","3",",0","2",",0","2",",0","0",",0","0",",0","0","1,0","23","1,0","0","1,0","1","1,0","0","1,0","","","19810306",",1,0","19810331","+,,0","19810331","+,,0","","","19810331",",,0","19810314",",1,0","-16.7","1,0,06,","0",",,0,31,+","0",",,0,31,+","58.7",",,0,31,","22.2","1,0,14,","3145.7","0","443.6","1,0","87.7",",,,0","0",",,,0","3.55","1,0","12.68","1,,,0","-5.59","1,,,0"
"USC00392927","1981-04","45.03239","-99.12253","481.0","FAULKTON, SD US","3.0","0","3.0","1,0","2",",0","0",",0","0",",0","0",",0","0",",0","0","1,0","13","1,0","0",",0","13",",0","0",",0","","","19810414",",1,0","19810430","+,,0","19810430","+,,0","","","19810403",",,0","19810416",",,0","-6.7","1,0,14,","0",",,0,30,+","0",",,0,30,+","1.5",",,0,03,","29.4",",0,16,","3349.9","0","204.2",",0","2.5",",,,0","0",",,,0","11.48","1,0","20.39",",,,0","2.56","1,,,0"
"USC00392927","1981-05","45.03239","-99.12253","481.0","FAULKTON, SD US","11.3","0","8.3","1,0","9",",0","3",",0","0",",0","0",",0","0",",0","0","1,0","7","1,0","0","1,0","15","1,0","0","1,0","","","19810510",",1,0","19810531","+,,0","19810531","+,,0","","","19810524",",,0","19810502",",1,0","-10.0","1,0,10,","0",",,0,31,+","0",",,0,31,+","14.2",",,0,24,","30.0","1,0,02,","3500.1","0","150.2","1,0","30.8",",,,0","0",",,,0","13.60","1,0","21.58","1,,,0","5.62","1,,,0"
"USC00392927","1981-06","45.03239","-99.12253","481.0","FAULKTON, SD US","57.5","0","46.2","1,0","12",",0","9",",0","0",",0","0",",0","0",",0","0","1,0","0","1,0","0","1,0","28","1,0","4","1,0","","","19810606",",1,0","19810630","+,,0","19810630","+,,0","","","19810613",",,0","19810628",",1,0","5.0","1,0,06,","0",",,0,30,+","0",",,0,30,+","11.9",",,0,13,","33.9","1,0,28,","3525.1","0","25.0","1,0","55.4",",,,0","0",",,,0","19.06","1,0","26.87","1,,,0","11.26","1,,,0"
"USC00392927","1981-07","45.03239","-99.12253","481.0","FAULKTON, SD US","231.0","0","173.5",",0","12",",0","5",",0","1",",0","0",",0","0",",0","0",",0","0",",0","0",",0","31",",0","17",",0","","","19810709",",,0","19810731","+,,0","19810731","+,,0","","","19810702",",,0","19810711","+,,0","5.6",",0,09,","0",",,0,31,+","0",",,0,31,+","46.2",",,0,02,","37.2",",0,11,+","6.3","0","6.3",",0","82.1",",,,0","0",",,,0","23.73",",0","31.61",",,,0","15.84",",,,0"
"USC00392927","1981-08","45.03239","-99.12253","481.0","FAULKTON, SD US","357.9","0","126.9","1,0","9",",0","6",",0","1",",0","0",",0","0",",0","0","1,0","0","1,0","0","1,0","30","1,0","10","1,0","","","19810829",",1,0","19810831","+,,0","19810831","+,,0","","","19810803",",,0","19810821",",1,0","8.3","1,0,29,","0",",,0,31,+","0",",,0,31,+","30.0",",,0,03,","36.1","1,0,21,","6.3","0","0.0","1,0","87.1",",,,0","0",",,,0","22.56","1,0","29.92","1,,,0","15.20","1,,,0"
"USC00392927","1981-09","45.03239","-99.12253","481.0","FAULKTON, SD US","408.0","0","50.1","1,0","4",",0","2",",0","0",",0","0",",0","0",",0","0","1,0","1","1,0","0",",0","26",",0","7",",0","","","19810917",",1,0","19810930","+,,0","19810930","+,,0","","","19810906",",,0","19810909",",,0","-2.2","1,0,17,","0",",,0,30,+","0",",,0,30,+","4.6",",,0,06,","36.7",",0,09,","67.3","0","61.0",",0","11.2",",,,0","0",",,,0","17.94","1,0","27.48",",,,0","8.41","1,,,0"
"USC00392927","1981-10","45.03239","-99.12253","481.0","FAULKTON, SD US","408.0","0","0.0","2,0","9",",0","6",",0","0",",0","0",",0","0",",0","0","2,0","9","2,0","0",",0","6",",0","0",",0","","","19811023",",2,0","19811031","+,,0","19811031","+,,0","","","19811004",",,0","19811010",",,0","-10.0","2,0,23,","0",",,0,31,+","0",",,0,31,+","20.3",",,0,04,","25.0",",0,10,","320.4","0","253.1",",0","65.3",",,,0","0",",,,0","9.63","2,0","15.90",",,,0","3.36","2,,,0"
"USC00392927","1981-11","45.03239","-99.12253","481.0","FAULKTON, SD US","408.0","0","0.0",",0","5",",0","4",",0","0",",0","13",",0","2",",0","0",",0","23",",0","7",",0","0",",0","0",",0","","","19811122","+,,0","19811130",",,0","19811130",",,0","","","19811130",",,0","19811112",",,0","-12.2",",0,22,+","203",",,0,30,","178",",,0,30,","16.3",",,0,30,","20.6",",0,12,","765.2","0","444.8",",0","31.1",",,,0","280",",,,0","3.51",",0","9.83",",,,0","-2.82",",,,0"
"USC00392927","1981-12","45.03239","-99.12253","481.0","FAULKTON, SD US","408.0","0","0.0","2,0","4",",0","3",",0","0",",0","","","","","9","2,0","29","2,0","19",",0","0",",0","0",",0","","","19811218",",2,0","","","","","","","19811201",",,0","19811206",",,0","-31.7","2,0,18,","","","","","7.1",",,0,01,","6.1",",0,06,","1557.1","0","791.9",",0","15.5",",,,0","","","-8.94","2,0","-3.62",",,,0","-14.26","2,,,0"
"USC00392927","1982-01","45.03239","-99.12253","481.0","FAULKTON, SD US","0.0","0","0.0","1,0","10","1,0","3","1,0","0","1,0","29","2,0","6","1,0","29","1,0","30","1,0","29","1,0","0","1,0","0","1,0","","","19820110",",1,0","19820131","+,2,0","19820122",",1,0","","","19820122",",1,0","19820127",",1,0","-33.9","1,0,10,","533","2,,0,31,+","127","1,,0,22,","8.4","1,,0,22,","5.6","1,0,27,","2637.8","0","1080.7","1,0","24.2","1,,,0","433","1,,,0","-17.69","1,0","-10.82","1,,,0","-24.56","1,,,0"
"USC00392927","1982-02","45.03239","-99.12253","481.0","FAULKTON, SD US","0.0","0","0.0","1,0","2",",0","1",",0","0",",0","25","1,0","1",",0","12","1,0","26","1,0","16",",0","0",",0","0",",0","1","","19820205",",1,0","19820213","+,1,0","19820224",",,0","","","19820224",",,0","19820221",",,0","-31.7","1,0,05,","508","1,,0,13,+","51",",,0,24,","3.0",",,0,24,","13.3",",0,21,","3371.7","0","733.9",",0","3.5",",,,0","51",",,,0","-8.78","1,0","-3.01",",,,0","-14.56","1,,,0"
"USC00392927","1982-03","45.03239","-99.12253","481.0","FAULKTON, SD US","0.0","0","0.0",",0","4",",0","3",",0","0",",0","","","2","2,0","2",",0","22",",0","9",",0","0",",0","0",",0","","","19820307",",,0","","","19820319",",2,0","","","19820319",",,0","19820314",",,0","-19.4",",0,07,","","","152","2,,0,19,","12.7",",,0,19,","13.3",",0,14,","3979.0","0","607.3",",0","25.4",",,,0","254","2,,,0","-1.26",",0","3.25",",,,0","-5.76",",,,0"
"USC00392927","1982-04","45.03239","-99.12253","481.0","FAULKTON, SD US","0.0","0","0.0",",0","7",",0","4",",0","1",",0","1","3,0","2",",0","0",",0","20",",0","5",",0","7",",0","0",",0","","","19820403",",,0","19820419",",3,0","19820419",",,0","","","19820419",",,0","19820423",",,0","-11.7",",0,03,","25","3,,0,19,","127",",,0,19,","27.4",",,0,19,","27.2",",0,23,","4337.6","0","358.6",",0","39.8",",,,0","152",",,,0","6.38",",0","13.99",",,,0","-1.23",",,,0"
"USC00392927","1982-05","45.03239","-99.12253","481.0","FAULKTON, SD US","10.6","0","10.6","1,0","14",",0","9",",0","0",",0","0",",0","0",",0","0","1,0","2","1,0","0","1,0","14","1,0","2","1,0","","","19820508",",1,0","19820531","+,,0","19820531","+,,0","","","19820515",",,0","19820503",",1,0","-0.6","1,0,08,","0",",,0,31,+","0",",,0,31,+","21.8",",,0,15,","32.8","1,0,03,","4449.2","0","111.6","1,0","104.0",",,,0","0",",,,0","14.97","1,0","20.62","1,,,0","9.31","1,,,0"
"USC00392927","1982-06","45.03239","-99.12253","481.0","FAULKTON, SD US","35.1","0","24.5","3,0","5","1,0","3","1,0","0","1,0","0",",0","0",",0","0","2,0","0","2,0","0","2,0","24","2,0","2","2,0","","","19820603",",2,0","19820630","+,,0","19820630","+,,0","","","19820606",",1,0","19820628","+,2,0","2.8","2,0,03,","0",",,0,30,+","0",",,0,30,+","24.9","1,,0,06,","32.2","2,0,28,+","4501.0","0","51.8","2,0","35.9","1,,,0","0",",,,0","17.35","3,0","24.71","2,,,0","10.00","2,,,0"
"USC00392927","1982-07","45.03239","-99.12253","481.0","FAULKTON, SD US","208.2","0","173.1",",0","9",",0","6",",0","0",",0","0",",0","0",",0","0",",0","0",",0","0",",0","31",",0","15",",0","","","19820730",",,0","19820731","+,,0","19820731","+,,0","","","19820702",",,0","19820731","+,,0","9.4",",0,30,","0",",,0,31,+","0",",,0,31,+","19.6",",,0,02,","37.2",",0,31,+","0.0","0","0.0",",0","58.0",",,,0","0",",,,0","23.92",",0","32.04",",,,0","15.79",",,,0"
"USC00392927","1982-08","45.03239","-99.12253","481.0","FAULKTON, SD US","347.7","0","139.5","1,0","3",",0","1",",0","0",",0","0",",0","0",",0","0","1,0","0","1,0","0",",0","31",",0","17",",0","","","19820810",",1,0","19820831","+,,0","19820831","+,,0","","","19820829",",,0","19820802",",,0","2.2","1,0,10,","0",",,0,31,+","0",",,0,31,+","20.3",",,0,29,","40.0",",0,02,","14.6","0","14.6",",0","23.1",",,,0","0",",,,0","22.41","1,0","31.08",",,,0","13.75","1,,,0"
"USC00392927","1982-09","45.03239","-99.12253","481.0","FAULKTON, SD US","390.0","0","42.3","1,0","6",",0","3",",0","0",",0","0",",0","0",",0","0","1,0","2","1,0","0",",0","19",",0","6",",0","","","19820925",",1,0","19820930","+,,0","19820930","+,,0","","","19820912",",,0","19820910",",,0","-1.1","1,0,25,","0",",,0,30,+","0",",,0,30,+","17.3",",,0,12,","36.7",",0,10,","117.6","0","103.0",",0","41.2",",,,0","0",",,,0","16.32","1,0","24.54",",,,0","8.10","1,,,0"
"USC00392927","1982-10","45.03239","-99.12253","481.0","FAULKTON, SD US","390.0","0","0.0",",0","11",",0","7",",0","1",",0","0",",0","0",",0","0",",0","9",",0","0",",0","5",",0","0",",0","","","19821021",",,0","19821031","+,,0","19821031","+,,0","","","19821009",",,0","19821017","+,,0","-7.8",",0,21,","0",",,0,31,+","0",",,0,31,+","43.7",",,0,09,","25.6",",0,17,+","405.2","0","287.6",",0","111.9",",,,0","0",",,,0","9.06",",0","15.58",",,,0","2.53",",,,0"
"USC00392927","1982-11","45.03239","-99.12253","481.0","FAULKTON, SD US","390.0","0","0.0",",0","3",",0","2",",0","0",",0","","","1","1,0","1",",0","27",",0","6",",0","0",",0","0",",0","","","19821126",",,0","","","19821110",",1,0","","","19821110",",,0","19821106",",,0","-17.8",",0,26,","","","76","1,,0,10,","8.1",",,0,10,","13.3",",0,06,","990.5","0","585.3",",0","12.2",",,,0","76","1,,,0","-1.18",",0","5.04",",,,0","-7.39",",,,0"
"USC00392927","1982-12","45.03239","-99.12253","481.0","FAULKTON, SD US","390.0","0","0.0","1,0","1","1,0","0","1,0","0","1,0","0","1,0","0",",0","2","1,0","29","1,0","9","1,0","0","1,0","0","1,0","3","","19821211",",1,0","19821202",",1,0","19821202",",,0","","","19821202",",1,0","19821217",",1,0","-21.7","1,0,11,","0","1,T,0,02,","0",",T,0,02,","1.3","1,,0,02,","13.3","1,0,17,","1648.4","0","657.9","1,0","1.3","1,,,0","0",",T,,0","-3.60","1,0","2.39","1,,,0","-9.58","1,,,0"
"USC00392927","1983-01","45.03239","-99.12253","481.0","FAULKTON, SD US","0.0","0","0.0","1,0","2","1,0","0","1,0","0","1,0","","","","","4","1,0","30","1,0","12","1,0","0","1,0","0","1,0","3","","19830126",",1,0","","","","","","","19830109",",1,0","19830112",",1,0","-25.0","1,0,26,","","","","","1.5","1,,0,09,","13.9","1,0,12,","2316.3","0","667.9","1,0","2.0","1,,,0","","","-3.93","1,0","2.39","1,,,0","-10.25","1,,,0"
"USC00392927","1983-02","45.03239","-99.12253","481.0","FAULKTON, SD US","0.0","0","0.0",",0","1",",0","0",",0","0",",0","0",",0","0",",0","4",",0","26",",0","10",",0","0",",0","0",",0","","","19830204",",,0","19830205","+,,0","19830223","+,,0","","","19830227",",,0","19830218",",,0","-21.7",",0,04,","0",",T,0,05,+","0",",T,0,23,+","0.3",",,0,27,","18.9",",0,18,","2858.6","0","542.3",",0","0.3",",,,0","0",",T,,0","-1.04",",0","5.58",",,,0","-7.65",",,,0"
"USC00392927","1983-03","45.03239","-99.12253","481.0","FAULKTON, SD US","0.0","0","0.0","2,0","8",",0","4",",0","1",",0","12",",0","5","1,0","0",",0","27",",0","4","2,0","0","2,0","0","2,0","","","19830310",",,0","19830327",",,0","19830326",",1,0","","","19830305",",,0","19830312",",2,0","-14.4",",0,10,","127",",,0,27,","102","1,,0,26,","33.0",",,0,05,","16.1","2,0,12,","3384.5","0","525.9","2,0","53.4",",,,0","356","1,,,0","0.08","2,0","4.30","2,,,0","-4.13",",,,0"
"USC00392927","1983-04","45.03239","-99.12253","481.0","FAULKTON, SD US","0.0","0","0.0",",0","7",",0","5",",0","0",",0","2",",0","0","2,0","0",",0","25",",0","0",",0","3",",0","0",",0","","","19830414",",,0","19830417",",,0","19830430","+,2,0","","","19830412",",,0","19830425",",,0","-7.8",",0,14,","51",",,0,17,","0","2,,0,30,+","9.7",",,0,12,","25.0",",0,25,","3776.8","0","392.3",",0","33.8",",,,0","0","2,,,0","5.26",",0","11.80",",,,0","-1.28",",,,0"
"USC00392927","1983-05","45.03239","-99.12253","481.0","FAULKTON, SD US","3.1","0","3.1","2,0","8","1,0","6","1,0","0","1,0","0",",0","0",",0","0","2,0","4","2,0","0","1,0","14","1,0","0","1,0","","","19830514",",2,0","19830531","+,,0","19830531","+,,0","","","19830506",",1,0","19830527",",1,0","-2.8","2,0,14,","0",",,0,31,+","0",",,0,31,+","21.8","1,,0,06,","30.0","1,0,27,","3956.3","0","179.5","1,0","63.6","1,,,0","0",",,,0","12.32","2,0","20.29","1,,,0","4.35","2,,,0"
"USC00392927","1983-06","45.03239","-99.12253","481.0","FAULKTON, SD US","61.5","0","58.4",",0","8",",0","6",",0","2",",0","0",",0","0",",0","0",",0","0",",0","0",",0","26",",0","3",",0","","","19830616",",,0","19830630","+,,0","19830630","+,,0","","","19830613",",,0","19830624",",,0","3.3",",0,16,","0",",,0,30,+","0",",,0,30,+","36.1",",,0,13,","33.3",",0,24,","4002.5","0","46.2",",0","104.7",",,,0","0",",,,0","18.74",",0","25.85",",,,0","11.63",",,,0"
"USC00392927","1983-07","45.03239","-99.12253","481.0","FAULKTON, SD US","253.1","0","191.6",",0","10",",0","8",",0","1",",0","0",",0","0",",0","0",",0","0",",0","0",",0","31",",0","15",",0","","","19830704",",,0","19830731","+,,0","19830731","+,,0","","","19830727",",,0","19830720",",,0","11.7",",0,04,","0",",,0,31,+","0",",,0,31,+","50.5",",,0,27,","37.2",",0,20,","0.5","0","0.5",",0","109.6",",,,0","0",",,,0","24.50",",0","31.77",",,,0","17.22",",,,0"
"USC00392927","1983-08","45.03239","-99.12253","481.0","FAULKTON, SD US","438.7","0","185.6","3,0","8",",0","5",",0","0",",0","0",",0","0",",0","0","3,0","0","3,0","0","1,0","30","1,0","24","1,0","","","19830814",",3,0","19830831","+,,0","19830831","+,,0","","","19830816",",,0","19830829","+,1,0","8.3","3,0,14,","0",",,0,31,+","0",",,0,31,+","21.8",",,0,16,","38.9","1,0,29,+","0.5","0","0.0","1,0","54.3",",,,0","0",",,,0","25.03","3,0","33.83","1,,,0","16.24","3,,,0"
"USC00392927","1983-09","45.03239","-99.12253","481.0","FAULKTON, SD US","486.8","0","48.1","1,0","5",",0","4",",0","0",",0","0",",0","0",",0","0","1,0","3","1,0","0","1,0","19","1,0","6","1,0","","","19830922","+,1,0","19830930","+,,0","19830930","+,,0","","","19830904",",,0","19830902",",1,0","-2.2","1,0,22,+","0",",,0,30,+","0",",,0,30,+","21.6",",,0,04,","41.1","1,0,02,","113.7","0","113.2","1,0","61.7",",,,0","0",",,,0","16.09","1,0","24.86","1,,,0","7.32","1,,,0"
"USC00392927","1983-10","45.03239","-99.12253","481.0","FAULKTON, SD US","486.8","0","0.0","2,0","6",",0","2",",0","0",",0","0",",0","0",",0","0","2,0","8","2,0","0",",0","4",",0","0",",0","","","19831014",",2,0","19831031","+,,0","19831031","+,,0","","","19831001",",,0","19831001",",,0","-7.8","2,0,14,","0",",,0,31,+","0",",,0,31,+","8.9",",,0,01,","27.2",",0,01,","369.6","0","255.9",",0","20.4",",,,0","0",",,,0","9.48","2,0","16.31",",,,0","2.66","2,,,0"
"USC00392927","1983-11","45.03239","-99.12253","481.0","FAULKTON, SD US","486.8","0","0.0",",0","7",",0","4",",0","0",",0","10",",0","0","5,0","0",",0","21",",0","8",",0","0",",0","0",",0","","","19831130",",,0","19831124","+,,0","19831130","+,5,0","","","19831103",",,0","19831107",",,0","-14.4",",0,30,","51",",,0,24,+","0","5,,0,30,+","8.9",",,0,03,","16.1",",0,07,","908.3","0","538.7",",0","24.0",",,,0","0","5,,,0","0.38",",0","4.25",",,,0","-3.50",",,,0"
"USC00392927","1983-12","45.03239","-99.12253","481.0","FAULKTON, SD US","486.8","0","0.0","1,0","5",",0","2",",0","0",",0","","","3","3,0","20",",0","31",",0","29","1,0","0","1,0","0","1,0","","","19831223",",,0","","","19831205",",3,0","","","19831205",",,0","19831203",",1,0","-35.0",",0,23,","","","38","3,,0,05,","2.8",",,0,05,","2.8","1,0,03,","1953.7","0","1045.4","1,0","9.7",",,,0","88","3,,,0","-16.64","1,0","-11.68","1,,,0","-21.60",",,,0"
"USC00392927","1984-01","45.03239","-99.12253","481.0","FAULKTON, SD US","0.0","0","0.0","1,0","2",",0","0",",0","0",",0","0",",0","0",",0","12","1,0","27","1,0","14","1,0","0","1,0","0","1,0","","","19840120",",1,0","19840127","+,,0","19840112",",,0","","","19840129",",,0","19840124",",1,0","-30.0","1,0,20,","0",",T,0,27,+","0",",T,0,12,","2.0",",,0,29,","7.8","1,0,24,","2721.2","0","767.5","1,0","2.5",",,,0","0",",T,,0","-7.25","1,0","-2.04","1,,,0","-12.47","1,,,0"
"USC00392927","1984-02","45.03239","-99.12253","481.0","FAULKTON, SD US","0.0","0","0.0","2,0","2",",0","1",",0","0",",0","5",",0","2",",0","1","2,0","27","2,0","5",",0","0",",0","0",",0","","","19840205",",2,0","19840212",",,0","19840212",",,0","","","19840212",",,0","19840221",",,0","-21.7","2,0,05,","76",",,0,12,","76",",,0,12,","6.9",",,0,12,","16.7",",0,21,","3233.4","0","512.2",",0","8.2",",,,0","101",",,,0","-0.58","2,0","5.09",",,,0","-6.24","2,,,0"
"USC00392927","1984-03","45.03239","-99.12253","481.0","FAULKTON, SD US","0.0","0","0.0","1,0","7","1,0","6","1,0","0","1,0","18",",0","5","3,0","2","1,0","28","1,0","10","1,0","0","1,0","0","1,0","","","19840308",",1,0","19840329",",,0","19840329",",3,0","","","19840329",",1,0","19840324",",1,0","-22.8","1,0,08,","127",",,0,29,","127","3,,0,29,","11.2","1,,0,29,","13.3","1,0,24,","3847.0","0","613.6","1,0","37.0","1,,,0","386","3,,,0","-2.12","1,0","2.93","1,,,0","-7.17","1,,,0"
"USC00392927","1984-04","45.03239","-99.12253","481.0","FAULKTON, SD US","0.0","0","0.0","2,0","8",",0","4",",0","0",",0","0",",0","0",",0","0","2,0","15","2,0","0",",0","1",",0","0",",0","","","19840404",",2,0","19840430","+,,0","19840430","+,,0","","","19840412",",,0","19840423",",,0","-5.6","2,0,04,","0",",,0,30,+","0",",,0,30,+","24.9",",,0,12,","21.7",",0,23,","4156.1","0","309.1",",0","66.6",",,,0","0",",,,0","7.29","2,0","13.93",",,,0","0.66","2,,,0"
"USC00392927","1984-05","45.03239","-99.12253","481.0","FAULKTON, SD US","14.8","0","14.8",",0","7",",0","5",",0","0",",0","0",",0","0",",0","0",",0","4",",0","0",",0","17",",0","2",",0","","","19840501",",,0","19840531","+,,0","19840531","+,,0","","","19840527",",,0","19840531","+,,0","-6.1",",0,01,","0",",,0,31,+","0",",,0,31,+","21.1",",,0,27,","32.2",",0,31,+","4323.2","0","167.1",",0","53.9",",,,0","0",",,,0","13.42",",0","21.62",",,,0","5.22",",,,0"
"USC00392927","1984-06","45.03239","-99.12253","481.0","FAULKTON, SD US","69.1","0","54.3",",0","14",",0","11",",0","3",",0","0",",0","0",",0","0",",0","0",",0","0",",0","28",",0","0",",0","","","19840601",",,0","19840630","+,,0","19840630","+,,0","","","19840615",",,0","19840601",",,0","5.0",",0,01,","0",",,0,30,+","0",",,0,30,+","40.4",",,0,15,","31.7",",0,01,","4339.1","0","15.9",",0","177.9",",,,0","0",",,,0","19.62",",0","26.04",",,,0","13.19",",,,0"
"USC00392927","1984-07","45.03239","-99.12253","481.0","FAULKTON, SD US","209.8","0","140.7","1,0","7","1,0","5","1,0","0","1,0","0",",0","0",",0","0","1,0","0","1,0","0","1,0","30","1,0","8","1,0","","","19840705",",1,0","19840731","+,,0","19840731","+,,0","","","19840710",",1,0","19840730",",1,0","7.2","1,0,05,","0",",,0,31,+","0",",,0,31,+","17.0","1,,0,10,","36.1","1,0,30,","4.2","0","4.2","1,0","49.5","1,,,0","0",",,,0","22.88","1,0","30.35","1,,,0","15.42","1,,,0"
"USC00392927","1984-08","45.03239","-99.12253","481.0","FAULKTON, SD US","380.4","0","170.6",",0","6",",0","3",",0","0",",0","0",",0","0",",0","0",",0","0",",0","0",",0","31",",0","14",",0","1","","19840819",",,0","19840831","+,,0","19840831","+,,0","","","19840817",",,0","19840828",",,0","6.7",",0,19,","0",",,0,31,+","0",",,0,31,+","6.6",",,0,17,","38.3",",0,28,","5.1","0","0.9",",0","21.6",",,,0","0",",,,0","23.81",",0","32.27",",,,0","15.34",",,,0"
"USC00392927","1984-09","45.03239","-99.12253","481.0","FAULKTON, SD US","404.3","0","23.9","2,0","6",",0","4",",0","0",",0","0",",0","0",",0","0","2,0","4","2,0","0","1,0","18","1,0","4","1,0","","","19840926",",2,0","19840930","+,,0","19840930","+,,0","","","19840922",",,0","19840919",",1,0","-6.7","2,0,26,","0",",,0,30,+","0",",,0,30,+","9.4",",,0,22,","36.1","1,0,19,","147.4","0","142.3","1,0","31.8",",,,0","0",",,,0","14.07","2,0","22.63","1,,,0","5.51","2,,,0"
"USC00392927","1984-10","45.03239","-99.12253","481.0","FAULKTON, SD US","409.1","0","4.8",",0","6",",0","4",",0","0",",0","0",",0","0",",0","0",",0","11",",0","0",",0","11",",0","0",",0","","","19841031",",,0","19841031","+,,0","19841031","+,,0","","","19841015",",,0","19841012",",,0","-13.9",",0,31,","0",",,0,31,+","0",",,0,31,+","19.8",",,0,15,","28.9",",0,12,","415.7","0","268.3",",0","49.0",",,,0","0",",,,0","9.83",",0","16.68",",,,0","2.99",",,,0"
"USC00392927","1984-11","45.03239","-99.12253","481.0","FAULKTON, SD US","","","","","2",",0","0",",0","0",",0","0",",0","0",",0","","","","","4",",0","0",",0","0",",0","","","","","19841130","+,,0","19841130","+,,0","","","19841126",",,0","19841124",",,0","","","0",",T,0,30,+","0",",T,0,30,+","0.5",",,0,26,","18.9",",0,24,","","","","","0.8",",,,0","0",",T,,0","","","7.02",",,,0","",""
"USC00392927","1984-12","45.03239","-99.12253","481.0","FAULKTON, SD US","","","","","6","1,0","1","1,0","0","1,0","","","3","3,0","18","5,0","26","5,0","18","4,0","0","4,0","0","4,0","","","19841231",",5,0","","","19841201",",3,0","","","19841201",",1,0","19841207",",4,0","-28.3","5,0,31,","","","229","3,,0,01,","22.6","1,,0,01,","5.6","4,0,07,","","","","","26.5","1,,,0","279","3,,,0","-11.92","9,0","-4.51","4,,,0","-19.34","5,,,0"
"USC00392927","1985-01","45.03239","-99.12253","481.0","FAULKTON, SD US","","","","","2",",0","0",",0","0",",0","","","1","1,0","","","","","22",",0","0",",0","0",",0","","","","","","","19850109",",1,0","","","19850109",",,0","19850117",",,0","","","","","51","1,,0,09,","2.3",",,0,09,","3.9",",0,17,","","","","","3.3",",,,0","51","1,,,0","","","-6.39",",,,0","",""
"USC00392927","1985-02","45.03239","-99.12253","481.0","FAULKTON, SD US","","","0.0","1,0","0","1,0","0","1,0","0","1,0","","","0","1,0","11","1,0","26","1,0","15",",0","0",",0","0",",0","","","19850201",",1,0","","","19850209","+,1,0","","","19850209","+,1,0","19850228",",,0","-31.1","1,0,01,","","","0","1,T,0,09,+","0.0","1,T,0,09,+","14.4",",0,28,","","","724.4",",0","0.0","1,T,,0","0","1,T,,0","-8.51","1,0","-1.93",",,,0","-15.10","1,,,0"
"USC00392927","1985-03","45.03239","-99.12253","481.0","FAULKTON, SD US","","","0.0","2,0","7",",0","3",",0","2",",0","","","4",",0","1","1,0","28","1,0","3","1,0","0","1,0","0","1,0","","","19850304",",1,0","","","19850302",",,0","","","19850302",",,0","19850321",",1,0","-18.9","1,0,04,","","","356",",,0,02,","52.1",",,0,02,","20.0","1,0,21,","","","488.7","1,0","99.4",",,,0","749",",,,0","1.24","2,0","7.91","1,,,0","-5.43","1,,,0"
"USC00392927","1985-04","45.03239","-99.12253","481.0","FAULKTON, SD US","","","3.1","1,0","6",",0","3",",0","0",",0","0",",0","1",",0","0","1,0","13","1,0","0",",0","11",",0","2",",0","","","19850407",",1,0","19850430","+,,0","19850404",",,0","","","19850419",",,0","19850429","+,,0","-8.3","1,0,07,","0",",,0,30,+","51",",,0,04,","6.9",",,0,19,","32.2",",0,29,+","","","237.8",",0","15.0",",,,0","51",",,,0","10.18","1,0","19.25",",,,0","1.11","1,,,0"
"USC00392927","1985-05","45.03239","-99.12253","481.0","FAULKTON, SD US","","","35.7","2,0","7",",0","6",",0","0",",0","0",",0","0",",0","0","2,0","0","2,0","0",",0","25",",0","5",",0","","","19850506",",2,0","19850531","+,,0","19850531","+,,0","","","19850530",",,0","19850525",",,0","1.1","2,0,06,","0",",,0,31,+","0",",,0,31,+","15.7",",,0,30,","34.4",",0,25,","","","78.3",",0","46.4",",,,0","0",",,,0","16.91","2,0","25.70",",,,0","8.12","2,,,0"
"USC00392927","1985-06","45.03239","-99.12253","481.0","FAULKTON, SD US","","","17.0","3,0","10",",0","4",",0","0",",0","0",",0","0",",0","0","3,0","0","3,0","0",",0","21",",0","2",",0","","","19850602",",3,0","19850630","+,,0","19850630","+,,0","","","19850610",",,0","19850624",",,0","1.1","3,0,02,","0",",,0,30,+","0",",,0,30,+","15.5",",,0,10,","33.9",",0,24,","","","78.9",",0","32.1",",,,0","0",",,,0","16.39","3,0","23.78",",,,0","8.99","3,,,0"
"USC00392927","1985-07","45.03239","-99.12253","481.0","FAULKTON, SD US","","","129.6","3,0","10",",0","6",",0","1",",0","0",",0","0",",0","0","3,0","0","3,0","0",",0","30",",0","19",",0","","","19850714",",3,0","19850731","+,,0","19850731","+,,0","","","19850730",",,0","19850707",",,0","8.3","3,0,14,","0",",,0,31,+","0",",,0,31,+","26.9",",,0,30,","41.1",",0,07,","6.1","0","6.1",",0","69.2",",,,0","0",",,,0","22.83","3,0","31.89",",,,0","13.77","3,,,0"
"USC00392927","1985-08","45.03239","-99.12253","481.0","FAULKTON, SD US","","","46.5","4,0","12",",0","6",",0","2",",0","0",",0","0",",0","0","4,0","0","4,0","0",",0","30",",0","3",",0","","","19850809",",4,0","19850831","+,,0","19850831","+,,0","","","19850807",",,0","19850807",",,0","4.4","4,0,09,","0",",,0,31,+","0",",,0,31,+","57.2",",,0,07,","35.0",",0,07,","36.3","0","30.2",",0","125.0",",,,0","0",",,,0","18.94","4,0","26.25",",,,0","11.63","4,,,0"
"USC00392927","1985-09","45.03239","-99.12253","481.0","FAULKTON, SD US","","","23.2","3,0","11",",0","8",",0","2",",0","0",",0","0",",0","0","3,0","5","3,0","0","1,0","11","1,0","0","1,0","","","19850926",",3,0","19850930","+,,0","19850930","+,,0","","","19850912",",,0","19850905","+,1,0","-2.8","3,0,26,","0",",,0,30,+","0",",,0,30,+","45.0",",,0,12,","30.6","1,0,05,+","186.4","0","150.1","1,0","137.6",",,,0","0",",,,0","13.46","3,0","18.79","1,,,0","8.13","3,,,0"
"USC00392927","1985-10","45.03239","-99.12253","481.0","FAULKTON, SD US","","","0.0","1,0","5",",0","3",",0","0",",0","0",",0","0",",0","0","1,0","14","1,0","0",",0","4",",0","0",",0","","","19851030",",1,0","19851031","+,,0","19851031","+,,0","","","19851012",",,0","19851026",",,0","-8.9","1,0,30,","0",",,0,31,+","0",",,0,31,+","14.5",",,0,12,","22.2",",0,26,","513.1","0","326.7",",0","23.1",",,,0","0",",,,0","7.50","1,0","14.76",",,,0","0.24","1,,,0"
"USC00392927","1985-11","45.03239","-99.12253","481.0","FAULKTON, SD US","","","0.0","3,0","11",",0","6",",0","0",",0","","","10",",0","10","3,0","27","3,0","20",",0","0",",0","0",",0","","","19851127",",3,0","","","19851122",",,0","","","19851122",",,0","19851106",",,0","-27.2","3,0,27,","","","89",",,0,22,","10.4",",,0,22,","16.7",",0,06,","1248.5","0","735.4",",0","41.3",",,,0","558",",,,0","-8.31","3,0","-2.99",",,,0","-13.62","3,,,0"
"USC00392927","1985-12","45.03239","-99.12253","481.0","FAULKTON, SD US","","","0.0","1,0","5",",0","1",",0","0",",0","","","4",",0","16","1,0","30","1,0","25",",0","0",",0","0",",0","","","19851219","+,1,0","","","19851217",",,0","","","19851217",",,0","19851222",",,0","-27.2","1,0,19,+","","","64",",,0,17,","3.3",",,0,17,","3.9",",0,22,","2173.9","0","925.4",",0","8.1",",,,0","139",",,,0","-12.49","1,0","-6.52",",,,0","-18.46","1,,,0"
"USC00392927","1986-01","45.03239","-99.12253","481.0","FAULKTON, SD US","0.0","0","0.0",",0","5",",0","1",",0","0",",0","","","2","2,0","6",",0","31",",0","19",",0","0",",0","0",",0","","","19860107",",,0","","","19860131","+,2,0","","","19860124",",,0","19860118",",,0","-27.8",",0,07,","","","25","2,,0,31,+","3.0",",,0,24,","7.8",",0,18,","2948.5","0","774.6",",0","7.4",",,,0","63","2,,,0","-6.65",",0","-1.78",",,,0","-11.53",",,,0"
"USC00392927","1986-02","45.03239","-99.12253","481.0","FAULKTON, SD US","0.0","0","0.0",",0","7",",0","3",",0","0",",0","","","4",",0","13",",0","27",",0","24",",0","0",",0","0",",0","4","","19860211",",,0","","","19860220",",,0","","","19860220",",,0","19860226",",,0","-27.2",",0,11,","","","102",",,0,20,","14.0",",,0,20,","6.1",",0,26,","3770.6","0","822.1",",0","32.3",",,,0","280",",,,0","-11.03",",0","-7.04",",,,0","-15.02",",,,0"
"USC00392927","1986-03","45.03239","-99.12253","481.0","FAULKTON, SD US","0.0","0","0.0","3,0","8",",0","2",",0","0",",0","","","3","1,0","2","2,0","24","2,0","3","1,0","3","1,0","0","1,0","","","19860307",",2,0","","","19860318",",1,0","","","19860318",",,0","19860330","+,1,0","-19.4","2,0,07,","","","127","1,,0,18,","10.9",",,0,18,","25.6","1,0,30,+","4222.2","0","451.6","1,0","19.4",",,,0","203","1,,,0","2.44","3,0","8.00","1,,,0","-3.12","2,,,0"
"USC00392927","1986-04","45.03239","-99.12253","481.0","FAULKTON, SD US","0.0","0","0.0","2,0","13",",0","11",",0","0",",0","","","2",",0","0","2,0","9","2,0","2",",0","4",",0","0",",0","","","19860415","+,2,0","","","19860414",",,0","","","19860418",",,0","19860424",",,0","-7.2","2,0,15,+","","","152",",,0,14,","19.6",",,0,18,","29.4",",0,24,","4554.4","0","332.2",",0","141.7",",,,0","203",",,,0","6.47","2,0","12.16",",,,0","0.79","2,,,0"
"USC00392927","1986-05","45.03239","-99.12253","481.0","FAULKTON, SD US","8.4","0","8.4",",0","7",",0","4",",0","1",",0","0",",0","0",",0","0",",0","0",",0","0",",0","16",",0","0",",0","","","19860517",",,0","19860531","+,,0","19860531","+,,0","","","19860509",",,0","19860531","+,,0","1.1",",0,17,","0",",,0,31,+","0",",,0,31,+","28.4",",,0,09,","27.8",",0,31,+","4701.5","0","147.1",",0","59.6",",,,0","0",",,,0","13.86",",0","20.22",",,,0","7.50",",,,0"
"USC00392927","1986-06","45.03239","-99.12253","481.0","FAULKTON, SD US","75.4","0","67.0","1,0","9",",0","5",",0","1",",0","0",",0","0",",0","0","1,0","0","1,0","0",",0","27",",0","4",",0","","","19860605",",1,0","19860630","+,,0","19860630","+,,0","","","19860620",",,0","19860626",",,0","6.7","1,0,05,","0",",,0,30,+","0",",,0,30,+","37.3",",,0,20,","34.4",",0,26,","4715.7","0","14.2",",0","92.6",",,,0","0",",,,0","20.09","1,0","26.76",",,,0","13.43","1,,,0"
"USC00392927","1986-07","45.03239","-99.12253","481.0","FAULKTON, SD US","198.0","0","122.6",",0","12",",0","7",",0","1",",0","0",",0","0",",0","0",",0","0",",0","0",",0","30",",0","4",",0","","","19860706",",,0","19860731","+,,0","19860731","+,,0","","","19860714",",,0","19860724",",,0","9.4",",0,06,","0",",,0,31,+","0",",,0,31,+","29.0",",,0,14,","36.1",",0,24,","3.9","0","3.9",",0","92.6",",,,0","0",",,,0","22.16",",0","29.09",",,,0","15.24",",,,0"
"USC00392927","1986-08","45.03239","-99.12253","481.0","FAULKTON, SD US","252.9","0","54.9",",0","7",",0","4",",0","1",",0","0",",0","0",",0","0",",0","0",",0","0",",0","27",",0","2",",0","1","","19860821",",,0","19860831","+,,0","19860831","+,,0","","","19860820",",,0","19860816",",,0","5.0",",0,21,","0",",,0,31,+","0",",,0,31,+","26.4",",,0,20,","35.6",",0,16,","38.7","0","34.8",",0","54.6",",,,0","0",",,,0","18.98",",0","26.38",",,,0","11.58",",,,0"
"USC00392927","1986-09","45.03239","-99.12253","481.0","FAULKTON, SD US","255.9","0","3.0",",0","16",",0","4",",0","0",",0","0",",0","0",",0","0",",0","0",",0","0",",0","10",",0","0",",0","9","","19860930",",,0","19860930","+,,0","19860930","+,,0","","","19860919",",,0","19860901",",,0","1.7",",0,30,","0",",,0,30,+","0",",,0,30,+","23.4",",,0,19,","28.3",",0,01,","182.5","0","143.8",",0","55.2",",,,0","0",",,,0","13.64",",0","18.98",",,,0","8.31",",,,0"
"USC00392927","1986-10","45.03239","-99.12253","481.0","FAULKTON, SD US","255.9","0","0.0","1,0","7",",0","1",",0","0",",0","0",",0","0",",0","0","1,0","9","1,0","0",",0","11",",0","0",",0","","","19861014",",1,0","19861031","+,,0","19861012",",,0","","","19861003",",,0","19861008",",,0","-6.1","1,0,14,","0",",,0,31,+","0",",T,0,12,","5.8",",,0,03,","24.4",",0,08,","467.8","0","285.3",",0","8.7",",,,0","0",",T,,0","8.92","1,0","15.90",",,,0","1.94","1,,,0"
"USC00392927","1986-11","45.03239","-99.12253","481.0","FAULKTON, SD US","255.9","0","0.0","1,0","3",",0","1",",0","0",",0","0","5,0","1","3,0","5","1,0","28","1,0","9",",0","0",",0","0",",0","","","19861113",",1,0","19861130","+,5,0","19861118",",3,0","","","19861108",",,0","19861106",",,0","-22.8","1,0,13,","0","5,,0,30,+","51","3,,0,18,","18.3",",,0,08,","16.1",",0,06,","1083.8","0","616.0",",0","21.9",",,,0","51","3,,,0","-2.72","1,0","2.96",",,,0","-8.40","1,,,0"
"USC00392927","1986-12","45.03239","-99.12253","481.0","FAULKTON, SD US","255.9","0","0.0",",0","1",",0","0",",0","0",",0","0",",0","0",",0","3",",0","31",",0","10",",0","0",",0","0",",0","","","19861210",",,0","19861231","+,,0","19861231","+,,0","","","19861231",",,0","19861223","+,,0","-20.0",",0,10,","0",",,0,31,+","0",",,0,31,+","0.3",",,0,31,","11.1",",0,23,+","1770.1","0","686.3",",0","0.3",",,,0","0",",,,0","-3.80",",0","2.79",",,,0","-10.40",",,,0"
"USC00392927","1987-01","45.03239","-99.12253","481.0","FAULKTON, SD US","0.0","0","0.0",",0","1",",0","0",",0","0",",0","0","1,0","1",",0","6",",0","31",",0","16",",0","0",",0","0",",0","","","19870123",",,0","19870131","+,1,0","19870126",",,0","","","19870126",",,0","19870113",",,0","-27.2",",0,23,","0","1,,0,31,+","25",",,0,26,","1.3",",,0,26,","18.9",",0,13,","2484.6","0","714.5",",0","1.3",",,,0","25",",,,0","-4.71",",0","1.81",",,,0","-11.24",",,,0"
"USC00392927","1987-02","45.03239","-99.12253","481.0","FAULKTON, SD US","0.0","0","0.0","1,0","6",",0","5",",0","0",",0","","","3",",0","0","1,0","27","1,0","7",",0","0",",0","0",",0","","","19870218",",1,0","","","19870228",",,0","","","19870228",",,0","19870208",",,0","-12.2","1,0,18,","","","152",",,0,28,","14.5",",,0,28,","16.1",",0,08,","2998.0","0","513.4",",0","39.8",",,,0","304",",,,0","-0.50","1,0","5.41",",,,0","-6.41","1,,,0"
"USC00392927","1987-03","45.03239","-99.12253","481.0","FAULKTON, SD US","0.0","0","0.0","1,0","10",",0","5",",0","0",",0","1","3,0","4",",0","0","1,0","28","1,0","8",",0","1",",0","0",",0","","","19870309",",1,0","19870317",",3,0","19870324",",,0","","","19870318",",,0","19870308",",,0","-15.0","1,0,09,","25","3,,0,17,","102",",,0,24,","22.1",",,0,18,","21.1",",0,08,","3555.9","0","557.9",",0","66.4",",,,0","254",",,,0","-0.32","1,0","4.19",",,,0","-4.82","1,,,0"
"USC00392927","1987-04","45.03239","-99.12253","481.0","FAULKTON, SD US","8.4","0","8.4","3,0","3",",0","1",",0","0",",0","0",",0","0",",0","0","3,0","12","3,0","0",",0","15",",0","0",",0","","","19870402",",3,0","19870430","+,,0","19870430","+,,0","","","19870413",",,0","19870429","+,,0","-8.3","3,0,02,","0",",,0,30,+","0",",,0,30,+","4.1",",,0,13,","30.6",",0,29,+","3767.1","0","211.2",",0","6.4",",,,0","0",",,,0","10.98","3,0","19.48",",,,0","2.49","3,,,0"
"USC00392927","1987-05","45.03239","-99.12253","481.0","FAULKTON, SD US","36.6","0","28.2",",0","10",",0","4",",0","1",",0","0",",0","0",",0","0",",0","0",",0","0",",0","22",",0","4",",0","","","19870522",",,0","19870531","+,,0","19870531","+,,0","","","19870521",",,0","19870517",",,0","3.3",",0,22,","0",",,0,31,+","0",",,0,31,+","40.9",",,0,21,","33.9",",0,17,","3852.7","0","85.6",",0","59.7",",,,0","0",",,,0","16.48",",0","23.41",",,,0","9.55",",,,0"
"USC00392927","1987-06","45.03239","-99.12253","481.0","FAULKTON, SD US","129.1","0","92.5",",0","8",",0","4",",0","0",",0","0",",0","0",",0","0",",0","0",",0","0",",0","30",",0","12",",0","","","19870626","+,,0","19870630","+,,0","19870630","+,,0","","","19870624",",,0","19870607",",,0","7.2",",0,26,+","0",",,0,30,+","0",",,0,30,+","6.6",",,0,24,","36.7",",0,07,","3870.8","0","18.1",",0","22.3",",,,0","0",",,,0","20.81",",0","29.58",",,,0","12.05",",,,0"
"USC00392927","1987-07","45.03239","-99.12253","481.0","FAULKTON, SD US","275.4","0","146.3","2,0","7",",0","5",",0","0",",0","0",",0","0",",0","0","2,0","0","2,0","0",",0","30",",0","14",",0","","","19870713",",2,0","19870731","+,,0","19870731","+,,0","","","19870719",",,0","19870731","+,,0","7.2","2,0,13,","0",",,0,31,+","0",",,0,31,+","22.4",",,0,19,","39.4",",0,31,+","5.5","0","5.5",",0","60.7",",,,0","0",",,,0","23.44","2,0","31.40",",,,0","15.49","2,,,0"
"USC00392927","1987-08","45.03239","-99.12253","481.0","FAULKTON, SD US","358.0","0","82.6","1,0","11",",0","7",",0","0",",0","0",",0","0",",0","0","1,0","0","1,0","0",",0","27",",0","9",",0","","","19870831",",1,0","19870831","+,,0","19870831","+,,0","","","19870812",",,0","19870801",",,0","2.8","1,0,31,","0",",,0,31,+","0",",,0,31,+","14.7",",,0,12,","41.7",",0,01,","37.1","0","31.6",",0","50.3",",,,0","0",",,,0","20.15","1,0","27.90",",,,0","12.41","1,,,0"
"USC00392927","1987-09","45.03239","-99.12253","481.0","FAULKTON, SD US","369.4","0","11.4","4,0","7",",0","3",",0","0",",0","0",",0","0",",0","0","4,0","0","4,0","0",",0","22",",0","3",",0","","","19870913",",4,0","19870930","+,,0","19870930","+,,0","","","19870905",",,0","19870927",",,0","1.1","4,0,13,","0",",,0,30,+","0",",,0,30,+","7.1",",,0,05,","35.6",",0,27,","120.0","0","82.9",",0","20.1",",,,0","0",",,,0","16.00","4,0","24.69",",,,0","7.32","4,,,0"
"USC00392927","1987-10","45.03239","-99.12253","481.0","FAULKTON, SD US","","","","","4",",0","2",",0","0",",0","0",",0","0",",0","","","","","0","1,0","6","1,0","0","1,0","","","","","19871031","+,,0","19871031","+,,0","","","19871015",",,0","19871005",",1,0","","","0",",,0,31,+","0",",,0,31,+","3.6",",,0,15,","27.2","1,0,05,","","","","","8.9",",,,0","0",",,,0","","","15.13","1,,,0","",""
"USC00392927","1987-11","45.03239","-99.12253","481.0","FAULKTON, SD US","","","0.0","3,0","5",",0","2",",0","0",",0","0","3,0","2",",0","0","3,0","23","3,0","3",",0","0",",0","0",",0","","","19871120","+,3,0","19871130","+,3,0","19871117","+,,0","","","19871116",",,0","19871112",",,0","-12.8","3,0,20,+","0","3,,0,30,+","51",",,0,17,+","4.1",",,0,16,","18.3",",0,12,","","","438.3",",0","12.2",",,,0","102",",,,0","2.30","3,0","8.44",",,,0","-3.85","3,,,0"
"USC00392927","1987-12","45.03239","-99.12253","481.0","FAULKTON, SD US","","","0.0","4,0","0",",0","0",",0","0",",0","0",",0","0",",0","0","4,0","27","4,0","13",",0","0",",0","0",",0","6","","19871231","+,4,0","19871231","+,,0","19871231","+,,0","","","19871231","+,,0","19871211",",,0","-17.2","4,0,31,+","0",",,0,31,+","0",",T,0,31,+","0.0",",T,0,31,+","12.2",",0,11,","","","587.3",",0","0.0",",T,,0","0",",T,,0","-3.51","4,0","1.37",",,,0","-8.40","4,,,0"
"USC00392927","1988-01","45.03239","-99.12253","481.0","FAULKTON, SD US","0.0","0","0.0","5,0","4",",0","0",",0","0",",0","","","1",",0","15","4,0","27","4,0","23","1,0","0","1,0","0","1,0","","","19880106",",4,0","","","19880112",",,0","","","19880112",",,0","19880130",",1,0","-32.8","4,0,06,","","","38",",,0,12,","1.0",",,0,12,","15.0","1,0,30,","","","799.9","1,0","2.1",",,,0","51",",,,0","-11.90","5,0","-4.92","1,,,0","-18.89","4,,,0"
"USC00392927","1988-02","45.03239","-99.12253","481.0","FAULKTON, SD US","0.0","0","0.0","2,0","6",",0","1",",0","0",",0","","","2","4,0","13","1,0","28","1,0","16","1,0","0","1,0","0","1,0","","","19880211",",1,0","","","19880210",",4,0","","","19880210",",,0","19880228",",1,0","-36.7","1,0,11,","","","102","4,,0,10,","5.8",",,0,10,","17.8","1,0,28,","","","756.7","1,0","10.2",",,,0","153","4,,,0","-9.26","2,0","-2.70","1,,,0","-15.82","1,,,0"
"USC00392927","1988-03","45.03239","-99.12253","481.0","FAULKTON, SD US","0.0","0","0.0","1,0","2",",0","1",",0","0",",0","","","0","2,0","1","1,0","25","1,0","3",",0","1",",0","0",",0","","","19880314",",1,0","","","19880331","+,2,0","","","19880312",",,0","19880328",",,0","-18.9","1,0,14,","","","0","2,,0,31,+","6.9",",,0,12,","24.4",",0,28,","","","512.1",",0","7.9",",,,0","0","2,,,0","1.16","1,0","8.52",",,,0","-6.20","1,,,0"
"USC00392927","1988-04","45.03239","-99.12253","481.0","FAULKTON, SD US","0.0","0","0.0","1,0","5",",0","2",",0","0",",0","0","3,0","1","1,0","0","1,0","20","1,0","0",",0","9",",0","0",",0","","","19880418",",1,0","19880430","+,3,0","19880421",",1,0","","","19880421",",,0","19880408",",,0","-11.7","1,0,18,","0","3,,0,30,+","152","1,,0,21,","19.6",",,0,21,","29.4",",0,08,","","","321.2",",0","25.9",",,,0","152","1,,,0","7.34","1,0","16.37",",,,0","-1.69","1,,,0"
"USC00392927","1988-05","45.03239","-99.12253","481.0","FAULKTON, SD US","30.3","0","30.3","2,0","14",",0","8",",0","0",",0","0",",0","0",",0","0","2,0","1","2,0","0",",0","24",",0","0",",0","","","19880513",",2,0","19880531","+,,0","19880531","+,,0","","","19880522",",,0","19880529",",,0","-1.1","2,0,13,","0",",,0,31,+","0",",,0,31,+","22.9",",,0,22,","31.7",",0,29,","","","86.5",",0","86.5",",,,0","0",",,,0","16.51","2,0","23.67",",,,0","9.35","2,,,0"
"USC00392927","1988-06","45.03239","-99.12253","481.0","FAULKTON, SD US","189.3","0","159.0","1,0","4",",0","4",",0","0",",0","0",",0","0",",0","0","1,0","0","1,0","0",",0","30",",0","15",",0","","","19880616","+,1,0","19880630","+,,0","19880630","+,,0","","","19880614",",,0","19880625",",,0","10.0","1,0,16,+","0",",,0,30,+","0",",,0,30,+","10.4",",,0,14,","43.9",",0,25,","","","1.4",",0","29.5",",,,0","0",",,,0","23.85","1,0","32.46",",,,0","15.24","1,,,0"
"USC00392927","1988-07","45.03239","-99.12253","481.0","FAULKTON, SD US","343.2","0","153.9","4,0","6",",0","4",",0","0",",0","0",",0","0",",0","0","4,0","0","4,0","0",",0","30",",0","17",",0","","","19880721",",4,0","19880731","+,,0","19880731","+,,0","","","19880701",",,0","19880729","+,,0","9.4","4,0,21,","0",",,0,31,+","0",",,0,31,+","23.9",",,0,01,","39.4",",0,29,+","4.4","0","4.4",",0","41.0",",,,0","0",",,,0","23.98","4,0","32.55",",,,0","15.41","4,,,0"
"USC00392927","1988-08","45.03239","-99.12253","481.0","FAULKTON, SD US","462.7","0","119.5","4,0","7","1,0","4","1,0","0","1,0","0","2,0","0","1,0","0","4,0","0","4,0","0",",0","31",",0","13",",0","","","19880829",",4,0","19880831","+,2,0","19880831","+,1,0","","","19880802",",1,0","19880816",",,0","2.2","4,0,29,","0","2,,0,31,+","0","1,,0,31,+","21.6","1,,0,02,","42.8",",0,16,","19.9","0","15.5",",0","57.2","1,,,0","0","1,,,0","22.55","4,0","31.55",",,,0","13.56","4,,,0"
"USC00392927","1988-09","45.03239","-99.12253","481.0","FAULKTON, SD US","477.2","0","14.5","3,0","6",",0","6",",0","0",",0","0","2,0","0","1,0","0","2,0","0","2,0","0","1,0","20","1,0","2","1,0","","","19880905",",2,0","19880930","+,2,0","19880930","+,1,0","","","19880928",",,0","19880911",",1,0","1.7","2,0,05,","0","2,,0,30,+","0","1,,0,30,+","20.6",",,0,28,","34.4","1,0,11,","118.1","0","98.2","1,0","73.9",",,,0","0","1,,,0","15.55","3,0","23.46","1,,,0","7.64","2,,,0"
"USC00392927","1988-10","45.03239","-99.12253","481.0","FAULKTON, SD US","477.2","0","0.0","3,0","2",",0","0",",0","0",",0","0",",0","0",",0","0","3,0","11","3,0","0",",0","5",",0","0",",0","","","19881029","+,3,0","19881031","+,,0","19881031","+,,0","","","19881026",",,0","19881015",",,0","-9.4","3,0,29,+","0",",,0,31,+","0",",,0,31,+","1.5",",,0,26,","27.2",",0,15,","415.6","0","297.5",",0","2.0",",,,0","0",",,,0","7.71","3,0","15.08",",,,0","0.35","3,,,0"
"USC00392927","1988-11","45.03239","-99.12253","481.0","FAULKTON, SD US","477.2","0","0.0","3,0","6",",0","2",",0","0",",0","","","2","1,0","0","3,0","25","3,0","9",",0","0",",0","0",",0","","","19881121",",3,0","","","19881119",",1,0","","","19881112",",,0","19881101",",,0","-17.2","3,0,21,","","","127","1,,0,19,","5.3",",,0,12,","17.8",",0,01,","913.9","0","498.3",",0","13.2",",,,0","152","1,,,0","-0.49","3,0","4.47",",,,0","-5.46","3,,,0"
"USC00392927","1988-12","45.03239","-99.12253","481.0","FAULKTON, SD US","477.2","0","0.0","1,0","5",",0","3",",0","0",",0","","","5",",0","7","1,0","30","1,0","17",",0","0",",0","0",",0","","","19881228",",1,0","","","19881226",",,0","","","19881226",",,0","19881206",",,0","-23.3","1,0,28,","","","152",",,0,26,","14.5",",,0,26,","14.4",",0,06,","1644.7","0","730.8",",0","30.3",",,,0","457",",,,0","-5.98","1,0","-0.13",",,,0","-11.83","1,,,0"
"USC00392927","1989-01","45.03239","-99.12253","481.0","FAULKTON, SD US","0.0","0","0.0","1,0","2",",0","1",",0","0",",0","","","2","3,0","6",",0","30",",0","16","1,0","0","1,0","0","1,0","","","19890110",",,0","","","19890111",",3,0","","","19890111",",,0","19890131",",1,0","-27.8",",0,10,","","","76","3,,0,11,","8.4",",,0,11,","7.2","1,0,31,","2404.2","0","759.5","1,0","8.9",",,,0","101","3,,,0","-7.21","1,0","-1.99","1,,,0","-12.44",",,,0"
"USC00392927","1989-02","45.03239","-99.12253","481.0","FAULKTON, SD US","0.0","0","0.0","3,0","4",",0","4",",0","0",",0","","","4",",0","16","2,0","26","2,0","23","1,0","0","1,0","0","1,0","","","19890203",",2,0","","","19890202",",,0","","","19890202",",,0","19890225",",1,0","-32.2","2,0,03,","","","127",",,0,02,","5.6",",,0,02,","4.4","1,0,25,","3224.7","0","820.5","1,0","18.3",",,,0","433",",,,0","-14.14","3,0","-8.83","1,,,0","-19.45","2,,,0"
"USC00392927","1989-03","45.03239","-99.12253","481.0","FAULKTON, SD US","0.0","0","0.0","2,0","11",",0","8",",0","0",",0","","","7",",0","8","2,0","24","2,0","15",",0","0",",0","0",",0","","","19890305",",2,0","","","19890303",",,0","","","19890312",",,0","19890327",",,0","-25.6","2,0,05,","","","127",",,0,03,","14.7",",,0,12,","20.0",",0,27,","3905.1","0","680.4",",0","68.4",",,,0","483",",,,0","-4.97","2,0","-0.59",",,,0","-9.36","2,,,0"
"USC00392927","1989-04","45.03239","-99.12253","481.0","FAULKTON, SD US","1.1","0","1.1","3,0","16",",0","4",",0","0",",0","0",",0","0",",0","0","3,0","11","3,0","0",",0","7",",0","0",",0","","","19890409",",3,0","19890430","+,,0","19890430","+,,0","","","19890428",",,0","19890421",",,0","-7.8","3,0,09,","0",",,0,30,+","0",",,0,30,+","24.6",",,0,28,","28.3",",0,21,","4188.1","0","283.0",",0","64.5",",,,0","0",",,,0","7.97","3,0","14.26",",,,0","1.67","3,,,0"
"USC00392927","1989-05","45.03239","-99.12253","481.0","FAULKTON, SD US","8.1","0","7.0",",0","8",",0","3",",0","0",",0","0",",0","0",",0","0",",0","3",",0","0",",0","18",",0","0",",0","","","19890506",",,0","19890531","+,,0","19890531","+,,0","","","19890517",",,0","19890524",",,0","-5.0",",0,06,","0",",,0,31,+","0",",,0,31,+","12.7",",,0,17,","29.4",",0,24,","4332.2","0","144.1",",0","27.2",",,,0","0",",,,0","13.91",",0","21.05",",,,0","6.76",",,,0"
"USC00392927","1989-06","45.03239","-99.12253","481.0","FAULKTON, SD US","53.1","0","45.0","3,0","7",",0","4",",0","0",",0","0",",0","0",",0","0","3,0","0","3,0","0",",0","26",",0","5",",0","","","19890609",",3,0","19890630","+,,0","19890630","+,,0","","","19890603",",,0","19890620",",,0","1.7","3,0,09,","0",",,0,30,+","0",",,0,30,+","7.1",",,0,03,","36.1",",0,20,","4388.9","0","56.7",",0","21.0",",,,0","0",",,,0","18.03","3,0","25.70",",,,0","10.35","3,,,0"
"USC00392927","1989-07","45.03239","-99.12253","481.0","FAULKTON, SD US","236.4","0","183.3","1,0","5",",0","3",",0","0",",0","0",",0","0",",0","0","1,0","0","1,0","0",",0","30",",0","19",",0","","","19890720","+,1,0","19890731","+,,0","19890731","+,,0","","","19890729",",,0","19890706",",,0","12.2","1,0,20,+","0",",,0,31,+","0",",,0,31,+","6.6",",,0,29,","43.3",",0,06,","2.0","0","2.0",",0","19.4",",,,0","0",",,,0","24.34","1,0","32.63",",,,0","16.06","1,,,0"
"USC00392927","1989-08","45.03239","-99.12253","481.0","FAULKTON, SD US","374.5","0","138.1","2,0","7",",0","5",",0","1",",0","0",",0","0",",0","0","2,0","0","2,0","0",",0","31",",0","16",",0","","","19890816",",2,0","19890831","+,,0","19890831","+,,0","","","19890819",",,0","19890804","+,,0","6.7","2,0,16,","0",",,0,31,+","0",",,0,31,+","27.9",",,0,19,","38.9",",0,04,+","8.9","0","6.9",",0","57.8",",,,0","0",",,,0","22.80","2,0","30.80",",,,0","14.80","2,,,0"
"USC00392927","1989-09","45.03239","-99.12253","481.0","FAULKTON, SD US","402.7","0","28.2","3,0","6",",0","3",",0","1",",0","0",",0","0",",0","0","3,0","3","3,0","0",",0","18",",0","1",",0","","","19890923",",3,0","19890930","+,,0","19890930","+,,0","","","19890921",",,0","19890918",",,0","-3.3","3,0,23,","0",",,0,30,+","0",",,0,30,+","53.6",",,0,21,","33.3",",0,18,","117.5","0","108.6",",0","71.6",",,,0","0",",,,0","15.48","3,0","23.21",",,,0","7.76","3,,,0"
"USC00392927","1989-10","45.03239","-99.12253","481.0","FAULKTON, SD US","415.8","0","13.1",",0","5",",0","3",",0","0",",0","0",",0","0",",0","0",",0","13",",0","0",",0","11",",0","1",",0","","","19891018",",,0","19891031","+,,0","19891031","+,,0","","","19891029",",,0","19891001",",,0","-10.0",",0,18,","0",",,0,31,+","0",",,0,31,+","8.1",",,0,29,","33.9",",0,01,","400.1","0","282.6",",0","18.5",",,,0","0",",,,0","9.64",",0","17.64",",,,0","1.63",",,,0"
"USC00392927","1989-11","45.03239","-99.12253","481.0","FAULKTON, SD US","415.8","0","0.0","5,0","7",",0","2",",0","0",",0","0","4,0","4",",0","2","5,0","21","5,0","8",",0","0",",0","0",",0","","","19891128",",5,0","19891130","+,4,0","19891127",",,0","","","19891127",",,0","19891120",",,0","-18.9","5,0,28,","0","4,,0,30,+","102",",,0,27,","10.7",",,0,27,","20.0",",0,20,","856.1","0","456.0",",0","19.1",",,,0","190",",,,0","-0.33","5,0","4.82",",,,0","-5.48","5,,,0"
"USC00392927","1989-12","45.03239","-99.12253","481.0","FAULKTON, SD US","415.8","0","0.0","1,0","3",",0","0",",0","0",",0","","","3",",0","15",",0","30",",0","18","1,0","0","1,0","0","1,0","","","19891221",",,0","","","19891230","+,,0","","","19891207",",,0","19891228","+,1,0","-34.4",",0,21,","","","25",",,0,30,+","1.5",",,0,07,","6.1","1,0,28,+","1753.8","0","897.7","1,0","2.6",",,,0","75",",,,0","-11.84","1,0","-5.91","1,,,0","-17.77",",,,0"
"USC00392927","1990-01","45.03239","-99.12253","481.0","FAULKTON, SD US","0.0","0","0.0","4,0","2",",0","0",",0","0",",0","","","0",",0","1","4,0","26","4,0","11",",0","0",",0","0",",0","","","19900130",",4,0","","","19900117",",,0","","","19900117",",,0","19900111",",,0","-18.3","4,0,30,","","","13",",,0,17,","1.3",",,0,17,","13.3",",0,11,","2321.4","0","567.6",",0","1.6",",,,0","13",",,,0","-2.59","4,0","2.84",",,,0","-8.03","4,,,0"
"USC00392927","1990-02","45.03239","-99.12253","481.0","FAULKTON, SD US","0.0","0","0.0","4,0","6",",0","1",",0","0",",0","","","4","1,0","6","4,0","23","4,0","10","2,0","0","2,0","0","2,0","","","19900217",",4,0","","","19900216",",1,0","","","19900216",",,0","19900212",",2,0","-28.9","4,0,17,","","","178","1,,0,16,","11.4",",,0,16,","10.6","2,0,12,","2883.7","0","562.3","2,0","14.8",",,,0","304","1,,,0","-4.84","4,0","1.17","2,,,0","-10.86","4,,,0"
"USC00392927","1990-03","45.03239","-99.12253","481.0","FAULKTON, SD US","0.0","0","0.0","2,0","5",",0","3",",0","0",",0","0","3,0","1","2,0","0","1,0","27","1,0","3","1,0","0","1,0","0","1,0","2","","19900323",",1,0","19900331","+,3,0","19900314",",2,0","","","19900314",",,0","19900321",",1,0","-12.8","1,0,23,","0","3,,0,31,+","51","2,,0,14,","10.2",",,0,14,","19.4","1,0,21,","3355.4","0","471.7","1,0","21.7",",,,0","51","2,,,0","2.18","2,0","8.70","1,,,0","-4.33","1,,,0"
"USC00392927","1990-04","45.03239","-99.12253","481.0","FAULKTON, SD US","8.3","0","8.3",",0","7",",0","6",",0","1",",0","0",",0","0",",0","0",",0","21",",0","1",",0","8",",0","1",",0","","","19900406",",,0","19900430","+,,0","19900416",",,0","","","19900426",",,0","19900423",",,0","-12.8",",0,06,","0",",,0,30,+","0",",T,0,16,","30.7",",,0,26,","32.2",",0,23,","3702.1","0","346.7",",0","65.7",",,,0","0",",T,,0","7.05",",0","15.28",",,,0","-1.17",",,,0"
"USC00392927","1990-05","45.03239","-99.12253","481.0","FAULKTON, SD US","8.6","0","0.3",",0","7",",0","4",",0","1",",0","0",",0","0",",0","0",",0","2",",0","0",",0","12",",0","0",",0","","","19900510",",,0","19900531","+,,0","19900531","+,,0","","","19900519",",,0","19900530","+,,0","-2.8",",0,10,","0",",,0,31,+","0",",,0,31,+","52.3",",,0,19,","26.1",",0,30,+","3887.6","0","185.5",",0","79.6",",,,0","0",",,,0","12.36",",0","19.14",",,,0","5.58",",,,0"
"USC00392927","1990-06","45.03239","-99.12253","481.0","FAULKTON, SD US","67.7","0","59.1","2,0","12",",0","8",",0","1",",0","0",",0","0",",0","0","2,0","0","2,0","0",",0","27",",0","4",",0","","","19900604",",2,0","19900630","+,,0","19900630","+,,0","","","19900616",",,0","19900628",",,0","4.4","2,0,04,","0",",,0,30,+","0",",,0,30,+","36.8",",,0,16,","35.0",",0,28,","3925.2","0","37.6",",0","106.8",",,,0","0",",,,0","19.06","2,0","25.83",",,,0","12.30","2,,,0"
"USC00392927","1990-07","45.03239","-99.12253","481.0","FAULKTON, SD US","164.9","0","97.2",",0","9",",0","3",",0","1",",0","0",",0","0",",0","0",",0","0",",0","0",",0","31",",0","5",",0","","","19900713",",,0","19900731","+,,0","19900731","+,,0","","","19900719",",,0","19900708",",,0","7.2",",0,13,","0",",,0,31,+","0",",,0,31,+","54.1",",,0,19,","35.0",",0,08,","7.5","0","7.5",",0","72.8",",,,0","0",",,,0","21.23",",0","28.34",",,,0","14.12",",,,0"
"USC00392927","1990-08","45.03239","-99.12253","481.0","FAULKTON, SD US","266.6","0","101.7","2,0","5",",0","2",",0","0",",0","0",",0","0",",0","0","2,0","0","2,0","0",",0","30",",0","9",",0","","","19900813",",2,0","19900831","+,,0","19900831","+,,0","","","19900823",",,0","19900818",",,0","5.0","2,0,13,","0",",,0,31,+","0",",,0,31,+","24.1",",,0,23,","35.6",",0,18,","16.7","0","9.2",",0","37.1",",,,0","0",",,,0","21.55","2,0","29.35",",,,0","13.76","2,,,0"
"USC00392927","1990-09","45.03239","-99.12253","481.0","FAULKTON, SD US","341.1","0","74.5","3,0","5",",0","4",",0","0",",0","0",",0","0",",0","0","3,0","2","3,0","0",",0","22",",0","10",",0","","","19900923",",3,0","19900930","+,,0","19900930","+,,0","","","19900918",",,0","19900906","+,,0","-1.1","3,0,23,","0",",,0,30,+","0",",,0,30,+","13.2",",,0,18,","36.7",",0,06,+","85.3","0","68.6",",0","29.7",",,,0","0",",,,0","18.36","3,0","26.95",",,,0","9.77","3,,,0"
"USC00392927","1990-10","45.03239","-99.12253","481.0","FAULKTON, SD US","341.4","0","0.3","2,0","4",",0","3",",0","0",",0","0","1,0","1",",0","0","2,0","15","2,0","0",",0","7",",0","1",",0","","","19901018",",2,0","19901031","+,1,0","19901018",",,0","","","19901017",",,0","19901006",",,0","-8.9","2,0,18,","0","1,,0,31,+","51",",,0,18,","5.8",",,0,17,","32.2",",0,06,","387.0","0","301.7",",0","13.4",",,,0","51",",,,0","8.01","2,0","15.79",",,,0","0.23","2,,,0"
"USC00392927","1990-11","45.03239","-99.12253","481.0","FAULKTON, SD US","341.4","0","0.0","1,0","2",",0","0",",0","0",",0","0",",0","0",",0","0","1,0","28","1,0","4",",0","3",",0","0",",0","","","19901127",",1,0","19901130","+,,0","19901130","+,,0","","","19901103",",,0","19901101",",,0","-15.6","1,0,27,","0",",,0,30,+","0",",,0,30,+","1.3",",,0,03,","27.8",",0,01,","882.5","0","495.5",",0","1.6",",,,0","0",",,,0","1.57","1,0","9.15",",,,0","-6.01","1,,,0"
"USC00392927","1990-12","45.03239","-99.12253","481.0","FAULKTON, SD US","341.4","0","0.0","4,0","6",",0","1",",0","0",",0","","","6","1,0","13","3,0","27","3,0","17","1,0","0","1,0","0","1,0","","","19901230",",3,0","","","19901219","+,1,0","","","19901219",",,0","19901210",",1,0","-37.2","3,0,30,","","","51","1,,0,19,+","3.6",",,0,19,","15.6","1,0,10,","1644.2","0","761.7","1,0","9.5",",,,0","228","1,,,0","-10.28","4,0","-3.89","1,,,0","-16.68","3,,,0"
"USC00392927","1991-01","45.03239","-99.12253","481.0","FAULKTON, SD US","","","","","1",",0","0",",0","0",",0","","","0",",0","","","","","20",",0","0",",0","0",",0","","","","","","","19910110","+,,0","","","19910110",",,0","19910119",",,0","","","","","0",",T,0,10,+","0.3",",,0,10,","6.1",",0,19,","","","","","0.3",",,,0","0",",T,,0","","","-5.67",",,,0","",""
"USC00392927","1991-02","45.03239","-99.12253","481.0","FAULKTON, SD US","","","0.0","3,0","6",",0","2",",0","0",",0","","","6",",0","1","3,0","24","3,0","9",",0","0",",0","0",",0","","","19910215",",3,0","","","19910218",",,0","","","19910218",",,0","19910206",",,0","-23.3","3,0,15,","","","203",",,0,18,","18.3",",,0,18,","16.1",",0,06,","","","520.0",",0","29.6",",,,0","431",",,,0","-2.03","3,0","4.95",",,,0","-9.01","3,,,0"
"USC00392927","1991-03","45.03239","-99.12253","481.0","FAULKTON, SD US","","","0.0","1,0","5",",0","2",",0","0",",0","1","5,0","0","1,0","1","1,0","26","1,0","3",",0","1",",0","0",",0","","","19910302",",1,0","19910306",",5,0","19910331","+,1,0","","","19910313",",,0","19910326",",,0","-20.6","1,0,02,","25","5,,0,06,","0","1,,0,31,+","9.4",",,0,13,","21.1",",0,26,","","","537.9",",0","15.8",",,,0","0","1,,,0","0.56","1,0","6.46",",,,0","-5.34","1,,,0"
"USC00392927","1991-04","45.03239","-99.12253","481.0","FAULKTON, SD US","","","0.5","2,0","6",",0","4",",0","1",",0","1","2,0","0","2,0","0","2,0","12","2,0","0",",0","7",",0","0",",0","","","19910420",",2,0","19910412",",2,0","19910430","+,2,0","","","19910412",",,0","19910406",",,0","-5.0","2,0,20,","102","2,,0,12,","0","2,,0,30,+","50.3",",,0,12,","28.3",",0,06,","","","261.7",",0","93.3",",,,0","0","2,,,0","8.95","2,0","15.62",",,,0","2.29","2,,,0"
"USC00392927","1991-05","45.03239","-99.12253","481.0","FAULKTON, SD US","","","25.0","1,0","13",",0","12",",0","3",",0","0",",0","0",",0","0","1,0","6","1,0","0",",0","18",",0","0",",0","","","19910507",",1,0","19910531","+,,0","19910531","+,,0","","","19910516",",,0","19910515",",,0","-3.9","1,0,07,","0",",,0,31,+","0",",,0,31,+","40.4",",,0,16,","30.6",",0,15,","","","135.6",",0","216.6",",,,0","0",",,,0","14.57","1,0","20.36",",,,0","8.78","1,,,0"
"USC00392927","1991-06","45.03239","-99.12253","481.0","FAULKTON, SD US","","","75.5","2,0","11",",0","5",",0","1",",0","0",",0","0",",0","0","2,0","0","2,0","0",",0","28",",0","1",",0","","","19910617","+,2,0","19910630","+,,0","19910630","+,,0","","","19910604",",,0","19910626",",,0","9.4","2,0,17,+","0",",,0,30,+","0",",,0,30,+","40.6",",,0,04,","33.9",",0,26,","","","5.7",",0","81.8",",,,0","0",",,,0","20.80","2,0","26.83",",,,0","14.77","2,,,0"
"USC00392927","1991-07","45.03239","-99.12253","481.0","FAULKTON, SD US","","","107.2","1,0","5",",0","4",",0","0",",0","0",",0","0",",0","0","1,0","0","1,0","0",",0","31",",0","8",",0","","","19910726","+,1,0","19910731","+,,0","19910731","+,,0","","","19910720",",,0","19910718",",,0","7.8","1,0,26,+","0",",,0,31,+","0",",,0,31,+","16.3",",,0,20,","38.9",",0,18,","7.2","0","7.2",",0","32.9",",,,0","0",",,,0","21.59","1,0","29.21",",,,0","13.96","1,,,0"
"USC00392927","1991-08","45.03239","-99.12253","481.0","FAULKTON, SD US","","","127.0","2,0","9",",0","4",",0","1",",0","0",",0","0",",0","0","2,0","0","2,0","0",",0","31",",0","10",",0","","","19910804",",2,0","19910831","+,,0","19910831","+,,0","","","19910806",",,0","19910827","+,,0","8.9","2,0,04,","0",",,0,31,+","0",",,0,31,+","35.1",",,0,06,","40.6",",0,27,+","10.9","0","3.7",",0","57.8",",,,0","0",",,,0","22.51","2,0","30.45",",,,0","14.57","2,,,0"
"USC00392927","1991-09","45.03239","-99.12253","481.0","FAULKTON, SD US","","","30.5","2,0","9",",0","5",",0","0",",0","0",",0","0",",0","0","2,0","3","2,0","0",",0","19",",0","4",",0","","","19910919",",2,0","19910930","+,,0","19910930","+,,0","","","19910924",",,0","19910907",",,0","-6.7","2,0,19,","0",",,0,30,+","0",",,0,30,+","12.2",",,0,24,","35.6",",0,07,","126.5","0","115.6",",0","41.1",",,,0","0",",,,0","15.64","2,0","23.15",",,,0","8.13","2,,,0"
"USC00392927","1991-10","45.03239","-99.12253","481.0","FAULKTON, SD US","","","0.0","3,0","4",",0","3",",0","1",",0","0",",0","0",",0","0","3,0","13","3,0","2",",0","9",",0","0",",0","","","19911031",",3,0","19911031","+,,0","19911031","+,,0","","","19911029",",,0","19911017",",,0","-16.7","3,0,31,","0",",,0,31,+","0",",,0,31,+","26.9",",,0,29,","31.7",",0,17,","454.5","0","328.0",",0","35.1",",,,0","0",",,,0","7.09","3,0","15.24",",,,0","-1.05","3,,,0"
"USC00392927","1991-11","45.03239","-99.12253","481.0","FAULKTON, SD US","","","0.0","2,0","5",",0","2",",0","0",",0","2","2,0","0","3,0","2","2,0","28","2,0","14",",0","0",",0","0",",0","","","19911104",",2,0","19911130",",2,0","19911130","+,3,0","","","19911130",",,0","19911114",",,0","-18.9","2,0,04,","51","2,,0,30,","0","3,,0,30,+","4.1",",,0,30,","17.2",",0,14,","1077.6","0","623.1",",0","9.2",",,,0","0","3,,,0","-3.53","2,0","2.18",",,,0","-9.25","2,,,0"
"USC00392927","1991-12","45.03239","-99.12253","481.0","FAULKTON, SD US","","","0.0","2,0","1",",0","1",",0","0",",0","0","2,0","0","1,0","3","2,0","28","2,0","11",",0","0",",0","0",",0","","","19911204","+,2,0","19911231","+,2,0","19911228",",1,0","","","19911220",",,0","19911223","+,,0","-22.2","2,0,04,+","0","2,,0,31,+","0","1,T,0,28,","3.0",",,0,20,","9.4",",0,23,+","1703.9","0","626.3",",0","3.0",",,,0","0","1,T,,0","-3.19","2,0","2.04",",,,0","-8.42","2,,,0"
"USC00392927","1992-01","45.03239","-99.12253","481.0","FAULKTON, SD US","0.0","0","0.0",",0","4",",0","3",",0","0",",0","","","3","1,0","1",",0","30",",0","13",",0","0",",0","0",",0","","","19920115",",,0","","","19920108",",1,0","","","19920108",",,0","19920106",",,0","-26.7",",0,15,","","","152","1,,0,08,","15.5",",,0,08,","11.1",",0,06,","2409.5","0","705.6",",0","28.5",",,,0","305","1,,,0","-4.43",",0","0.63",",,,0","-9.48",",,,0"
"USC00392927","1992-02","45.03239","-99.12253","481.0","FAULKTON, SD US","0.0","0","0.0",",0","5",",0","1",",0","0",",0","","","1","1,0","0",",0","27",",0","11",",0","0",",0","0",",0","","","19920212",",,0","","","19920218",",1,0","","","19920218",",,0","19920202",",,0","-17.2",",0,12,","","","76","1,,0,18,","13.7",",,0,18,","14.4",",0,02,","2995.6","0","586.1",",0","17.8",",,,0","115","1,,,0","-1.88",",0","2.30",",,,0","-6.05",",,,0"
"USC00392927","1992-03","45.03239","-99.12253","481.0","FAULKTON, SD US","0.0","0","0.0","1,0","3",",0","2",",0","0",",0","0",",0","0",",0","0",",0","26",",0","0","1,0","1","1,0","0","1,0","2","","19920310",",,0","19920331","+,,0","19920321",",,0","","","19920306",",,0","19920302",",1,0","-13.3",",0,10,","0",",,0,31,+","0",",T,0,21,","6.1",",,0,06,","22.2","1,0,02,","3459.6","0","464.0","1,0","12.2",",,,0","0",",T,,0","2.94","1,0","9.97","1,,,0","-4.10",",,,0"
"USC00392927","1992-04","45.03239","-99.12253","481.0","FAULKTON, SD US","1.4","0","1.4",",0","5","2,0","1","2,0","0","2,0","0",",0","0","3,0","0",",0","17",",0","2",",0","3",",0","0",",0","","","19920402","+,,0","19920430","+,,0","19920422","+,3,0","","","19920418",",2,0","19920406",",,0","-12.2",",0,02,+","0",",,0,30,+","0","3,T,0,22,+","6.1","2,,0,18,","30.0",",0,06,","3825.5","0","365.9",",0","8.7","2,,,0","0","3,T,,0","6.18",",0","13.20",",,,0","-0.84",",,,0"
"USC00392927","1992-05","45.03239","-99.12253","481.0","FAULKTON, SD US","35.1","0","33.7",",0","2",",0","1",",0","0",",0","0",",0","0",",0","0",",0","5",",0","0",",0","22",",0","3",",0","","","19920526",",,0","19920531","+,,0","19920531","+,,0","","","19920522",",,0","19920520",",,0","-2.2",",0,26,","0",",,0,31,+","0",",,0,31,+","11.2",",,0,22,","36.7",",0,20,","3952.1","0","126.6",",0","12.0",",,,0","0",",,,0","15.34",",0","24.30",",,,0","6.37",",,,0"
"USC00392927","1992-06","45.03239","-99.12253","481.0","FAULKTON, SD US","54.2","0","19.1","1,0","12",",0","8",",0","1",",0","0",",0","0",",0","0","1,0","0","1,0","0",",0","22",",0","0",",0","","","19920607",",1,0","19920630","+,,0","19920630","+,,0","","","19920617",",,0","19920614",",,0","2.2","1,0,07,","0",",,0,30,+","0",",,0,30,+","25.4",",,0,17,","30.0",",0,14,","4007.7","0","55.6",",0","120.3",",,,0","0",",,,0","17.17","1,0","23.81",",,,0","10.53","1,,,0"
"USC00392927","1992-07","45.03239","-99.12253","481.0","FAULKTON, SD US","77.2","0","23.0",",0","16",",0","10",",0","0",",0","0",",0","0",",0","0",",0","0",",0","0",",0","22",",0","0",",0","","","19920720",",,0","19920731","+,,0","19920731","+,,0","","","19920722",",,0","19920728",",,0","6.1",",0,20,","0",",,0,31,+","0",",,0,31,+","15.7",",,0,22,","31.7",",0,28,","46.0","0","46.0",",0","86.1",",,,0","0",",,,0","17.59",",0","23.15",",,,0","12.04",",,,0"
"USC00392927","1992-08","45.03239","-99.12253","481.0","FAULKTON, SD US","125.8","0","48.6",",0","10",",0","4",",0","1",",0","0",",0","0",",0","0",",0","0",",0","0",",0","23",",0","2",",0","","","19920827",",,0","19920831","+,,0","19920831","+,,0","","","19920805",",,0","19920821","+,,0","5.0",",0,27,","0",",,0,31,+","0",",,0,31,+","56.1",",,0,05,","32.8",",0,21,+","96.5","0","50.5",",0","86.2",",,,0","0",",,,0","18.27",",0","24.75",",,,0","11.79",",,,0"
"USC00392927","1992-09","45.03239","-99.12253","481.0","FAULKTON, SD US","144.5","0","18.7",",0","8",",0","2",",0","0",",0","0",",0","0",",0","0",",0","1",",0","0",",0","19",",0","0",",0","","","19920928",",,0","19920930","+,,0","19920930","+,,0","","","19920907",",,0","19920924","+,,0","-5.6",",0,28,","0",",,0,30,+","0",",,0,30,+","22.4",",,0,07,","30.6",",0,24,+","206.5","0","110.0",",0","35.7",",,,0","0",",,,0","15.29",",0","22.93",",,,0","7.65",",,,0"
"USC00392927","1992-10","45.03239","-99.12253","481.0","FAULKTON, SD US","147.6","0","3.1",",0","2",",0","2",",0","0",",0","0","2,0","2",",0","0",",0","16",",0","0",",0","10",",0","1",",0","","","19921029",",,0","19921031","+,2,0","19921031",",,0","","","19921031",",,0","19921003",",,0","-8.3",",0,29,","0","2,,0,31,+","102",",,0,31,","6.4",",,0,31,","33.9",",0,03,","510.3","0","303.8",",0","10.2",",,,0","153",",,,0","8.63",",0","16.95",",,,0","0.31",",,,0"
"USC00392927","1992-11","45.03239","-99.12253","481.0","FAULKTON, SD US","147.6","0","0.0","1,0","9",",0","3",",0","1",",0","7","4,0","6","1,0","0","1,0","29","1,0","14",",0","0",",0","0",",0","","","19921130",",1,0","19921102","+,4,0","19921102","+,1,0","","","19921101",",,0","19921112",",,0","-11.7","1,0,30,","76","4,,0,02,+","76","1,,0,02,+","28.7",",,0,01,","6.7",",0,12,","1103.2","0","592.9",",0","57.2",",,,0","291","1,,,0","-2.16","1,0","0.67",",,,0","-5.00","1,,,0"
"USC00392927","1992-12","45.03239","-99.12253","481.0","FAULKTON, SD US","147.6","0","0.0",",0","6",",0","1",",0","0",",0","","","5","1,0","9",",0","31",",0","25",",0","0",",0","0",",0","","","19921231","+,,0","","","19921204",",1,0","","","19921204",",,0","19921225","+,,0","-25.6",",0,31,+","","","76","1,,0,04,","2.5",",,0,04,","3.9",",0,25,+","1952.9","0","849.7",",0","8.9",",,,0","228","1,,,0","-9.08",",0","-4.26",",,,0","-13.90",",,,0"
"USC00392927","1993-01","45.03239","-99.12253","481.0","FAULKTON, SD US","0.0","0","0.0","1,0","6",",0","2",",0","0",",0","","","4",",0","17",",0","31",",0","24","1,0","0","1,0","0","1,0","","","19930110",",,0","","","19930113",",,0","","","19930123",",,0","19930131","+,1,0","-27.8",",0,10,","","","127",",,0,13,","5.3",",,0,23,","3.9","1,0,31,+","2859.4","0","906.5","1,0","11.0",",,,0","330",",,,0","-12.03","1,0","-7.23","1,,,0","-16.84",",,,0"
"USC00392927","1993-02","45.03239","-99.12253","481.0","FAULKTON, SD US","0.0","0","0.0",",0","6",",0","3",",0","0",",0","","","5","1,0","10",",0","28",",0","22",",0","0",",0","0",",0","4","","19930217",",,0","","","19930211",",1,0","","","19930211",",,0","19930202",",,0","-30.0",",0,17,","","","102","1,,0,11,","7.1",",,0,11,","8.3",",0,02,","3676.2","0","816.8",",0","16.5",",,,0","306","1,,,0","-10.84",",0","-6.61",",,,0","-15.07",",,,0"
"USC00392927","1993-03","45.03239","-99.12253","481.0","FAULKTON, SD US","0.0","0","0.0",",0","5",",0","3",",0","0",",0","","","1","1,0","1",",0","24",",0","11",",0","1",",0","0",",0","7","","19930314",",,0","","","19930322",",1,0","","","19930322",",,0","19930328",",,0","-18.3",",0,14,","","","127","1,,0,22,","16.5",",,0,22,","22.2",",0,28,","4263.2","0","587.0",",0","25.4",",,,0","127","1,,,0","-0.60",",0","4.45",",,,0","-5.65",",,,0"
"USC00392927","1993-04","45.03239","-99.12253","481.0","FAULKTON, SD US","0.0","0","0.0","1,0","8",",0","6",",0","0",",0","","","2","2,0","0","1,0","16","1,0","0",",0","2",",0","0",",0","","","19930403",",1,0","","","19930411",",2,0","","","19930411",",,0","19930423",",,0","-7.2","1,0,03,","","","76","2,,0,11,","22.9",",,0,11,","22.2",",0,23,","4607.5","0","344.3",",0","59.0",",,,0","127","2,,,0","6.37","1,0","12.82",",,,0","-0.07","1,,,0"
"USC00392927","1993-05","45.03239","-99.12253","481.0","FAULKTON, SD US","4.4","0","4.4","2,0","11",",0","6",",0","0",",0","0",",0","0",",0","0","2,0","3","2,0","0",",0","17",",0","0",",0","","","19930520","+,2,0","19930531","+,,0","19930531","+,,0","","","19930509",",,0","19930523","+,,0","-0.6","2,0,20,+","0",",,0,31,+","0",",,0,31,+","24.4",",,0,09,","28.3",",0,23,+","4755.9","0","148.4",",0","72.1",",,,0","0",",,,0","13.28","2,0","20.69",",,,0","5.86","2,,,0"
"USC00392927","1993-06","45.03239","-99.12253","481.0","FAULKTON, SD US","23.0","0","18.6","1,0","14",",0","10",",0","0",",0","0",",0","0",",0","0","1,0","0","1,0","0",",0","19",",0","0",",0","","","19930603",",1,0","19930630","+,,0","19930630","+,,0","","","19930616",",,0","19930622",",,0","3.3","1,0,03,","0",",,0,30,+","0",",,0,30,+","21.3",",,0,16,","30.6",",0,22,","4827.7","0","71.8",",0","103.1",",,,0","0",",,,0","16.51","1,0","22.51",",,,0","10.51","1,,,0"
"USC00392927","1993-07","45.03239","-99.12253","481.0","FAULKTON, SD US","66.5","0","43.5",",0","22",",0","15",",0","3",",0","0",",0","0",",0","0",",0","0",",0","0",",0","28",",0","1",",0","","","19930714",",,0","19930731","+,,0","19930731","+,,0","","","19930725",",,0","19930731",",,0","9.4",",0,14,","0",",,0,31,+","0",",,0,31,+","41.1",",,0,25,","32.2",",0,31,","17.1","0","17.1",",0","187.8",",,,0","0",",,,0","19.18",",0","24.69",",,,0","13.68",",,,0"
"USC00392927","1993-08","45.03239","-99.12253","481.0","FAULKTON, SD US","125.9","0","59.4","2,0","6",",0","3",",0","0",",0","0",",0","0",",0","0","2,0","0","2,0","0",",0","28",",0","3",",0","","","19930831",",2,0","19930831","+,,0","19930831","+,,0","","","19930814",",,0","19930826",",,0","5.6","2,0,31,","0",",,0,31,+","0",",,0,31,+","17.8",",,0,14,","34.4",",0,26,","42.4","0","25.3",",0","50.2",",,,0","0",",,,0","19.65","2,0","26.40",",,,0","12.91","2,,,0"
"USC00392927","1993-09","45.03239","-99.12253","481.0","FAULKTON, SD US","129.8","0","3.9",",0","7",",0","3",",0","1",",0","0",",0","0",",0","0",",0","2",",0","0",",0","12",",0","0",",0","","","19930923",",,0","19930930","+,,0","19930930","+,,0","","","19930920",",,0","19930912",",,0","-1.1",",0,23,","0",",,0,30,+","0",",,0,30,+","28.4",",,0,20,","31.7",",0,12,","218.3","0","175.9",",0","47.2",",,,0","0",",,,0","12.60",",0","19.71",",,,0","5.49",",,,0"
"USC00392927","1993-10","45.03239","-99.12253","481.0","FAULKTON, SD US","130.9","0","1.1","1,0","5",",0","2",",0","0",",0","0","1,0","0",",0","0","1,0","12","1,0","1",",0","7",",0","1",",0","","","19931031",",1,0","19931031","+,1,0","19931030",",,0","","","19931009",",,0","19931007",",,0","-8.3","1,0,31,","0","1,,0,31,+","0",",T,0,30,","4.3",",,0,09,","33.3",",0,07,","537.9","0","319.6",",0","11.1",",,,0","0",",T,,0","7.72","1,0","14.85",",,,0","0.59","1,,,0"
"USC00392927","1993-11","45.03239","-99.12253","481.0","FAULKTON, SD US","130.9","0","0.0","1,0","9",",0","4",",0","0",",0","","","6","2,0","0","1,0","27","1,0","8",",0","0",",0","0",",0","","","19931126",",1,0","","","19931124",",2,0","","","19931113",",,0","19931104",",,0","-16.7","1,0,26,","","","203","2,,0,24,","19.6",",,0,13,","14.4",",0,04,","1140.9","0","603.0",",0","37.5",",,,0","558","2,,,0","-2.46","1,0","2.30",",,,0","-7.22","1,,,0"
"USC00392927","1993-12","45.03239","-99.12253","481.0","FAULKTON, SD US","130.9","0","0.0","2,0","7",",0","3",",0","0",",0","","","6","1,0","9",",0","31",",0","20","2,0","0","2,0","0","2,0","","","19931227",",,0","","","19931224","+,1,0","","","19931222",",,0","19931210",",2,0","-26.7",",0,27,","","","51","1,,0,24,+","4.6",",,0,22,","5.0","2,0,10,","1873.1","0","732.2","2,0","17.0",",,,0","280","1,,,0","-7.09","2,0","-2.30","2,,,0","-11.87",",,,0"
"USC00392927","1994-01","45.03239","-99.12253","481.0","FAULKTON, SD US","0.0","0","0.0",",0","12",",0","4",",0","0",",0","","","8","2,0","20",",0","31",",0","28",",0","0",",0","0",",0","","","19940118","+,,0","","","19940106",",2,0","","","19940106",",,0","19940124",",,0","-32.8",",0,18,+","","","102","2,,0,06,","3.8",",,0,06,","3.9",",0,24,","2934.3","0","1061.2",",0","19.7",",,,0","316","2,,,0","-15.90",",0","-11.32",",,,0","-20.47",",,,0"
"USC00392927","1994-02","45.03239","-99.12253","481.0","FAULKTON, SD US","0.0","0","0.0","1,0","7",",0","3",",0","0",",0","","","6","1,0","14","1,0","27","1,0","23",",0","0",",0","0",",0","","","19940209",",1,0","","","19940225","+,1,0","","","19940225",",,0","19940219",",,0","-37.2","1,0,09,","","","102","1,,0,25,+","11.4",",,0,25,","6.7",",0,19,","3778.4","0","844.1",",0","29.5",",,,0","445","1,,,0","-12.92","1,0","-8.19",",,,0","-17.66","1,,,0"
"USC00392927","1994-03","45.03239","-99.12253","481.0","FAULKTON, SD US","0.0","0","0.0","5,0","4",",0","2",",0","0",",0","4","3,0","4",",0","1","5,0","21","5,0","6",",0","1",",0","0",",0","","","19940309",",5,0","19940326","+,3,0","19940326","+,,0","","","19940324",",,0","19940320",",,0","-20.6","5,0,09,","51","3,,0,26,+","51",",,0,26,+","4.3",",,0,24,","21.7",",0,20,","4229.0","0","450.6",",0","10.2",",,,0","152",",,,0","0.87","5,0","6.20",",,,0","-4.47","5,,,0"
"USC00392927","1994-04","45.03239","-99.12253","481.0","FAULKTON, SD US","2.5","0","2.5","2,0","7",",0","5",",0","0",",0","2","3,0","2",",0","0","2,0","14","2,0","0",",0","6",",0","0",",0","","","19940405",",2,0","19940429",",3,0","19940429",",,0","","","19940426",",,0","19940424",",,0","-11.1","2,0,05,","102","3,,0,29,","102",",,0,29,","21.6",",,0,26,","29.4",",0,24,","4536.4","0","307.4",",0","66.0",",,,0","153",",,,0","7.36","2,0","14.61",",,,0","0.10","2,,,0"
"USC00392927","1994-05","45.03239","-99.12253","481.0","FAULKTON, SD US","38.6","0","36.1",",0","5",",0","2",",0","0",",0","0",",0","0",",0","0",",0","0",",0","0",",0","22",",0","0",",0","","","19940507",",,0","19940531","+,,0","19940531","+,,0","","","19940514",",,0","19940524",",,0","0.6",",0,07,","0",",,0,31,+","0",",,0,31,+","5.3",",,0,14,","30.6",",0,24,","4637.5","0","101.1",",0","10.4",",,,0","0",",,,0","16.24",",0","23.52",",,,0","8.95",",,,0"
"USC00392927","1994-07","45.03239","-99.12253","481.0","FAULKTON, SD US","","","72.5",",0","12",",0","6",",0","2",",0","0",",0","0",",0","0",",0","0",",0","0",",0","29",",0","3",",0","","","19940702",",,0","19940731","+,,0","19940731","+,,0","","","19940707",",,0","19940719",",,0","6.1",",0,02,","0",",,0,31,+","0",",,0,31,+","170.2",",,0,07,","34.4",",0,19,","18.7","0","18.7",",0","242.1",",,,0","0",",,,0","20.07",",0","26.83",",,,0","13.31",",,,0"
"USC00392927","1994-08","45.03239","-99.12253","481.0","FAULKTON, SD US","","","60.5",",0","6",",0","4",",0","1",",0","0",",0","0",",0","0",",0","0",",0","0",",0","29",",0","2",",0","","","19940831",",,0","19940831","+,,0","19940831","+,,0","","","19940809",",,0","19940823",",,0","4.4",",0,31,","0",",,0,31,+","0",",,0,31,+","33.3",",,0,09,","33.3",",0,23,","43.4","0","24.7",",0","53.1",",,,0","0",",,,0","19.49",",0","26.55",",,,0","12.43",",,,0"
"USC00392927","1994-09","45.03239","-99.12253","481.0","FAULKTON, SD US","","","31.5","2,0","8",",0","5",",0","0",",0","0",",0","0",",0","0","1,0","2","1,0","0","1,0","19","1,0","0","1,0","","","19940926",",1,0","19940930","+,,0","19940930","+,,0","","","19940902",",,0","19940911","+,1,0","-1.1","1,0,26,","0",",,0,30,+","0",",,0,30,+","17.8",",,0,02,","31.7","1,0,11,+","122.5","0","79.1","1,0","39.1",",,,0","0",",,,0","16.56","2,0","23.83","1,,,0","9.30","1,,,0"
"USC00392927","1994-10","45.03239","-99.12253","481.0","FAULKTON, SD US","","","0.0",",0","9",",0","7",",0","0",",0","0",",0","0",",0","0",",0","7",",0","0",",0","3",",0","0",",0","","","19941031",",,0","19941031","+,,0","19941031","+,,0","","","19941003","+,,0","19941012",",,0","-5.6",",0,31,","0",",,0,31,+","0",",,0,31,+","22.4",",,0,03,+","23.3",",0,12,","386.1","0","263.6",",0","85.8",",,,0","0",",,,0","9.83",",0","15.65",",,,0","4.01",",,,0"
"USC00392927","1994-11","45.03239","-99.12253","481.0","FAULKTON, SD US","","","0.0",",0","6",",0","1",",0","0",",0","0","4,0","1",",0","0",",0","23",",0","5",",0","0",",0","0",",0","","","19941129","+,,0","19941130","+,4,0","19941127",",,0","","","19941127",",,0","19941108",",,0","-11.1",",0,29,+","0","4,,0,30,+","152",",,0,27,","13.5",",,0,27,","15.6",",0,08,","895.1","0","509.0",",0","18.8",",,,0","178",",,,0","1.37",",0","6.51",",,,0","-3.78",",,,0"
"USC00392927","1994-12","45.03239","-99.12253","481.0","FAULKTON, SD US","","","0.0","1,0","6",",0","2",",0","0",",0","","","3","2,0","4","1,0","30","1,0","18",",0","0",",0","0",",0","","","19941211",",1,0","","","19941215",",2,0","","","19941215",",,0","19941202",",,0","-22.8","1,0,11,","","","178","2,,0,15,","14.2",",,0,15,","7.2",",0,02,","1647.0","0","751.9",",0","19.2",",,,0","254","2,,,0","-6.60","1,0","-2.22",",,,0","-10.98","1,,,0"
"USC00392927","1995-01","45.03239","-99.12253","481.0","FAULKTON, SD US","0.0","0","0.0","1,0","6",",0","3",",0","0",",0","","","","","9","1,0","30","1,0","30",",0","0",",0","0",",0","","","19950104",",1,0","","","","","","","19950112",",,0","19950131",",,0","-23.9","1,0,04,","","","","","6.4",",,0,12,","3.3",",0,31,","2498.7","0","851.7",",0","14.8",",,,0","","","-9.90","1,0","-6.11",",,,0","-13.69","1,,,0"
"USC00392927","1995-02","45.03239","-99.12253","481.0","FAULKTON, SD US","0.0","0","0.0","3,0","4",",0","1",",0","0",",0","","","3",",0","6","1,0","26","1,0","11","2,0","0","2,0","0","2,0","1","","19950211",",1,0","","","19950215",",,0","","","19950215",",,0","19950222",",2,0","-22.8","1,0,11,","","","76",",,0,15,","5.6",",,0,15,","12.2","2,0,22,","3079.5","0","580.8","2,0","8.7",",,,0","152",",,,0","-5.31","3,0","-0.30","2,,,0","-10.32","1,,,0"
"USC00392927","1995-03","45.03239","-99.12253","481.0","FAULKTON, SD US","0.0","0","0.0",",0","9",",0","7",",0","0",",0","","","5",",0","8",",0","21",",0","14",",0","0",",0","0",",0","","","19950308",",,0","","","19950305",",,0","","","19950305",",,0","19950313",",,0","-28.9",",0,08,","","","203",",,0,05,","16.3",",,0,05,","20.6",",0,13,","3708.2","0","628.7",",0","61.3",",,,0","508",",,,0","-1.95",",0","2.87",",,,0","-6.77",",,,0"
"USC00392927","1995-04","45.03239","-99.12253","481.0","FAULKTON, SD US","0.0","0","0.0",",0","11",",0","10",",0","1",",0","","","7",",0","0",",0","20",",0","5",",0","0",",0","0",",0","","","19950404",",,0","","","19950418",",,0","","","19950418",",,0","19950406",",,0","-9.4",",0,04,","","","356",",,0,18,","43.2",",,0,18,","18.9",",0,06,","4150.8","0","442.6",",0","119.5",",,,0","966",",,,0","3.58",",0","8.33",",,,0","-1.17",",,,0"
"USC00392927","1995-05","45.03239","-99.12253","481.0","FAULKTON, SD US","0.8","0","0.8",",0","15",",0","10",",0","1",",0","0","3,0","0",",0","0",",0","0",",0","0",",0","6",",0","0",",0","","","19950517",",,0","19950531","+,3,0","19950531","+,,0","","","19950509",",,0","19950531","+,,0","1.1",",0,17,","0","3,,0,31,+","0",",,0,31,+","65.5",",,0,09,","26.1",",0,31,+","4349.4","0","198.6",",0","145.1",",,,0","0",",,,0","11.95",",0","17.03",",,,0","6.88",",,,0"
"USC00392927","1995-06","45.03239","-99.12253","481.0","FAULKTON, SD US","75.4","0","74.6",",0","9",",0","6",",0","1",",0","0",",0","0",",0","0",",0","0",",0","0",",0","26",",0","2",",0","","","19950608",",,0","19950630","+,,0","19950630","+,,0","","","19950610",",,0","19950618","+,,0","6.1",",0,08,","0",",,0,30,+","0",",,0,30,+","38.1",",,0,10,","32.8",",0,18,+","4389.9","0","40.5",",0","77.9",",,,0","0",",,,0","19.47",",0","25.28",",,,0","13.66",",,,0"
"USC00392927","1995-07","45.03239","-99.12253","481.0","FAULKTON, SD US","180.5","0","105.1","2,0","8",",0","3",",0","1",",0","0",",0","0",",0","0","2,0","0","2,0","0",",0","30",",0","6",",0","","","19950701",",2,0","19950731","+,,0","19950731","+,,0","","","19950714",",,0","19950712",",,0","7.2","2,0,01,","0",",,0,31,+","0",",,0,31,+","34.3",",,0,14,","37.8",",0,12,","6.9","0","6.9",",0","50.4",",,,0","0",",,,0","21.79","2,0","28.67",",,,0","14.91","2,,,0"
"USC00392927","1995-08","45.03239","-99.12253","481.0","FAULKTON, SD US","322.9","0","142.4","2,0","6",",0","4",",0","0",",0","0",",0","0",",0","0","2,0","0","2,0","0",",0","31",",0","10",",0","","","19950801",",2,0","19950831","+,,0","19950831","+,,0","","","19950829",",,0","19950809",",,0","8.9","2,0,01,","0",",,0,31,+","0",",,0,31,+","16.0",",,0,29,","38.3",",0,09,","9.1","0","2.2",",0","42.7",",,,0","0",",,,0","23.22","2,0","30.10",",,,0","16.34","2,,,0"
"USC00392927","1995-09","45.03239","-99.12253","481.0","FAULKTON, SD US","362.4","0","39.5","1,0","5",",0","1",",0","0",",0","0",",0","0","1,0","0","1,0","3","1,0","0",",0","19",",0","1",",0","","","19950922",",1,0","19950930","+,,0","19950930","+,1,0","","","19950905",",,0","19950905",",,0","-6.7","1,0,22,","0",",,0,30,+","0","1,,0,30,+","3.3",",,0,05,","32.8",",0,05,","118.3","0","109.2",",0","7.4",",,,0","0","1,,,0","15.81","1,0","22.82",",,,0","8.79","1,,,0"
"USC00392927","1995-10","45.03239","-99.12253","481.0","FAULKTON, SD US","367.1","0","4.7",",0","9",",0","5",",0","1",",0","1","5,0","1","1,0","0",",0","9",",0","0",",0","4",",0","0",",0","","","19951030",",,0","19951031",",5,0","19951023",",1,0","","","19951005",",,0","19951013",",,0","-4.4",",0,30,","76","5,,0,31,","102","1,,0,23,","50.5",",,0,05,","28.9",",0,13,","438.6","0","320.3",",0","96.2",",,,0","102","1,,,0","8.15",",0","13.55",",,,0","2.76",",,,0"
"USC00392927","1995-11","45.03239","-99.12253","481.0","FAULKTON, SD US","367.1","0","0.0","1,0","4",",0","2",",0","0",",0","","","0","4,0","0","1,0","29","1,0","10",",0","0",",0","0",",0","","","19951111",",1,0","","","19951130","+,4,0","","","19951127",",,0","19951125",",,0","-15.6","1,0,11,","","","0","4,,0,30,+","5.6",",,0,27,","15.0",",0,25,","1054.1","0","615.5",",0","11.1",",,,0","0","4,,,0","-2.73","1,0","2.28",",,,0","-7.74","1,,,0"
"USC00392927","1995-12","45.03239","-99.12253","481.0","FAULKTON, SD US","367.1","0","0.0","4,0","5",",0","1",",0","0",",0","0",",0","0","3,0","5","3,0","28","3,0","19","2,0","0","2,0","0","2,0","","","19951209",",3,0","19951231","+,,0","19951231","+,3,0","","","19951208",",,0","19951201",",2,0","-22.8","3,0,09,","0",",,0,31,+","0","3,,0,31,+","2.8",",,0,08,","15.6","2,0,01,","1733.8","0","679.7","2,0","5.4",",,,0","0","3,,,0","-6.80","4,0","-1.88","2,,,0","-11.73","3,,,0"
"USC00392927","1996-01","45.03239","-99.12253","481.0","FAULKTON, SD US","0.0","0","0.0","3,0","7",",0","4",",0","0",",0","","","","","19","2,0","28","2,0","23","1,0","0","1,0","0","1,0","","","19960119",",2,0","","","","","","","19960118",",,0","19960113",",1,0","-34.4","2,0,19,","","","","","8.4",",,0,18,","12.2","1,0,13,","2617.3","0","883.5","1,0","25.7",",,,0","","","-13.57","3,0","-8.20","1,,,0","-18.95","2,,,0"
"USC00392927","1996-02","45.03239","-99.12253","481.0","FAULKTON, SD US","","","","","5",",0","2",",0","0",",0","","","0","4,0","8","3,0","25","3,0","8","4,0","0","4,0","0","4,0","","","19960203",",3,0","","","19960229","+,4,0","","","19960227",",,0","19960220",",4,0","-36.1","3,0,03,","","","0","4,,0,29,+","14.0",",,0,27,","15.6","4,0,20,","","","","","22.9",",,,0","0","4,,,0","-6.64","7,0","-1.00","4,,,0","-12.29","3,,,0"
"USC00392927","1996-03","45.03239","-99.12253","481.0","FAULKTON, SD US","","","0.0","4,0","8",",0","4",",0","0",",0","","","","","7","3,0","26","3,0","14","1,0","0","1,0","0","1,0","","","19960307",",3,0","","","","","","","19960329",",,0","19960313",",1,0","-26.1","3,0,07,","","","","","6.1",",,0,29,","15.0","1,0,13,","","","636.3","1,0","25.2",",,,0","","","-5.20","4,0","-0.09","1,,,0","-10.32","3,,,0"
"USC00392927","1996-04","45.03239","-99.12253","481.0","FAULKTON, SD US","","","0.0",",0","5",",0","0",",0","0",",0","0","1,0","0","2,0","0",",0","21",",0","1",",0","4",",0","0",",0","","","19960405",",,0","19960430","+,1,0","19960430","+,2,0","","","19960412",",,0","19960411",",,0","-10.0",",0,05,","0","1,,0,30,+","0","2,,0,30,+","2.0",",,0,12,","30.0",",0,11,","","","394.4",",0","4.1",",,,0","0","2,,,0","5.19",",0","12.13",",,,0","-1.76",",,,0"
"USC00392927","1996-05","45.03239","-99.12253","481.0","FAULKTON, SD US","","","4.0","3,0","18",",0","12",",0","0",",0","0",",0","0",",0","0","2,0","4","2,0","0","1,0","11","1,0","0","1,0","","","19960510",",2,0","19960531","+,,0","19960531","+,,0","","","19960514",",,0","19960516",",1,0","-1.7","2,0,10,","0",",,0,31,+","0",",,0,31,+","18.8",",,0,14,","26.7","1,0,16,","","","191.7","1,0","121.1",",,,0","0",",,,0","11.43","3,0","16.72","1,,,0","6.13","2,,,0"
"USC00392927","1996-06","45.03239","-99.12253","481.0","FAULKTON, SD US","","","75.5",",0","7",",0","5",",0","0",",0","0",",0","0",",0","0",",0","0",",0","0",",0","26",",0","4",",0","","","19960604",",,0","19960630","+,,0","19960630","+,,0","","","19960615",",,0","19960629","+,,0","3.3",",0,04,","0",",,0,30,+","0",",,0,30,+","22.6",",,0,15,","34.4",",0,29,+","","","33.6",",0","48.0",",,,0","0",",,,0","19.73",",0","26.57",",,,0","12.89",",,,0"
"USC00392927","1996-07","45.03239","-99.12253","481.0","FAULKTON, SD US","","","78.1",",0","8",",0","4",",0","1",",0","0",",0","0",",0","0",",0","0",",0","0",",0","31",",0","2",",0","","","19960709",",,0","19960731","+,,0","19960731","+,,0","","","19960721",",,0","19960718",",,0","6.7",",0,09,","0",",,0,31,+","0",",,0,31,+","33.3",",,0,21,","33.3",",0,18,","4.2","0","4.2",",0","57.8",",,,0","0",",,,0","20.72",",0","28.17",",,,0","13.26",",,,0"
"USC00392927","1996-08","45.03239","-99.12253","481.0","FAULKTON, SD US","","","95.2","3,0","4",",0","2",",0","1",",0","0",",0","0",",0","0","3,0","0","3,0","0",",0","31",",0","7",",0","","","19960827",",3,0","19960831","+,,0","19960831","+,,0","","","19960805",",,0","19960829","+,,0","6.7","3,0,27,","0",",,0,31,+","0",",,0,31,+","37.1",",,0,05,","34.4",",0,29,+","8.3","0","4.1",",0","42.4",",,,0","0",",,,0","21.52","3,0","29.60",",,,0","13.44","3,,,0"
"USC00392927","1996-09","45.03239","-99.12253","481.0","FAULKTON, SD US","","","38.3",",0","9",",0","7",",0","3",",0","0",",0","0",",0","0",",0","0",",0","0",",0","14",",0","2",",0","1","","19960929","+,,0","19960930","+,,0","19960930","+,,0","","","19960920",",,0","19960906",",,0","1.1",",0,29,+","0",",,0,30,+","0",",,0,30,+","93.2",",,0,20,","35.6",",0,06,","138.0","0","129.7",",0","192.1",",,,0","0",",,,0","15.29",",0","21.69",",,,0","8.88",",,,0"
"USC00392927","1996-10","45.03239","-99.12253","481.0","FAULKTON, SD US","","","0.0",",0","5",",0","4",",0","1",",0","0",",0","0",",0","0",",0","11",",0","1",",0","9",",0","0",",0","","","19961030",",,0","19961031","+,,0","19961031","+,,0","","","19961030",",,0","19961013",",,0","-10.0",",0,30,","0",",,0,31,+","0",",,0,31,+","44.5",",,0,30,","28.3",",0,13,","451.7","0","313.7",",0","71.1",",,,0","0",",,,0","8.21",",0","15.25",",,,0","1.18",",,,0"
"USC00392927","1996-11","45.03239","-99.12253","481.0","FAULKTON, SD US","","","0.0",",0","10",",0","7",",0","0",",0","","","8","5,0","5",",0","30",",0","19",",0","0",",0","0",",0","2","","19961125",",,0","","","19961117",",5,0","","","19961117",",,0","19961104",",,0","-26.1",",0,25,","","","152","5,,0,17,","14.5",",,0,17,","19.4",",0,04,","1201.8","0","750.1",",0","49.6",",,,0","609","5,,,0","-6.67",",0","-2.33",",,,0","-11.01",",,,0"
"USC00392927","1996-12","45.03239","-99.12253","481.0","FAULKTON, SD US","","","0.0","1,0","9",",0","6",",0","0",",0","","","","","13","1,0","30","1,0","29",",0","0",",0","0",",0","","","19961226",",1,0","","","","","","","19961215",",,0","19961213",",,0","-30.0","1,0,26,","","","","","22.1",",,0,15,","1.7",",0,13,","2164.1","0","962.3",",0","41.4",",,,0","","","-13.58","1,0","-9.50",",,,0","-17.66","1,,,0"
"USC00392927","1997-01","45.03239","-99.12253","481.0","FAULKTON, SD US","0.0","0","0.0","3,0","8",",0","7",",0","3",",0","","","","","20","3,0","28","3,0","23","1,0","0","1,0","0","1,0","","","19970110",",3,0","","","","","","","19970105","+,,0","19970131","+,1,0","-29.4","3,0,10,","","","","","34.3",",,0,05,+","5.6","1,0,31,+","3104.8","0","940.7","1,0","131.2",",,,0","","","-14.78","3,0","-9.81","1,,,0","-19.75","3,,,0"
"USC00392927","1997-02","45.03239","-99.12253","481.0","FAULKTON, SD US","0.0","0","0.0",",0","4",",0","1",",0","0",",0","","","","","7",",0","28",",0","17",",0","0",",0","0",",0","1","","19970208",",,0","","","","","","","19970204",",,0","19970218",",,0","-23.3",",0,08,","","","","","24.4",",,0,04,","7.8",",0,18,","3818.0","0","713.2",",0","27.2",",,,0","","","-7.14",",0","-2.23",",,,0","-12.05",",,,0"
"USC00392927","1997-03","45.03239","-99.12253","481.0","FAULKTON, SD US","0.0","0","0.0","1,0","4",",0","4",",0","0",",0","","","0","5,0","3","1,0","25","1,0","14","1,0","0","1,0","0","1,0","","","19970305",",1,0","","","19970331","+,5,0","","","19970314","+,,0","19970331",",1,0","-24.4","1,0,05,","","","0","5,,0,31,+","7.6",",,0,14,+","14.4","1,0,31,","4458.2","0","640.2","1,0","28.4",",,,0","0","5,,,0","-3.01","1,0","1.32","1,,,0","-7.33","1,,,0"
"USC00392927","1997-04","45.03239","-99.12253","481.0","FAULKTON, SD US","0.0","0","0.0",",0","7",",0","5",",0","1",",0","","","2","1,0","0",",0","13",",0","5",",0","0",",0","0",",0","","","19970408",",,0","","","19970406",",1,0","","","19970406",",,0","19970419","+,,0","-12.2",",0,08,","","","152","1,,0,06,","53.3",",,0,06,","20.6",",0,19,+","4842.2","0","384.0",",0","72.3",",,,0","228","1,,,0","5.53",",0","11.27",",,,0","-0.20",",,,0"
"USC00392927","1997-05","45.03239","-99.12253","481.0","FAULKTON, SD US","5.2","0","5.2","1,0","11",",0","6",",0","1",",0","0",",0","0",",0","0","1,0","3","1,0","0",",0","10",",0","0",",0","","","19970515",",1,0","19970531","+,,0","19970531","+,,0","","","19970502",",,0","19970518",",,0","-3.3","1,0,15,","0",",,0,31,+","0",",,0,31,+","33.5",",,0,02,","31.1",",0,18,","5024.4","0","182.2",",0","66.9",",,,0","0",",,,0","12.38","1,0","18.75",",,,0","6.02","1,,,0"
"USC00392927","1997-06","45.03239","-99.12253","481.0","FAULKTON, SD US","72.7","0","67.5",",0","11",",0","6",",0","1",",0","0",",0","0",",0","0",",0","0",",0","0",",0","29",",0","2",",0","","","19970618","+,,0","19970630","+,,0","19970630","+,,0","","","19970604",",,0","19970628","+,,0","9.4",",0,18,+","0",",,0,30,+","0",",,0,30,+","30.7",",,0,04,","32.8",",0,28,+","5030.6","0","6.2",",0","63.1",",,,0","0",",,,0","20.38",",0","26.85",",,,0","13.90",",,,0"
"USC00392927","1997-07","45.03239","-99.12253","481.0","FAULKTON, SD US","195.9","0","123.2",",0","11","1,0","6","1,0","0","1,0","0",",0","0",",0","0",",0","0",",0","0",",0","28",",0","4",",0","","","19970704",",,0","19970731","+,,0","19970731","+,,0","","","19970701",",1,0","19970717",",,0","6.1",",0,04,","0",",,0,31,+","0",",,0,31,+","21.8","1,,0,01,","35.0",",0,17,","11.5","0","11.5",",0","56.0","1,,,0","0",",,,0","21.94",",0","28.03",",,,0","15.84",",,,0"
"USC00392927","1997-08","45.03239","-99.12253","481.0","FAULKTON, SD US","300.1","0","104.2",",0","5",",0","3",",0","0",",0","0","1,0","0",",0","0",",0","0",",0","0",",0","29",",0","7",",0","","","19970817",",,0","19970831","+,1,0","19970831","+,,0","","","19970809",",,0","19970824",",,0","8.9",",0,17,","0","1,,0,31,+","0",",,0,31,+","18.0",",,0,09,","36.7",",0,24,","20.8","0","9.3",",0","29.4",",,,0","0",",,,0","21.40",",0","27.92",",,,0","14.87",",,,0"
"USC00392927","1997-09","45.03239","-99.12253","481.0","FAULKTON, SD US","336.5","0","36.4","1,0","6",",0","3",",0","1",",0","0",",0","0",",0","0","1,0","0","1,0","0",",0","26",",0","2",",0","","","19970920",",1,0","19970930","+,,0","19970930","+,,0","","","19970915",",,0","19970906",",,0","0.6","1,0,20,","0",",,0,30,+","0",",,0,30,+","88.9",",,0,15,","32.8",",0,06,","75.8","0","55.0",",0","100.8",",,,0","0",",,,0","17.78","1,0","25.26",",,,0","10.31","1,,,0"
"USC00392927","1997-10","45.03239","-99.12253","481.0","FAULKTON, SD US","348.7","0","12.2","2,0","6",",0","4",",0","0",",0","0","5,0","0","1,0","0","1,0","11","1,0","0","1,0","13","1,0","1","1,0","","","19971026",",1,0","19971031","+,5,0","19971031","+,1,0","","","19971012",",,0","19971003",",1,0","-12.2","1,0,26,","0","5,,0,31,+","0","1,,0,31,+","22.9",",,0,12,","32.8","1,0,03,","309.0","0","233.2","1,0","59.3",",,,0","0","1,,,0","10.57","2,0","17.46","1,,,0","3.67","1,,,0"
"USC00392927","1997-11","45.03239","-99.12253","481.0","FAULKTON, SD US","348.7","0","0.0","1,0","5",",0","1",",0","0",",0","","","2","4,0","0",",0","27",",0","10","1,0","0","1,0","0","1,0","","","19971116","+,,0","","","19971114",",4,0","","","19971114",",,0","19971101",",1,0","-17.2",",0,16,+","","","178","4,,0,14,","11.9",",,0,14,","16.1","1,0,01,","888.5","0","579.5","1,0","17.8",",,,0","203","4,,,0","-1.83","1,0","3.36","1,,,0","-7.01",",,,0"
"USC00392927","1997-12","45.03239","-99.12253","481.0","FAULKTON, SD US","348.7","0","0.0",",0","1",",0","0",",0","0",",0","0",",0","0","1,0","0",",0","30",",0","11",",0","0",",0","0",",0","","","19971231",",,0","19971231","+,,0","19971231","+,1,0","","","19971210",",,0","19971215",",,0","-11.7",",0,31,","0",",,0,31,+","0","1,,0,31,+","1.3",",,0,10,","12.8",",0,15,","1500.7","0","612.2",",0","1.3",",,,0","0","1,,,0","-1.41",",0","2.53",",,,0","-5.35",",,,0"
"USC00392927","1998-01","45.03239","-99.12253","481.0","FAULKTON, SD US","0.0","0","0.0","2,0","8",",0","5",",0","0",",0","","","7","1,0","11","1,0","29","1,0","21","1,0","0","1,0","0","1,0","1","","19980113",",1,0","","","19980111",",1,0","","","19980121",",,0","19980102",",1,0","-30.6","1,0,13,","","","76","1,,0,11,","6.1",",,0,21,","13.9","1,0,02,","2272.3","0","771.6","1,0","22.9",",,,0","330","1,,,0","-8.41","2,0","-3.39","1,,,0","-13.43","1,,,0"
"USC00392927","1998-02","45.03239","-99.12253","481.0","FAULKTON, SD US","0.0","0","0.0","2,0","8",",0","2",",0","0",",0","","","2",",0","0","2,0","24","2,0","7",",0","0",",0","0",",0","3","","19980203",",2,0","","","19980228","+,,0","","","19980218",",,0","19980226",",,0","-17.2","2,0,03,","","","51",",,0,28,+","5.1",",,0,18,","12.2",",0,26,","2764.3","0","492.0",",0","14.6",",,,0","110",",,,0","-0.44","2,0","3.38",",,,0","-4.26","2,,,0"
"USC00392927","1998-03","45.03239","-99.12253","481.0","FAULKTON, SD US","0.0","0","0.0","5,0","9",",0","4",",0","1",",0","","","","","6","3,0","24","3,0","12","3,0","0","3,0","0","3,0","","","19980311",",3,0","","","","","","","19980329",",,0","19980327",",3,0","-29.4","3,0,11,","","","","","25.9",",,0,29,","18.3","3,0,27,","3317.3","0","553.0","3,0","51.9",",,,0","","","-3.32","5,0","1.76","3,,,0","-8.40","3,,,0"
"USC00392927","1998-04","45.03239","-99.12253","481.0","FAULKTON, SD US","0.6","0","0.6",",0","6",",0","2",",0","0",",0","0",",0","0",",0","0",",0","9",",0","0",",0","6",",0","0",",0","","","19980404",",,0","19980430","+,,0","19980430","+,,0","","","19980426",",,0","19980425",",,0","-4.4",",0,04,","0",",,0,30,+","0",",,0,30,+","22.9",",,0,26,","26.7",",0,25,","3595.3","0","278.0",",0","32.4",",,,0","0",",,,0","9.09",",0","15.80",",,,0","2.37",",,,0"
"USC00392927","1998-05","45.03239","-99.12253","481.0","FAULKTON, SD US","15.4","0","14.8",",0","9",",0","6",",0","1",",0","0",",0","0",",0","0",",0","0",",0","0",",0","20",",0","0",",0","","","19980508",",,0","19980531","+,,0","19980531","+,,0","","","19980512",",,0","19980531","+,,0","2.2",",0,08,","0",",,0,31,+","0",",,0,31,+","30.0",",,0,12,","30.0",",0,31,+","3675.8","0","80.5",",0","71.1",",,,0","0",",,,0","16.21",",0","22.65",",,,0","9.78",",,,0"
"USC00392927","1998-06","45.03239","-99.12253","481.0","FAULKTON, SD US","54.8","0","39.4",",0","11",",0","8",",0","2",",0","0",",0","0",",0","0",",0","0",",0","0",",0","20",",0","1",",0","","","19980607",",,0","19980630","+,,0","19980630","+,,0","","","19980618",",,0","19980627",",,0","1.7",",0,07,","0",",,0,30,+","0",",,0,30,+","74.7",",,0,18,","32.8",",0,27,","3740.8","0","65.0",",0","165.8",",,,0","0",",,,0","17.48",",0","23.31",",,,0","11.66",",,,0"
"USC00392927","1998-07","45.03239","-99.12253","481.0","FAULKTON, SD US","219.5","0","164.7",",0","5",",0","4",",0","0",",0","0",",0","0",",0","0",",0","0",",0","0",",0","31",",0","9",",0","","","19980731","+,,0","19980731","+,,0","19980731","+,,0","","","19980712",",,0","19980719",",,0","10.0",",0,31,+","0",",,0,31,+","0",",,0,31,+","13.2",",,0,12,","37.8",",0,19,","0.3","0","0.3",",0","29.2",",,,0","0",",,,0","23.64",",0","30.55",",,,0","16.72",",,,0"
"USC00392927","1998-08","45.03239","-99.12253","481.0","FAULKTON, SD US","351.0","0","131.5",",0","9",",0","6",",0","1",",0","0",",0","0",",0","0",",0","0",",0","0",",0","30",",0","6",",0","","","19980815",",,0","19980831","+,,0","19980831","+,,0","","","19980803",",,0","19980823",",,0","10.6",",0,15,","0",",,0,31,+","0",",,0,31,+","80.8",",,0,03,","34.4",",0,23,","0.6","0","0.3",",0","122.8",",,,0","0",",,,0","22.57",",0","29.25",",,,0","15.89",",,,0"
"USC00392927","1998-09","45.03239","-99.12253","481.0","FAULKTON, SD US","425.2","0","74.2",",0","1",",0","0",",0","0",",0","0",",0","0",",0","0",",0","0",",0","0",",0","26",",0","6",",0","","","19980922",",,0","19980930","+,,0","19980930","+,,0","","","19980924",",,0","19980911",",,0","1.7",",0,22,","0",",,0,30,+","0",",,0,30,+","1.8",",,0,24,","36.7",",0,11,","35.6","0","35.0",",0","1.8",",,,0","0",",,,0","19.64",",0","27.69",",,,0","11.59",",,,0"
"USC00392927","1998-10","45.03239","-99.12253","481.0","FAULKTON, SD US","425.2","0","0.0",",0","8",",0","7",",0","3",",0","","","0",",0","0",",0","4",",0","0",",0","5",",0","0",",0","","","19981001",",,0","","","19981031","+,,0","","","19981017",",,0","19981009",",,0","-3.3",",0,01,","","","0",",,0,31,+","76.2",",,0,17,","24.4",",0,09,","309.2","0","273.6",",0","189.7",",,,0","0",",,,0","9.51",",0","14.98",",,,0","4.04",",,,0"
"USC00392927","1998-11","45.03239","-99.12253","481.0","FAULKTON, SD US","425.2","0","0.0",",0","7",",0","2",",0","1",",0","","","0","5,0","0",",0","23",",0","4",",0","0",",0","0",",0","1","","19981112",",,0","","","19981130","+,5,0","","","19981110",",,0","19981127",",,0","-10.0",",0,12,","","","0","5,,0,30,+","28.2",",,0,10,","18.3",",0,27,","793.4","0","484.2",",0","39.2",",,,0","0","5,,,0","2.19",",0","6.20",",,,0","-1.82",",,,0"
"USC00392927","1998-12","45.03239","-99.12253","481.0","FAULKTON, SD US","425.2","0","0.0",",0","3",",0","1",",0","0",",0","","","3",",0","7",",0","28",",0","9",",0","0",",0","0",",0","","","19981221",",,0","","","19981231","+,,0","","","19981230",",,0","19981202",",,0","-22.8",",0,21,","","","51",",,0,31,+","2.5",",,0,30,","18.9",",0,02,","1446.6","0","653.2",",0","5.3",",,,0","127",",,,0","-2.74",",0","3.06",",,,0","-8.54",",,,0"
"USC00392927","1999-01","45.03239","-99.12253","481.0","FAULKTON, SD US","0.0","0","0.0","2,0","8",",0","4",",0","0",",0","","","","","13","1,0","30","1,0","24","1,0","0","1,0","0","1,0","","","19990104",",1,0","","","","","","","19990124",",,0","19990131",",1,0","-30.6","1,0,04,","","","","","3.8",",,0,24,","7.8","1,0,31,","2293.2","0","846.6","1,0","15.3",",,,0","","","-10.67","2,0","-5.83","1,,,0","-15.50","1,,,0"
"USC00392927","1999-02","45.03239","-99.12253","481.0","FAULKTON, SD US","0.0","0","0.0","2,0","4",",0","2",",0","0",",0","","","0","3,0","0","1,0","22","1,0","7","1,0","0","1,0","0","1,0","","","19990204",",1,0","","","19990228","+,3,0","","","19990223",",,0","19990215",",1,0","-13.9","1,0,04,","","","0","3,,0,28,+","3.3",",,0,23,","15.6","1,0,15,","2755.3","0","462.1","1,0","7.6",",,,0","0","3,,,0","0.58","2,0","5.49","1,,,0","-4.33","1,,,0"
"USC00392927","1999-03","45.03239","-99.12253","481.0","FAULKTON, SD US","0.0","0","0.0",",0","5",",0","1",",0","0",",0","","","0","3,0","0",",0","24",",0","5",",0","1",",0","0",",0","","","19990303",",,0","","","19990331","+,3,0","","","19990328",",,0","19990331",",,0","-10.0",",0,03,","","","0","3,,0,31,+","19.8",",,0,28,","25.6",",0,31,","3229.7","0","474.4",",0","24.9",",,,0","0","3,,,0","3.03",",0","8.85",",,,0","-2.79",",,,0"
"USC00392927","1999-04","45.03239","-99.12253","481.0","FAULKTON, SD US","0.0","0","0.0",",0","9",",0","7",",0","0",",0","0",",0","0",",0","0",",0","13",",0","0",",0","4",",0","0",",0","","","19990417",",,0","19990430","+,,0","19990430","+,,0","","","19990422",",,0","19990414",",,0","-6.1",",0,17,","0",",,0,30,+","0",",,0,30,+","23.1",",,0,22,","22.8",",0,14,","3543.7","0","314.0",",0","52.7",",,,0","0",",,,0","7.87",",0","13.79",",,,0","1.95",",,,0"
"USC00392927","1999-05","45.03239","-99.12253","481.0","FAULKTON, SD US","11.4","0","11.4",",0","11",",0","9",",0","2",",0","0",",0","0",",0","0",",0","0",",0","0",",0","16",",0","0",",0","","","19990512",",,0","19990531","+,,0","19990531","+,,0","","","19990505",",,0","19990530",",,0","2.8",",0,12,","0",",,0,31,+","0",",,0,31,+","36.1",",,0,05,","29.4",",0,30,","3666.4","0","122.7",",0","135.3",",,,0","0",",,,0","14.74",",0","20.83",",,,0","8.66",",,,0"
"USC00392927","1999-06","45.03239","-99.12253","481.0","FAULKTON, SD US","73.1","0","61.7",",0","15",",0","10",",0","1",",0","0",",0","0",",0","0",",0","0",",0","0",",0","27",",0","0",",0","","","19990615","+,,0","19990630","+,,0","19990630","+,,0","","","19990605",",,0","19990625",",,0","8.3",",0,15,+","0",",,0,30,+","0",",,0,30,+","34.8",",,0,05,","31.7",",0,25,","3691.8","0","25.4",",0","100.9",",,,0","0",",,,0","19.55",",0","25.30",",,,0","13.79",",,,0"
"USC00392927","1999-07","45.03239","-99.12253","481.0","FAULKTON, SD US","245.2","0","172.1",",0","10",",0","5",",0","0",",0","0",",0","0",",0","0",",0","0",",0","0",",0","31",",0","12",",0","","","19990710",",,0","19990731","+,,0","19990731","+,,0","","","19990731",",,0","19990730",",,0","11.1",",0,10,","0",",,0,31,+","0",",,0,31,+","5.3",",,0,31,","40.0",",0,30,","1.9","0","1.9",",0","23.9",",,,0","0",",,,0","23.82",",0","30.25",",,,0","17.39",",,,0"
"USC00392927","1999-08","45.03239","-99.12253","481.0","FAULKTON, SD US","372.2","0","127.0",",0","8",",0","5",",0","0",",0","0",",0","0",",0","0",",0","0",",0","0",",0","30",",0","11",",0","","","19990819",",,0","19990831","+,,0","19990831","+,,0","","","19990830",",,0","19990828",",,0","8.9",",0,19,","0",",,0,31,+","0",",,0,31,+","23.1",",,0,30,","37.8",",0,28,","6.0","0","4.1",",0","66.4",",,,0","0",",,,0","22.30",",0","29.44",",,,0","15.15",",,,0"
"USC00392927","1999-09","45.03239","-99.12253","481.0","FAULKTON, SD US","386.9","0","14.7",",0","11",",0","6",",0","1",",0","0",",0","0",",0","0",",0","0",",0","0",",0","14",",0","0",",0","","","19990929",",,0","19990930","+,,0","19990930","+,,0","","","19990903",",,0","19990901",",,0","1.7",",0,29,","0",",,0,30,+","0",",,0,30,+","27.7",",,0,03,","31.7",",0,01,","116.0","0","110.0",",0","62.6",",,,0","0",",,,0","15.16",",0","21.40",",,,0","8.91",",,,0"
"USC00392927","1999-10","45.03239","-99.12253","481.0","FAULKTON, SD US","386.9","0","0.0",",0","7",",0","2",",0","0",",0","0","5,0","3",",0","0",",0","9",",0","0",",0","7",",0","0",",0","","","19991023",",,0","19991031","+,5,0","19991002","+,,0","","","19991002",",,0","19991010",",,0","-5.6",",0,23,","0","5,,0,31,+","51",",,0,02,+","4.6",",,0,02,","24.4",",0,10,","405.0","0","289.0",",0","12.6",",,,0","127",",,,0","9.01",",0","15.47",",,,0","2.55",",,,0"
"USC00392927","1999-11","45.03239","-99.12253","481.0","FAULKTON, SD US","386.9","0","0.0",",0","0","1,0","0","1,0","0","1,0","0",",0","0","1,0","0",",0","21",",0","0",",0","4",",0","0",",0","","","19991129",",,0","19991130","+,,0","19991130","+,1,0","","","19991119",",1,0","19991109",",,0","-6.7",",0,29,","0",",,0,30,+","0","1,,0,30,+","0.0","1,T,0,19,","25.0",",0,09,","775.6","0","370.6",",0","0.0","1,T,,0","0","1,,,0","5.98",",0","13.40",",,,0","-1.44",",,,0"
"USC00392927","1999-12","45.03239","-99.12253","481.0","FAULKTON, SD US","386.9","0","0.0","2,0","5",",0","0",",0","0",",0","","","3","2,0","4","1,0","27","1,0","7","1,0","0","1,0","0","1,0","","","19991222",",1,0","","","19991217","+,2,0","","","19991217","+,,0","19991230",",1,0","-22.2","1,0,22,","","","25","2,,0,17,+","1.5",",,0,17,+","13.9","1,0,30,","1347.0","0","571.4","1,0","4.3",",,,0","75","2,,,0","-1.57","2,0","4.53","1,,,0","-7.66","1,,,0"
"USC00392927","2000-01","45.03239","-99.12253","481.0","FAULKTON, SD US","0.0","0","0.0",",0","4",",0","1",",0","0",",0","","","2","2,0","6",",0","31",",0","21",",0","0",",0","0",",0","","","20000104",",,0","","","20000112",",2,0","","","20000112",",,0","20000101",",,0","-22.8",",0,04,","","","76","2,,0,12,","4.8",",,0,12,","11.1",",0,01,","2138.3","0","791.3",",0","8.2",",,,0","127","2,,,0","-7.19",",0","-1.60",",,,0","-12.78",",,,0"
"USC00392927","2000-02","45.03239","-99.12253","481.0","FAULKTON, SD US","0.0","0","0.0",",0","3",",0","1",",0","0",",0","","","","","2",",0","23",",0","9",",0","0",",0","0",",0","","","20000211",",,0","","","","","","","20000226",",,0","20000223",",,0","-21.1",",0,11,","","","","","10.4",",,0,26,","20.6",",0,23,","2702.2","0","563.9",",0","12.5",",,,0","","","-1.11",",0","4.71",",,,0","-6.94",",,,0"
"USC00392927","2000-03","45.03239","-99.12253","481.0","FAULKTON, SD US","0.0","0","0.0",",0","4",",0","4",",0","0",",0","","","0","1,0","0",",0","18",",0","4",",0","3",",0","0",",0","","","20000310",",,0","","","20000331","+,1,0","","","20000308",",,0","20000306",",,0","-11.7",",0,10,","","","0","1,,0,31,+","15.2",",,0,08,","24.4",",0,06,","3115.0","0","412.8",",0","33.9",",,,0","0","1,,,0","5.02",",0","11.93",",,,0","-1.90",",,,0"
"USC00392927","2000-04","45.03239","-99.12253","481.0","FAULKTON, SD US","0.0","0","0.0",",0","6",",0","5",",0","1",",0","1","5,0","0","1,0","0",",0","12",",0","1",",0","7",",0","0",",0","","","20000404",",,0","20000416",",5,0","20000430","+,1,0","","","20000420",",,0","20000423",",,0","-6.1",",0,04,","203","5,,0,16,","0","1,,0,30,+","38.4",",,0,20,","25.6",",0,23,","3421.3","0","306.3",",0","78.3",",,,0","0","1,,,0","8.12",",0","14.50",",,,0","1.74",",,,0"
"USC00392927","2000-05","45.03239","-99.12253","481.0","FAULKTON, SD US","23.4","0","23.4",",0","15",",0","7",",0","1",",0","0",",0","0",",0","0",",0","0",",0","0",",0","19",",0","2",",0","","","20000514",",,0","20000531","+,,0","20000531","+,,0","","","20000508",",,0","20000506",",,0","2.2",",0,14,","0",",,0,31,+","0",",,0,31,+","37.1",",,0,08,","33.9",",0,06,","3507.8","0","86.5",",0","94.3",",,,0","0",",,,0","16.30",",0","22.61",",,,0","9.98",",,,0"
"USC00392927","2000-06","45.03239","-99.12253","481.0","FAULKTON, SD US","87.3","0","63.9",",0","10",",0","6",",0","1",",0","0",",0","0",",0","0",",0","0",",0","0",",0","25",",0","4",",0","","","20000605",",,0","20000630","+,,0","20000630","+,,0","","","20000625",",,0","20000609",",,0","5.6",",0,05,","0",",,0,30,+","0",",,0,30,+","33.0",",,0,25,","38.9",",0,09,","3547.5","0","39.7",",0","76.3",",,,0","0",",,,0","19.14",",0","25.54",",,,0","12.74",",,,0"
"USC00392927","2000-07","45.03239","-99.12253","481.0","FAULKTON, SD US","258.0","0","170.7",",0","9",",0","5",",0","0",",0","0",",0","0",",0","0",",0","0",",0","0",",0","30",",0","15",",0","","","20000712",",,0","20000731","+,,0","20000731","+,,0","","","20000718",",,0","20000702",",,0","8.9",",0,12,","0",",,0,31,+","0",",,0,31,+","14.7",",,0,18,","36.1",",0,02,","6.2","0","6.2",",0","32.8",",,,0","0",",,,0","23.64",",0","30.74",",,,0","16.55",",,,0"
"USC00392927","2000-08","45.03239","-99.12253","481.0","FAULKTON, SD US","429.7","0","171.7",",0","5",",0","4",",0","1",",0","0",",0","0",",0","0",",0","0",",0","0",",0","31",",0","10",",0","","","20000818",",,0","20000831","+,,0","20000831","+,,0","","","20000805",",,0","20000812",",,0","7.8",",0,18,","0",",,0,31,+","0",",,0,31,+","141.0",",,0,05,","37.8",",0,12,","9.3","0","3.1",",0","168.7",",,,0","0",",,,0","23.77",",0","30.52",",,,0","17.03",",,,0"
"USC00392927","2000-09","45.03239","-99.12253","481.0","FAULKTON, SD US","488.9","0","59.2",",0","4",",0","1",",0","0",",0","0",",0","0",",0","0",",0","1",",0","0",",0","25",",0","4",",0","","","20000924",",,0","20000930","+,,0","20000930","+,,0","","","20000923",",,0","20000919",",,0","-2.2",",0,24,","0",",,0,30,+","0",",,0,30,+","4.6",",,0,23,","36.7",",0,19,","78.4","0","69.1",",0","8.9",",,,0","0",",,,0","18.00",",0","25.60",",,,0","10.41",",,,0"
"USC00392927","2000-10","45.03239","-99.12253","481.0","FAULKTON, SD US","493.0","0","4.1",",0","9",",0","4",",0","0",",0","0",",0","0",",0","0",",0","4",",0","0",",0","12",",0","0",",0","","","20001007",",,0","20001031","+,,0","20001031","+,,0","","","20001026",",,0","20001001",",,0","-4.4",",0,07,","0",",,0,31,+","0",",,0,31,+","11.4",",,0,26,","30.0",",0,01,","292.0","0","213.6",",0","29.4",",,,0","0",",,,0","11.58",",0","17.72",",,,0","5.43",",,,0"
"USC00392927","2000-11","45.03239","-99.12253","481.0","FAULKTON, SD US","493.0","0","0.0","2,0","9",",0","8",",0","0",",0","","","","","3","1,0","25","1,0","16","1,0","0","1,0","0","1,0","","","20001122","+,1,0","","","","","","","20001112",",,0","20001102",",1,0","-17.8","1,0,22,+","","","","","16.8",",,0,12,","18.3","1,0,02,","885.8","0","593.8","1,0","81.1",",,,0","","","-2.94","2,0","1.31","1,,,0","-7.18","1,,,0"
"USC00392927","2000-12","45.03239","-99.12253","481.0","FAULKTON, SD US","493.0","0","0.0","4,0","5","1,0","3","1,0","0","1,0","","","","","18","2,0","29","2,0","26","2,0","0","2,0","0","2,0","","","20001224",",2,0","","","","","","","20001229",",1,0","20001208","+,2,0","-30.0","2,0,24,","","","","","7.9","1,,0,29,","3.3","2,0,08,+","1765.2","0","879.4","2,0","21.3","1,,,0","","","-14.01","4,0","-9.60","2,,,0","-18.41","2,,,0"
"USC00392927","2001-01","45.03239","-99.12253","481.0","FAULKTON, SD US","0.0","0","0.0","4,0","3",",0","1",",0","0",",0","","","1","1,0","6","2,0","29","2,0","20","2,0","0","2,0","0","2,0","","","20010101",",2,0","","","20010114",",1,0","","","20010114",",,0","20010105",",2,0","-29.4","2,0,01,","","","102","1,,0,14,","11.2",",,0,14,","6.7","2,0,05,","2451.8","0","686.6","2,0","13.0",",,,0","102","1,,,0","-7.07","4,0","-1.99","2,,,0","-12.14","2,,,0"
"USC00392927","2001-02","45.03239","-99.12253","481.0","FAULKTON, SD US","0.0","0","0.0","2,0","8",",0","4",",0","0",",0","","","","","17","1,0","27","1,0","23","1,0","0","1,0","0","1,0","","","20010210",",1,0","","","","","","","20010208",",,0","20010205","+,1,0","-31.1","1,0,10,","","","","","14.2",",,0,08,","3.3","1,0,05,+","3263.6","0","811.8","1,0","49.2",",,,0","","","-12.79","2,0","-7.53","1,,,0","-18.05","1,,,0"
"USC00392927","2001-03","45.03239","-99.12253","481.0","FAULKTON, SD US","0.0","0","0.0","2,0","2",",0","0",",0","0",",0","","","0","1,0","0","1,0","27","1,0","12","1,0","0","1,0","0","1,0","","","20010303",",1,0","","","20010331","+,1,0","","","20010312",",,0","20010320",",1,0","-17.2","1,0,03,","","","0","1,,0,31,+","2.0",",,0,12,","8.9","1,0,20,","3885.2","0","621.6","1,0","2.3",",,,0","0","1,,,0","-3.14","2,0","1.59","1,,,0","-7.87","1,,,0"
"USC00392927","2001-04","45.03239","-99.12253","481.0","FAULKTON, SD US","6.2","0","6.2","2,0","12",",0","7",",0","1",",0","2","2,0","0","2,0","0","1,0","10","1,0","0","1,0","7","1,0","1","1,0","","","20010417",",1,0","20010423",",2,0","20010430","+,2,0","","","20010407",",,0","20010429",",1,0","-7.2","1,0,17,","254","2,,0,23,","0","2,,0,30,+","25.4",",,0,07,","32.2","1,0,29,","4172.5","0","287.3","1,0","96.1",",,,0","0","2,,,0","8.08","2,0","13.89","1,,,0","2.28","1,,,0"
"USC00392927","2001-05","45.03239","-99.12253","481.0","FAULKTON, SD US","19.3","0","13.1",",0","11",",0","6",",0","1",",0","0",",0","0",",0","0",",0","0",",0","0",",0","17",",0","1",",0","","","20010523","+,,0","20010531","+,,0","20010531","+,,0","","","20010506",",,0","20010515",",,0","3.3",",0,23,+","0",",,0,31,+","0",",,0,31,+","29.7",",,0,06,","32.8",",0,15,","4283.5","0","111.0",",0","62.2",",,,0","0",",,,0","15.18",",0","21.29",",,,0","9.06",",,,0"
"USC00392927","2001-06","45.03239","-99.12253","481.0","FAULKTON, SD US","94.4","0","75.1",",0","15",",0","8",",0","0",",0","0",",0","0",",0","0",",0","0",",0","0",",0","24",",0","5",",0","","","20010603",",,0","20010630","+,,0","20010630","+,,0","","","20010618",",,0","20010625",",,0","6.1",",0,03,","0",",,0,30,+","0",",,0,30,+","16.0",",,0,18,","36.7",",0,25,","4318.5","0","35.0",",0","73.8",",,,0","0",",,,0","19.67",",0","25.54",",,,0","13.80",",,,0"
"USC00392927","2001-07","45.03239","-99.12253","481.0","FAULKTON, SD US","285.5","0","191.1",",0","8",",0","7",",0","0",",0","0",",0","0",",0","0",",0","0",",0","0",",0","30",",0","14",",0","","","20010701",",,0","20010731","+,,0","20010731","+,,0","","","20010715",",,0","20010731","+,,0","10.6",",0,01,","0",",,0,31,+","0",",,0,31,+","19.1",",,0,15,","37.2",",0,31,+","2.0","0","2.0",",0","57.1",",,,0","0",",,,0","24.43",",0","31.39",",,,0","17.47",",,,0"
"USC00392927","2001-08","45.03239","-99.12253","481.0","FAULKTON, SD US","450.5","0","165.0",",0","2",",0","2",",0","0",",0","0",",0","0",",0","0",",0","0",",0","0",",0","31",",0","11",",0","","","20010819",",,0","20010831","+,,0","20010831","+,,0","","","20010814",",,0","20010808",",,0","7.2",",0,19,","0",",,0,31,+","0",",,0,31,+","8.9",",,0,14,","39.4",",0,08,","3.9","0","1.9",",0","11.4",",,,0","0",",,,0","23.59",",0","31.47",",,,0","15.71",",,,0"
"USC00392927","2001-09","45.03239","-99.12253","481.0","FAULKTON, SD US","499.5","0","49.0",",0","5",",0","4",",0","0",",0","0",",0","0",",0","0",",0","1",",0","0",",0","21",",0","6",",0","","","20010924",",,0","20010930","+,,0","20010930","+,,0","","","20010914",",,0","20010906",",,0","-1.1",",0,24,","0",",,0,30,+","0",",,0,30,+","20.6",",,0,14,","37.8",",0,06,","77.3","0","73.4",",0","41.9",",,,0","0",",,,0","17.52",",0","24.74",",,,0","10.30",",,,0"
"USC00392927","2001-10","45.03239","-99.12253","481.0","FAULKTON, SD US","501.5","0","2.0",",0","3",",0","2",",0","1",",0","0",",0","0",",0","0",",0","9",",0","0",",0","7",",0","0",",0","","","20011026",",,0","20011031","+,,0","20011031","+,,0","","","20011010",",,0","20011003",",,0","-7.8",",0,26,","0",",,0,31,+","0",",,0,31,+","55.6",",,0,10,","30.0",",0,03,","370.1","0","292.8",",0","59.9",",,,0","0",",,,0","8.95",",0","16.04",",,,0","1.86",",,,0"
"USC00392927","2001-11","45.03239","-99.12253","481.0","FAULKTON, SD US","501.5","0","0.0",",0","6",",0","2",",0","1",",0","0","4,0","3",",0","1",",0","16",",0","4",",0","4",",0","0",",0","","","20011129",",,0","20011130","+,4,0","20011127",",,0","","","20011127",",,0","20011101",",,0","-20.0",",0,29,","0","4,,0,30,+","254",",,0,27,","26.4",",,0,27,","24.4",",0,01,","736.7","0","366.6",",0","42.2",",,,0","356",",,,0","6.11",",0","13.00",",,,0","-0.78",",,,0"
"USC00392927","2001-12","45.03239","-99.12253","481.0","FAULKTON, SD US","501.5","0","0.0","2,0","3",",0","0",",0","0",",0","","","0","5,0","1","1,0","30","1,0","12","1,0","0","1,0","0","1,0","","","20011231",",1,0","","","20011231","+,5,0","","","20011223",",,0","20011204",",1,0","-21.7","1,0,31,","","","0","5,,0,31,+","0.8",",,0,23,","6.1","1,0,04,","1410.7","0","674.0","1,0","1.6",",,,0","0","5,,,0","-5.10","2,0","-0.67","1,,,0","-9.52","1,,,0"
"USC00392927","2002-01","45.03239","-99.12253","481.0","FAULKTON, SD US","","","","","3",",0","1",",0","0",",0","","","1","1,0","5","3,0","27","3,0","13","3,0","0","3,0","0","3,0","","","20020130",",3,0","","","20020129",",1,0","","","20020113",",,0","20020126","+,3,0","-21.7","3,0,30,","","","25","1,,0,29,","7.1",",,0,13,","9.4","3,0,26,+","","","","","8.7",",,,0","38","1,,,0","-5.09","6,0","-0.11","3,,,0","-10.07","3,,,0"
"USC00392927","2002-02","45.03239","-99.12253","481.0","FAULKTON, SD US","","","0.0",",0","2",",0","0",",0","0",",0","","","0","3,0","2",",0","28",",0","7",",0","0",",0","0",",0","","","20020227",",,0","","","20020228","+,3,0","","","20020225","+,,0","20020218",",,0","-19.4",",0,27,","","","0","3,,0,28,+","1.5",",,0,25,+","15.0",",0,18,","","","546.3",",0","3.0",",,,0","0","3,,,0","-1.18",",0","5.11",",,,0","-7.46",",,,0"
"USC00392927","2002-03","45.03239","-99.12253","481.0","FAULKTON, SD US","","","0.0","2,0","5",",0","2",",0","0",",0","","","0","4,0","8","1,0","29","1,0","16","1,0","0","1,0","0","1,0","","","20020303",",1,0","","","20020331","+,4,0","","","20020315",",,0","20020313",",1,0","-23.3","1,0,03,","","","0","4,,0,31,+","8.1",",,0,15,","16.7","1,0,13,","","","695.0","1,0","18.8",",,,0","0","4,,,0","-5.64","2,0","0.13","1,,,0","-11.41","1,,,0"
"USC00392927","2002-04","45.03239","-99.12253","481.0","FAULKTON, SD US","","","0.0",",0","4",",0","3",",0","0",",0","1","3,0","0","2,0","0",",0","16",",0","2",",0","8",",0","0",",0","","","20020404",",,0","20020421",",3,0","20020430","+,2,0","","","20020427",",,0","20020424",",,0","-12.8",",0,04,","76","3,,0,21,","0","2,,0,30,+","12.7",",,0,27,","26.7",",0,24,","","","352.2",",0","30.8",",,,0","0","2,,,0","6.59",",0","13.65",",,,0","-0.47",",,,0"
"USC00392927","2002-05","45.03239","-99.12253","481.0","FAULKTON, SD US","","","17.5",",0","8",",0","3",",0","0",",0","0",",0","0",",0","0",",0","7",",0","0",",0","12",",0","1",",0","","","20020502",",,0","20020531","+,,0","20020531","+,,0","","","20020508",",,0","20020531",",,0","-4.4",",0,02,","0",",,0,31,+","0",",,0,31,+","14.7",",,0,08,","32.8",",0,31,","","","225.7",",0","39.4",",,,0","0",",,,0","11.61",",0","18.75",",,,0","4.48",",,,0"
"USC00392927","2002-06","45.03239","-99.12253","481.0","FAULKTON, SD US","","","127.3",",0","9",",0","4",",0","0",",0","0",",0","0",",0","0",",0","0",",0","0",",0","28",",0","10",",0","","","20020605",",,0","20020630","+,,0","20020630","+,,0","","","20020624",",,0","20020630",",,0","7.8",",0,05,","0",",,0,30,+","0",",,0,30,+","19.8",",,0,24,","40.6",",0,30,","","","14.5",",0","48.6",",,,0","0",",,,0","22.09",",0","29.61",",,,0","14.57",",,,0"
"USC00392927","2002-07","45.03239","-99.12253","481.0","FAULKTON, SD US","","","203.2",",0","8","2,0","2","2,0","1","2,0","0",",0","0",",0","0",",0","0",",0","0",",0","31",",0","17",",0","","","20020723","+,,0","20020731","+,,0","20020731","+,,0","","","20020707",",2,0","20020717",",,0","12.8",",0,23,+","0",",,0,31,+","0",",,0,31,+","28.7","2,,0,07,","38.3",",0,17,","0.0","0","0.0",",0","46.9","2,,,0","0",",,,0","24.89",",0","31.81",",,,0","17.96",",,,0"
"USC00392927","2002-08","45.03239","-99.12253","481.0","FAULKTON, SD US","","","115.6",",0","14",",0","10",",0","2",",0","0",",0","0",",0","0",",0","0",",0","0",",0","31",",0","5",",0","","","20020818",",,0","20020831","+,,0","20020831","+,,0","","","20020823",",,0","20020808","+,,0","5.0",",0,18,","0",",,0,31,+","0",",,0,31,+","27.9",",,0,23,","36.1",",0,08,+","15.1","0","15.1",",0","125.0",",,,0","0",",,,0","21.57",",0","28.13",",,,0","15.02",",,,0"
"USC00392927","2002-09","45.03239","-99.12253","481.0","FAULKTON, SD US","","","79.5","2,0","5",",0","3",",0","0",",0","0",",0","0",",0","0","1,0","0","1,0","0","1,0","21","1,0","7","1,0","","","20020927","+,1,0","20020930","+,,0","20020930","+,,0","","","20020928",",,0","20020907",",1,0","2.2","1,0,27,+","0",",,0,30,+","0",",,0,30,+","11.4",",,0,28,","37.2","1,0,07,","79.0","0","63.9","1,0","26.9",",,,0","0",",,,0","18.69","2,0","25.72","1,,,0","11.66","1,,,0"
"USC00392927","2002-10","45.03239","-99.12253","481.0","FAULKTON, SD US","","","0.0",",0","11",",0","3",",0","0",",0","","","0","2,0","0",",0","14",",0","2",",0","2",",0","0",",0","","","20021031",",,0","","","20021031","+,2,0","","","20021022",",,0","20021001",",,0","-11.1",",0,31,","","","0","2,,0,31,+","7.6",",,0,22,","26.7",",0,01,","483.3","0","404.3",",0","24.9",",,,0","0","2,,,0","5.29",",0","10.21",",,,0","0.37",",,,0"
"USC00392927","2002-11","45.03239","-99.12253","481.0","FAULKTON, SD US","","","0.0","4,0","1",",0","0",",0","0",",0","0","5,0","0",",0","0","2,0","21","2,0","3","2,0","1","2,0","0","2,0","","","20021127",",2,0","20021130","+,5,0","20021130","+,,0","","","20021115",",,0","20021108",",2,0","-11.1","2,0,27,","0","5,,0,30,+","0",",,0,30,+","0.5",",,0,15,","21.1","2,0,08,","903.1","0","419.8","2,0","0.5",",,,0","0",",,,0","2.25","4,0","7.94","2,,,0","-3.44","2,,,0"
"USC00392927","2002-12","45.03239","-99.12253","481.0","FAULKTON, SD US","","","0.0","2,0","2",",0","1",",0","0",",0","","","1",",0","1","1,0","29","1,0","12","1,0","0","1,0","0","1,0","","","20021205",",1,0","","","20021204",",,0","","","20021218",",,0","20021215",",1,0","-17.8","1,0,05,","","","25",",,0,04,","3.6",",,0,18,","14.4","1,0,15,","1508.8","0","605.7","1,0","4.1",",,,0","25",",,,0","-2.55","2,0","2.80","1,,,0","-7.90","1,,,0"
"USC00392927","2003-01","45.03239","-99.12253","481.0","FAULKTON, SD US","0.0","0","0.0","4,0","7",",0","1",",0","0",",0","","","","","12","2,0","28","2,0","17","2,0","0","2,0","0","2,0","","","20030123",",2,0","","","","","","","20030129",",,0","20030109","+,2,0","-28.9","2,0,23,","","","","","4.6",",,0,29,","15.0","2,0,09,+","2221.8","0","713.0","2,0","8.5",",,,0","","","-7.39","4,0","-1.34","2,,,0","-13.43","2,,,0"
"USC00392927","2003-02","45.03239","-99.12253","481.0","FAULKTON, SD US","0.0","0","0.0","4,0","7",",0","5",",0","0",",0","","","","","10","2,0","25","2,0","18","2,0","0","2,0","0","2,0","","","20030224","+,2,0","","","","","","","20030203",",,0","20030221","+,2,0","-25.0","2,0,24,+","","","","","13.2",",,0,03,","8.3","2,0,21,+","2861.7","0","639.9","2,0","35.2",",,,0","","","-8.48","4,0","-2.23","2,,,0","-14.73","2,,,0"
"USC00392927","2003-03","45.03239","-99.12253","481.0","FAULKTON, SD US","0.0","0","0.0",",0","4",",0","3",",0","0",",0","","","0","3,0","7",",0","26",",0","8",",0","1",",0","0",",0","","","20030302",",,0","","","20030331","+,3,0","","","20030312",",,0","20030324",",,0","-25.6",",0,02,","","","0","3,,0,31,+","5.1",",,0,12,","23.9",",0,24,","3464.5","0","602.8",",0","12.2",",,,0","0","3,,,0","-1.11",",0","5.45",",,,0","-7.67",",,,0"
"USC00392927","2003-04","45.03239","-99.12253","481.0","FAULKTON, SD US","2.0","0","2.0",",0","8",",0","6",",0","0",",0","0",",0","0",",0","0",",0","14",",0","2",",0","10",",0","1",",0","","","20030408","+,,0","20030430","+,,0","20030430","+,,0","","","20030419",",,0","20030414",",,0","-8.3",",0,08,+","0",",,0,30,+","0",",,0,30,+","19.6",",,0,19,","32.8",",0,14,","3756.4","0","291.9",",0","54.2",",,,0","0",",,,0","8.67",",0","16.07",",,,0","1.26",",,,0"
"USC00392927","2003-05","45.03239","-99.12253","481.0","FAULKTON, SD US","7.6","0","5.6",",0","11",",0","6",",0","2",",0","0",",0","0",",0","0",",0","2",",0","0",",0","13",",0","0",",0","","","20030520",",,0","20030531","+,,0","20030531","+,,0","","","20030504",",,0","20030530",",,0","-1.1",",0,20,","0",",,0,31,+","0",",,0,31,+","35.6",",,0,04,","28.9",",0,30,","3918.2","0","161.8",",0","111.2",",,,0","0",",,,0","13.29",",0","19.48",",,,0","7.10",",,,0"
"USC00392927","2003-06","45.03239","-99.12253","481.0","FAULKTON, SD US","45.2","0","37.6","2,0","13",",0","7",",0","2",",0","0",",0","0","1,0","0","1,0","0","1,0","0","1,0","20","1,0","1","1,0","","","20030619","+,1,0","20030630","+,,0","20030630","+,1,0","","","20030625",",,0","20030616",",1,0","7.8","1,0,19,+","0",",,0,30,+","0","1,,0,30,+","28.4",",,0,25,","32.8","1,0,16,","3960.7","0","42.5","1,0","100.4",",,,0","0","1,,,0","18.29","2,0","24.37","1,,,0","12.21","1,,,0"
"USC00392927","2003-07","45.03239","-99.12253","481.0","FAULKTON, SD US","193.8","0","148.6",",0","6",",0","2",",0","1",",0","0",",0","0",",0","0",",0","0",",0","0",",0","31",",0","13",",0","","","20030710",",,0","20030731","+,,0","20030731","+,,0","","","20030709",",,0","20030725","+,,0","11.1",",0,10,","0",",,0,31,+","0",",,0,31,+","36.1",",,0,09,","37.2",",0,25,+","0.6","0","0.6",",0","56.2",",,,0","0",",,,0","23.11",",0","30.59",",,,0","15.63",",,,0"
"USC00392927","2003-08","45.03239","-99.12253","481.0","FAULKTON, SD US","367.0","0","173.2",",0","5",",0","1",",0","0",",0","0",",0","0",",0","0",",0","0",",0","0",",0","30",",0","12",",0","","","20030830",",,0","20030831","+,,0","20030831","+,,0","","","20030804",",,0","20030824",",,0","5.6",",0,30,","0",",,0,31,+","0",",,0,31,+","2.5",",,0,04,","42.8",",0,24,","6.4","0","5.8",",0","5.1",",,,0","0",",,,0","23.73",",0","32.32",",,,0","15.14",",,,0"
"USC00392927","2003-09","45.03239","-99.12253","481.0","FAULKTON, SD US","405.3","0","38.3","1,0","7",",0","4",",0","0",",0","0",",0","0",",0","0","1,0","4","1,0","0",",0","20",",0","3",",0","","","20030930",",1,0","20030930","+,,0","20030930","+,,0","","","20030913",",,0","20030907",",,0","-2.8","1,0,30,","0",",,0,30,+","0",",,0,30,+","9.4",",,0,13,","37.2",",0,07,","107.3","0","100.9",",0","22.7",",,,0","0",",,,0","16.28","1,0","24.76",",,,0","7.80","1,,,0"
"USC00392927","2003-10","45.03239","-99.12253","481.0","FAULKTON, SD US","419.0","0","13.7",",0","6",",0","3",",0","0",",0","2","1,0","0","3,0","0",",0","10",",0","0",",0","14",",0","0",",0","","","20031026",",,0","20031030","+,1,0","20031031","+,3,0","","","20031011",",,0","20031008",",,0","-7.8",",0,26,","51","1,,0,30,+","0","3,,0,31,+","8.4",",,0,11,","31.7",",0,08,","328.5","0","221.2",",0","17.5",",,,0","0","3,,,0","11.64",",0","19.41",",,,0","3.87",",,,0"
"USC00392927","2003-11","45.03239","-99.12253","481.0","FAULKTON, SD US","419.0","0","0.0","2,0","5",",0","3",",0","0",",0","","","0","3,0","2","1,0","24","1,0","14","1,0","0","1,0","0","1,0","","","20031124",",1,0","","","20031130","+,3,0","","","20031104",",,0","20031120",",1,0","-22.2","1,0,24,","","","0","3,,0,30,+","15.5",",,0,04,","18.3","1,0,20,","919.2","0","590.7","1,0","34.1",",,,0","0","3,,,0","-2.74","2,0","2.08","1,,,0","-7.57","1,,,0"
"USC00392927","2003-12","45.03239","-99.12253","481.0","FAULKTON, SD US","419.0","0","0.0","2,0","4",",0","0",",0","0",",0","0","2,0","0","1,0","2","1,0","27","1,0","13","1,0","0","1,0","0","1,0","","","20031211",",1,0","20031212","+,2,0","20031212","+,1,0","","","20031227",",,0","20031221",",1,0","-20.0","1,0,11,","0","2,T,0,12,+","0","1,T,0,12,+","1.3",",,0,27,","8.3","1,0,21,","1548.8","0","629.6","1,0","2.6",",,,0","0","1,T,,0","-3.25","2,0","1.11","1,,,0","-7.60","1,,,0"
"USC00392927","2004-01","45.03239","-99.12253","481.0","FAULKTON, SD US","0.0","0","0.0","5,0","9",",0","1",",0","0",",0","","","5","1,0","13","4,0","26","4,0","17","3,0","0","3,0","0","3,0","","","20040127",",4,0","","","20040126","+,1,0","","","20040130",",,0","20040116",",3,0","-28.9","4,0,27,","","","51","1,,0,26,+","2.5",",,0,30,","10.0","3,0,16,","2267.5","0","718.7","3,0","10.0",",,,0","229","1,,,0","-9.71","5,0","-4.15","3,,,0","-15.27","4,,,0"
"USC00392927","2004-02","45.03239","-99.12253","481.0","FAULKTON, SD US","0.0","0","0.0","5,0","1","5,0","0","5,0","0","5,0","","","","","10","3,0","26","3,0","13","2,0","0","2,0","0","2,0","","","20040203",",3,0","","","","","","","20040229",",5,0","20040228",",2,0","-27.2","3,0,03,","","","","","0.3","5,,0,29,","16.1","2,0,28,","2847.6","0","580.1","2,0","0.3","5,,,0","","","-6.15","5,0","-0.10","2,,,0","-12.19","3,,,0"
"USC00392927","2004-03","45.03239","-99.12253","481.0","FAULKTON, SD US","0.0","0","0.0","4,0","5",",0","2",",0","1",",0","","","0","3,0","0","3,0","24","3,0","4","1,0","4","1,0","0","1,0","","","20040311",",3,0","","","20040331","+,3,0","","","20040328",",,0","20040325",",1,0","-14.4","3,0,11,","","","0","3,,0,31,+","29.5",",,0,28,","23.9","1,0,25,","3273.6","0","426.0","1,0","53.1",",,,0","0","3,,,0","2.71","4,0","9.25","1,,,0","-3.83","3,,,0"
"USC00392927","2004-04","45.03239","-99.12253","481.0","FAULKTON, SD US","2.0","0","2.0",",0","8",",0","5",",0","0",",0","1","4,0","0","1,0","0",",0","16",",0","0",",0","8",",0","0",",0","","","20040410",",,0","20040411",",4,0","20040430","+,1,0","","","20040421",",,0","20040429",",,0","-8.9",",0,10,","102","4,,0,11,","0","1,,0,30,+","5.3",",,0,21,","30.0",",0,29,","3567.5","0","293.9",",0","19.6",",,,0","0","1,,,0","8.60",",0","16.84",",,,0","0.37",",,,0"
"USC00392927","2004-05","45.03239","-99.12253","481.0","FAULKTON, SD US","6.8","0","4.8",",0","15",",0","8",",0","1",",0","0",",0","0",",0","0",",0","4",",0","0",",0","14",",0","0",",0","","","20040514",",,0","20040531","+,,0","20040531","+,,0","","","20040512",",,0","20040512",",,0","-4.4",",0,14,","0",",,0,31,+","0",",,0,31,+","34.8",",,0,12,","31.7",",0,12,","3738.3","0","170.8",",0","111.6",",,,0","0",",,,0","12.98",",0","19.75",",,,0","6.21",",,,0"
"USC00392927","2004-06","45.03239","-99.12253","481.0","FAULKTON, SD US","24.9","0","18.1",",0","14",",0","10",",0","1",",0","0",",0","0",",0","0",",0","0",",0","0",",0","22",",0","0",",0","","","20040619",",,0","20040630","+,,0","20040630","+,,0","","","20040611",",,0","20040605",",,0","4.4",",0,19,","0",",,0,30,+","0",",,0,30,+","25.4",",,0,11,","30.0",",0,05,","3804.9","0","66.6",",0","90.6",",,,0","0",",,,0","16.72",",0","23.28",",,,0","10.15",",,,0"
"USC00392927","2004-07","45.03239","-99.12253","481.0","FAULKTON, SD US","124.0","0","99.1",",0","9",",0","8",",0","3",",0","0",",0","0",",0","0",",0","0",",0","0",",0","28",",0","7",",0","","","20040730","+,,0","20040731","+,,0","20040731","+,,0","","","20040701",",,0","20040719",",,0","8.9",",0,30,+","0",",,0,31,+","0",",,0,31,+","45.7",",,0,01,","35.0",",0,19,","13.4","0","13.4",",0","148.6",",,,0","0",",,,0","21.10",",0","28.40",",,,0","13.80",",,,0"
"USC00392927","2004-08","45.03239","-99.12253","481.0","FAULKTON, SD US","177.1","0","53.1",",0","9",",0","6",",0","0",",0","0",",0","0",",0","0",",0","0",",0","0",",0","26",",0","5",",0","","","20040819",",,0","20040831","+,,0","20040831","+,,0","","","20040808",",,0","20040808","+,,0","3.9",",0,19,","0",",,0,31,+","0",",,0,31,+","22.9",",,0,08,","33.3",",0,08,+","57.9","0","44.5",",0","64.7",",,,0","0",",,,0","18.61",",0","26.13",",,,0","11.09",",,,0"
"USC00392927","2004-09","45.03239","-99.12253","481.0","FAULKTON, SD US","225.7","0","48.6","1,0","12",",0","10",",0","0",",0","0",",0","0",",0","0","1,0","1","1,0","0",",0","20",",0","6",",0","","","20040928",",1,0","20040930","+,,0","20040930","+,,0","","","20040924",",,0","20040902",",,0","-1.1","1,0,28,","0",",,0,30,+","0",",,0,30,+","17.8",",,0,24,","35.0",",0,02,","131.3","0","73.4",",0","95.7",",,,0","0",",,,0","17.40","1,0","24.68",",,,0","10.12","1,,,0"
"USC00392927","2004-10","45.03239","-99.12253","481.0","FAULKTON, SD US","225.7","0","0.0",",0","7",",0","3",",0","0",",0","0",",0","0",",0","0",",0","11",",0","0",",0","7",",0","0",",0","","","20041016",",,0","20041031","+,,0","20041031","+,,0","","","20041030",",,0","20041006",",,0","-7.8",",0,16,","0",",,0,31,+","0",",,0,31,+","13.5",",,0,30,","25.6",",0,06,","422.9","0","291.6",",0","32.3",",,,0","0",",,,0","8.93",",0","15.67",",,,0","2.18",",,,0"
"USC00392927","2004-11","45.03239","-99.12253","481.0","FAULKTON, SD US","225.7","0","0.0",",0","4",",0","1",",0","0",",0","0",",0","0",",0","0",",0","26",",0","0",",0","0",",0","0",",0","","","20041129","+,,0","20041130","+,,0","20041130","+,,0","","","20041101",",,0","20041107",",,0","-11.7",",0,29,+","0",",,0,30,+","0",",,0,30,+","6.6",",,0,01,","20.6",",0,07,","891.6","0","468.7",",0","10.6",",,,0","0",",,,0","2.71",",0","9.56",",,,0","-4.14",",,,0"
"USC00392927","2004-12","45.03239","-99.12253","481.0","FAULKTON, SD US","225.7","0","0.0",",0","4",",0","0",",0","0",",0","0",",0","0","2,0","4",",0","31",",0","14",",0","0",",0","0",",0","","","20041224",",,0","20041231","+,,0","20041231","+,2,0","","","20041225",",,0","20041212",",,0","-25.0",",0,24,","0",",,0,31,+","0","2,,0,31,+","0.5",",,0,25,","12.2",",0,12,","1592.1","0","700.5",",0","1.4",",,,0","0","2,,,0","-4.26",",0","1.49",",,,0","-10.02",",,,0"
"USC00392927","2005-01","45.03239","-99.12253","481.0","FAULKTON, SD US","0.0","0","0.0",",0","4",",0","1",",0","0",",0","9",",0","3",",0","17",",0","31",",0","23",",0","0",",0","0",",0","","","20050114",",,0","20050112",",,0","20050112",",,0","","","20050112",",,0","20050126","+,,0","-33.3",",0,14,","76",",,0,12,","76",",,0,12,","5.3",",,0,12,","10.6",",0,26,+","2495.1","0","903.0",",0","8.4",",,,0","126",",,,0","-10.80",",0","-5.16",",,,0","-16.43",",,,0"
"USC00392927","2005-02","45.03239","-99.12253","481.0","FAULKTON, SD US","0.0","0","0.0",",0","6",",0","2",",0","0",",0","9",",0","2",",0","2",",0","27",",0","10",",0","1",",0","0",",0","","","20050209",",,0","20050222","+,,0","20050220",",,0","","","20050220",",,0","20050205",",,0","-20.6",",0,09,","51",",,0,22,+","51",",,0,20,","5.8",",,0,20,","21.1",",0,05,","3086.5","0","591.4",",0","14.2",",,,0","87",",,,0","-2.79",",0","4.00",",,,0","-9.58",",,,0"
"USC00392927","2005-03","45.03239","-99.12253","481.0","FAULKTON, SD US","0.0","0","0.0",",0","3",",0","1",",0","0",",0","1",",0","1",",0","0",",0","29",",0","3",",0","1",",0","0",",0","","","20050301",",,0","20050318",",,0","20050318",",,0","","","20050318",",,0","20050329",",,0","-14.4",",0,01,","25",",,0,18,","38",",,0,18,","3.8",",,0,18,","22.2",",0,29,","3626.4","0","539.9",",0","4.9",",,,0","54",",,,0","0.92",",0","8.16",",,,0","-6.32",",,,0"
"USC00392927","2005-04","45.03239","-99.12253","481.0","FAULKTON, SD US","0.0","0","0.0",",0","4",",0","3",",0","0",",0","0",",0","0",",0","0",",0","13",",0","0",",0","8",",0","0",",0","","","20050429",",,0","20050430","+,,0","20050430","+,,0","","","20050412",",,0","20050419","+,,0","-6.7",",0,29,","0",",,0,30,+","0",",,0,30,+","14.2",",,0,12,","27.2",",0,19,+","3906.6","0","280.2",",0","35.5",",,,0","0",",,,0","8.99",",0","17.27",",,,0","0.72",",,,0"
"USC00392927","2005-05","45.03239","-99.12253","481.0","FAULKTON, SD US","9.7","0","9.7",",0","12",",0","5",",0","0",",0","0",",0","0",",0","0",",0","5",",0","0",",0","14",",0","0",",0","","","20050503",",,0","20050531","+,,0","20050531","+,,0","","","20050512",",,0","20050521",",,0","-8.9",",0,03,","0",",,0,31,+","0",",,0,31,+","22.4",",,0,12,","31.1",",0,21,","4100.3","0","193.7",",0","51.6",",,,0","0",",,,0","12.40",",0","19.42",",,,0","5.38",",,,0"
"USC00392927","2005-06","45.03239","-99.12253","481.0","FAULKTON, SD US","101.6","0","91.9","1,0","15",",0","13",",0","3",",0","0",",0","0",",0","0","1,0","0","1,0","0",",0","27",",0","5",",0","","","20050615",",1,0","20050630","+,,0","20050630","+,,0","","","20050605",",,0","20050624",",,0","8.9","1,0,15,","0",",,0,30,+","0",",,0,30,+","41.1",",,0,05,","34.4",",0,24,","4118.6","0","18.3",",0","220.2",",,,0","0",",,,0","20.82","1,0","26.73",",,,0","14.91","1,,,0"
"USC00392927","2005-07","45.03239","-99.12253","481.0","FAULKTON, SD US","252.4","0","150.8","1,0","2",",0","2",",0","0",",0","0",",0","0",",0","0","1,0","0","1,0","0",",0","31",",0","14",",0","1","","20050727",",1,0","20050731","+,,0","20050731","+,,0","","","20050703",",,0","20050717",",,0","8.9","1,0,27,","0",",,0,31,+","0",",,0,31,+","11.9",",,0,03,","39.4",",0,17,","6.6","0","6.6",",0","17.0",",,,0","0",",,,0","23.17","1,0","30.85",",,,0","15.49","1,,,0"
"USC00392927","2005-08","45.03239","-99.12253","481.0","FAULKTON, SD US","367.6","0","115.2",",0","11",",0","4",",0","0",",0","0",",0","0",",0","0",",0","0",",0","0",",0","31",",0","9",",0","","","20050822",",,0","20050831","+,,0","20050831","+,,0","","","20050818",",,0","20050809","+,,0","7.8",",0,22,","0",",,0,31,+","0",",,0,31,+","22.4",",,0,18,","39.4",",0,09,+","9.9","0","3.3",",0","43.0",",,,0","0",",,,0","21.94",",0","30.17",",,,0","13.71",",,,0"
"USC00392927","2005-09","45.03239","-99.12253","481.0","FAULKTON, SD US","424.8","0","57.2",",0","8",",0","6",",0","2",",0","0",",0","0",",0","0",",0","0",",0","0",",0","25",",0","6",",0","","","20050929",",,0","20050930","+,,0","20050930","+,,0","","","20050908",",,0","20050904",",,0","2.2",",0,29,","0",",,0,30,+","0",",,0,30,+","30.7",",,0,08,","37.2",",0,04,","66.8","0","56.9",",0","96.2",",,,0","0",",,,0","18.34",",0","26.53",",,,0","10.15",",,,0"
"USC00392927","2005-10","45.03239","-99.12253","481.0","FAULKTON, SD US","430.1","0","5.3",",0","3",",0","2",",0","0",",0","0",",0","0",",0","0",",0","12",",0","0",",0","7",",0","1",",0","","","20051025",",,0","20051031","+,,0","20051031","+,,0","","","20051005",",,0","20051002",",,0","-10.0",",0,25,","0",",,0,31,+","0",",,0,31,+","20.1",",,0,05,","32.2",",0,02,","356.8","0","290.0",",0","26.2",",,,0","0",",,,0","9.15",",0","17.13",",,,0","1.16",",,,0"
"USC00392927","2005-11","45.03239","-99.12253","481.0","FAULKTON, SD US","430.1","0","0.0","1,0","6",",0","3",",0","0",",0","0","3,0","2",",0","0",",0","23",",0","5","1,0","2","1,0","0","1,0","","","20051130","+,,0","20051130","+,3,0","20051128",",,0","","","20051128",",,0","20051112",",1,0","-14.4",",0,30,+","0","3,,0,30,+","102",",,0,28,","23.9",",,0,28,","22.2","1,0,12,","823.2","0","466.4","1,0","38.2",",,,0","153",",,,0","2.08","1,0","8.62","1,,,0","-4.46",",,,0"
"USC00392927","2005-12","45.03239","-99.12253","481.0","FAULKTON, SD US","430.1","0","0.0",",0","4",",0","3",",0","0",",0","6","3,0","2","1,0","13",",0","29",",0","18",",0","0",",0","0",",0","2","","20051205",",,0","20051205","+,3,0","20051203","+,1,0","","","20051230",",,0","20051229","+,,0","-27.2",",0,05,","102","3,,0,05,+","51","1,,0,03,+","7.9",",,0,30,","7.8",",0,29,+","1625.1","0","801.9",",0","17.1",",,,0","115","1,,,0","-7.54",",0","-3.19",",,,0","-11.88",",,,0"
"USC00392927","2006-01","45.03239","-99.12253","481.0","FAULKTON, SD US","0.0","0","0.0",",0","2",",0","0",",0","0",",0","1",",0","1",",0","0",",0","31",",0","7",",0","0",",0","0",",0","","","20060122",",,0","20060119",",,0","20060119",",,0","","","20060108",",,0","20060127",",,0","-13.9",",0,22,","25",",,0,19,","25",",,0,19,","1.8",",,0,08,","13.9",",0,27,","2220.9","0","595.8",",0","2.8",",,,0","25",",,,0","-0.89",",0","4.03",",,,0","-5.80",",,,0"
"USC00392927","2006-02","45.03239","-99.12253","481.0","FAULKTON, SD US","0.0","0","0.0",",0","3",",0","2",",0","0",",0","1",",0","2",",0","3",",0","27",",0","13",",0","0",",0","0",",0","","","20060218","+,,0","20060223",",,0","20060223","+,,0","","","20060223","+,,0","20060223","+,,0","-22.8",",0,18,+","25",",,0,23,","25",",,0,23,+","2.5",",,0,23,+","8.3",",0,23,+","2889.9","0","669.0",",0","5.8",",,,0","50",",,,0","-5.56",",0","0.23",",,,0","-11.35",",,,0"
"USC00392927","2006-03","45.03239","-99.12253","481.0","FAULKTON, SD US","0.0","0","0.0",",0","4",",0","4",",0","0",",0","","","3",",0","2",",0","30",",0","2",",0","0",",0","0",",0","","","20060318","+,,0","","","20060311",",,0","","","20060311",",,0","20060331",",,0","-19.4",",0,18,+","","","152",",,0,11,","13.5",",,0,11,","19.4",",0,31,","3463.7","0","573.8",",0","27.2",",,,0","254",",,,0","-0.18",",0","6.40",",,,0","-6.75",",,,0"
"USC00392927","2006-04","45.03239","-99.12253","481.0","FAULKTON, SD US","0.0","0","0.0","1,0","9",",0","3",",0","0",",0","0",",0","1",",0","0",",0","9",",0","0","1,0","12","1,0","0","1,0","","","20060408",",,0","20060430","+,,0","20060425",",,0","","","20060407",",,0","20060414",",1,0","-6.7",",0,08,","0",",,0,30,+","25",",,0,25,","17.0",",,0,07,","28.3","1,0,14,","3698.6","0","234.9","1,0","28.5",",,,0","25",",,,0","10.23","1,0","17.74","1,,,0","2.71",",,,0"
"USC00392927","2006-05","45.03239","-99.12253","481.0","FAULKTON, SD US","32.4","0","32.4",",0","8",",0","2",",0","0",",0","0",",0","0",",0","0",",0","3",",0","0",",0","16",",0","3",",0","","","20060512",",,0","20060531","+,,0","20060531","+,,0","","","20060508",",,0","20060528",",,0","-2.2",",0,12,","0",",,0,31,+","0",",,0,31,+","13.2",",,0,08,","34.4",",0,28,","3842.3","0","143.7",",0","25.2",",,,0","0",",,,0","14.74",",0","22.43",",,,0","7.05",",,,0"
"USC00392927","2006-06","45.03239","-99.12253","481.0","FAULKTON, SD US","126.1","0","93.7",",0","8",",0","3",",0","0",",0","0",",0","0",",0","0",",0","0",",0","0",",0","28",",0","7",",0","","","20060612",",,0","20060630","+,,0","20060630","+,,0","","","20060616",",,0","20060630","+,,0","6.7",",0,12,","0",",,0,30,+","0",",,0,30,+","6.6",",,0,16,","35.0",",0,30,+","3857.9","0","15.6",",0","19.1",",,,0","0",",,,0","20.94",",0","29.09",",,,0","12.78",",,,0"
"USC00392927","2006-07","45.03239","-99.12253","481.0","FAULKTON, SD US","369.5","0","243.4",",0","5",",0","3",",0","0",",0","0",",0","0",",0","0",",0","0",",0","0",",0","31",",0","24",",0","","","20060704",",,0","20060731","+,,0","20060731","+,,0","","","20060721",",,0","20060716",",,0","11.7",",0,04,","0",",,0,31,+","0",",,0,31,+","15.0",",,0,21,","45.6",",0,16,","0.0","0","0.0",",0","32.5",",,,0","0",",,,0","26.18",",0","34.97",",,,0","17.40",",,,0"
"USC00392927","2006-08","45.03239","-99.12253","481.0","FAULKTON, SD US","510.7","0","141.2",",0","10",",0","4",",0","1",",0","0",",0","0",",0","0",",0","0",",0","0",",0","31",",0","13",",0","","","20060819",",,0","20060831","+,,0","20060831","+,,0","","","20060813",",,0","20060811","+,,0","11.1",",0,19,","0",",,0,31,+","0",",,0,31,+","33.0",",,0,13,","36.1",",0,11,+","2.5","0","2.5",",0","86.6",",,,0","0",",,,0","22.81",",0","30.46",",,,0","15.15",",,,0"
"USC00392927","2006-09","45.03239","-99.12253","481.0","FAULKTON, SD US","525.5","0","14.8",",0","8",",0","5",",0","0",",0","0",",0","0",",0","0",",0","0",",0","0",",0","15",",0","0",",0","","","20060928",",,0","20060930","+,,0","20060930","+,,0","","","20060923",",,0","20060916","+,,0","0.6",",0,28,","0",",,0,30,+","0",",,0,30,+","19.6",",,0,23,","31.7",",0,16,+","136.5","0","134.0",",0","70.2",",,,0","0",",,,0","14.36",",0","21.08",",,,0","7.64",",,,0"
"USC00392927","2006-10","45.03239","-99.12253","481.0","FAULKTON, SD US","528.0","0","2.5",",0","5",",0","1",",0","0",",0","0",",0","0",",0","0",",0","21",",0","0",",0","7",",0","0",",0","","","20061031","+,,0","20061031","+,,0","20061031","+,,0","","","20061011",",,0","20061008",",,0","-9.4",",0,31,+","0",",,0,31,+","0",",,0,31,+","3.3",",,0,11,","31.1",",0,08,","510.7","0","374.2",",0","5.7",",,,0","0",",,,0","6.34",",0","14.03",",,,0","-1.35",",,,0"
"USC00392927","2006-11","45.03239","-99.12253","481.0","FAULKTON, SD US","528.0","0","0.0",",0","2",",0","1",",0","0",",0","1","3,0","1",",0","2",",0","27",",0","5",",0","3",",0","0",",0","","","20061130",",,0","20061110",",3,0","20061110",",,0","","","20061110",",,0","20061108",",,0","-19.4",",0,30,","51","3,,0,10,","51",",,0,10,","3.8",",,0,10,","25.0",",0,08,","1046.4","0","535.7",",0","5.1",",,,0","51",",,,0","0.48",",0","7.59",",,,0","-6.64",",,,0"
"USC00392927","2006-12","45.03239","-99.12253","481.0","FAULKTON, SD US","528.0","0","0.0","2,0","4",",0","3",",0","0",",0","0","3,0","3","2,0","3","1,0","29","1,0","7","1,0","0","1,0","0","1,0","","","20061208","+,1,0","20061231","+,3,0","20061231",",2,0","","","20061231",",,0","20061210",",1,0","-22.2","1,0,08,+","0","3,,0,31,+","152","2,,0,31,","13.5",",,0,31,","14.4","1,0,10,","1646.1","0","599.7","1,0","21.4",",,,0","254","2,,,0","-2.46","2,0","4.28","1,,,0","-9.20","1,,,0"
"USC00392927","2007-01","45.03239","-99.12253","481.0","FAULKTON, SD US","0.0","0","0.0",",0","2",",0","0",",0","0",",0","","","0","3,0","10",",0","31",",0","18",",0","0",",0","0",",0","","","20070115",",,0","","","20070112",",3,0","","","20070123",",,0","20070121","+,,0","-26.7",",0,15,","","","0","3,T,0,12,","1.5",",,0,23,","4.4",",0,21,+","2484.5","0","838.4",",0","2.8",",,,0","0","3,T,,0","-8.71",",0","-3.33",",,,0","-14.09",",,,0"
"USC00392927","2007-02","45.03239","-99.12253","481.0","FAULKTON, SD US","0.0","0","0.0","1,0","6",",0","3",",0","0",",0","","","6","3,0","16","1,0","27","1,0","21",",0","0",",0","0",",0","","","20070215",",1,0","","","20070225",",3,0","","","20070225",",,0","20070222",",,0","-29.4","1,0,15,","","","279","3,,0,25,","20.3",",,0,25,","5.6",",0,22,","3305.5","0","821.0",",0","36.7",",,,0","583","3,,,0","-11.87","1,0","-6.68",",,,0","-17.06","1,,,0"
"USC00392927","2007-03","45.03239","-99.12253","481.0","FAULKTON, SD US","0.0","0","0.0",",0","10",",0","6",",0","0",",0","","","3",",0","0",",0","23",",0","7",",0","2",",0","0",",0","2","","20070305","+,,0","","","20070303",",,0","","","20070330",",,0","20070313",",,0","-13.9",",0,05,+","","","102",",,0,03,","15.2",",,0,30,","23.3",",0,13,","3783.5","0","478.0",",0","53.5",",,,0","229",",,,0","2.91",",0","9.20",",,,0","-3.37",",,,0"
"USC00392927","2007-04","45.03239","-99.12253","481.0","FAULKTON, SD US","0.3","0","0.3",",0","7",",0","6",",0","1",",0","","","2",",0","0",",0","14",",0","5",",0","6",",0","0",",0","","","20070404",",,0","","","20070411","+,,0","","","20070421",",,0","20070430",",,0","-13.9",",0,04,","","","76",",,0,11,+","25.7",",,0,21,","27.8",",0,30,","4168.6","0","385.1",",0","86.3",",,,0","152",",,,0","5.51",",0","11.85",",,,0","-0.84",",,,0"
"USC00392927","2007-05","45.03239","-99.12253","481.0","FAULKTON, SD US","18.9","0","18.6",",0","9",",0","7",",0","0",",0","0",",0","0",",0","0",",0","0",",0","0",",0","22",",0","1",",0","","","20070527",",,0","20070531","+,,0","20070531","+,,0","","","20070506",",,0","20070514",",,0","1.1",",0,27,","0",",,0,31,+","0",",,0,31,+","20.3",",,0,06,","32.2",",0,14,","4260.0","0","91.4",",0","89.8",",,,0","0",",,,0","15.99",",0","22.88",",,,0","9.09",",,,0"
"USC00392927","2007-06","45.03239","-99.12253","481.0","FAULKTON, SD US","102.2","0","83.3",",0","13",",0","6",",0","1",",0","0",",0","0",",0","0",",0","0",",0","0",",0","28",",0","4",",0","","","20070608",",,0","20070630","+,,0","20070630","+,,0","","","20070613",",,0","20070626",",,0","4.4",",0,08,","0",",,0,30,+","0",",,0,30,+","42.4",",,0,13,","33.3",",0,26,","4282.0","0","22.0",",0","78.7",",,,0","0",",,,0","20.38",",0","26.67",",,,0","14.09",",,,0"
"USC00392927","2007-07","45.03239","-99.12253","481.0","FAULKTON, SD US","293.0","0","190.8",",0","5",",0","1",",0","0",",0","0",",0","0",",0","0",",0","0",",0","0",",0","31",",0","15",",0","","","20070711",",,0","20070731","+,,0","20070731","+,,0","","","20070710",",,0","20070708",",,0","10.0",",0,11,","0",",,0,31,+","0",",,0,31,+","3.8",",,0,10,","42.2",",0,08,","1.7","0","1.7",",0","8.4",",,,0","0",",,,0","24.43",",0","32.18",",,,0","16.68",",,,0"
"USC00392927","2007-08","45.03239","-99.12253","481.0","FAULKTON, SD US","402.3","0","109.3",",0","10",",0","5",",0","1",",0","0",",0","0",",0","0",",0","0",",0","0",",0","27",",0","8",",0","","","20070829","+,,0","20070831","+,,0","20070831","+,,0","","","20070818",",,0","20070814",",,0","8.3",",0,29,+","0",",,0,31,+","0",",,0,31,+","95.8",",,0,18,","37.8",",0,14,","12.0","0","10.3",",0","131.0",",,,0","0",",,,0","21.53",",0","28.15",",,,0","14.90",",,,0"
"USC00392927","2007-09","45.03239","-99.12253","481.0","FAULKTON, SD US","454.5","0","52.2",",0","7",",0","4",",0","0",",0","0",",0","0",",0","0",",0","1",",0","0",",0","16",",0","5",",0","","","20070914",",,0","20070930","+,,0","20070930","+,,0","","","20070908",",,0","20070904",",,0","0.0",",0,14,","0",",,0,30,+","0",",,0,30,+","20.8",",,0,08,","36.1",",0,04,","112.6","0","100.6",",0","54.9",",,,0","0",",,,0","16.72",",0","24.24",",,,0","9.20",",,,0"
"USC00392927","2007-10","45.03239","-99.12253","481.0","FAULKTON, SD US","455.1","0","0.6","1,0","7",",0","6",",0","0",",0","0",",0","0",",0","0","1,0","10","1,0","0",",0","6",",0","0",",0","","","20071028",",1,0","20071031","+,,0","20071031","+,,0","","","20071014",",,0","20071007",",,0","-6.7","1,0,28,","0",",,0,31,+","0",",,0,31,+","20.3",",,0,14,","30.0",",0,07,","372.8","0","260.2",",0","65.9",",,,0","0",",,,0","9.74","1,0","16.47",",,,0","3.01","1,,,0"
"USC00392927","2007-11","45.03239","-99.12253","481.0","FAULKTON, SD US","455.1","0","0.0",",0","1",",0","0",",0","0",",0","0",",0","0",",0","0",",0","26",",0","5",",0","0",",0","0",",0","","","20071129","+,,0","20071130",",,0","20071130",",,0","","","20071118",",,0","20071105",",,0","-17.2",",0,29,+","0",",T,0,30,","0",",T,0,30,","0.5",",,0,18,","19.4",",0,05,","903.8","0","531.0",",0","0.5",",,,0","0",",T,,0","0.63",",0","7.04",",,,0","-5.77",",,,0"
"USC00392927","2007-12","45.03239","-99.12253","481.0","FAULKTON, SD US","455.1","0","0.0",",0","5",",0","1",",0","0",",0","","","3","1,0","7",",0","31",",0","20",",0","0",",0","0",",0","","","20071211","+,,0","","","20071202",",1,0","","","20071202",",,0","20071205",",,0","-19.4",",0,11,+","","","152","1,,0,02,","15.7",",,0,02,","8.9",",0,05,","1727.0","0","823.2",",0","18.3",",,,0","228","1,,,0","-8.22",",0","-2.17",",,,0","-14.28",",,,0"
"USC00392927","2008-01","45.03239","-99.12253","481.0","FAULKTON, SD US","0.0","0","0.0","1,0","3",",0","0",",0","0",",0","","","0","5,0","15","1,0","30","1,0","22",",0","0",",0","0",",0","","","20080130","+,1,0","","","20080131","+,5,0","","","20080123",",,0","20080129",",,0","-25.0","1,0,30,+","","","0","5,,0,31,+","2.0",",,0,23,","10.6",",0,29,","2579.2","0","852.2",",0","3.8",",,,0","0","5,,,0","-10.00","1,0","-4.27",",,,0","-15.73","1,,,0"
"USC00392927","2008-02","45.03239","-99.12253","481.0","FAULKTON, SD US","0.0","0","0.0",",0","4",",0","1",",0","0",",0","","","4","1,0","13",",0","29",",0","16",",0","0",",0","0",",0","","","20080220",",,0","","","20080212",",1,0","","","20080212",",,0","20080225",",,0","-30.0",",0,20,","","","76","1,,0,12,","4.1",",,0,12,","10.0",",0,25,","3375.8","0","796.6",",0","7.0",",,,0","177","1,,,0","-9.14",",0","-2.44",",,,0","-15.83",",,,0"
"USC00392927","2008-03","45.03239","-99.12253","481.0","FAULKTON, SD US","0.0","0","0.0","1,0","","","","","","","","","0",",0","1","1,0","30","1,0","4",",0","0",",0","0",",0","","","20080307",",1,0","","","20080321",",,0","","","","","20080312",",,0","-23.9","1,0,07,","","","23",",,0,21,","","","16.1",",0,12,","3959.9","0","584.1",",0","","","49",",,,0","-1.01","1,0","6.33",",,,0","-8.35","1,,,0"
"USC00392927","2008-04","45.03239","-99.12253","481.0","FAULKTON, SD US","0.0","0","0.0","3,0","8",",0","2",",0","0",",0","","","3",",0","0","3,0","21","3,0","1",",0","4",",0","0",",0","1","","20080408","+,3,0","","","20080407",",,0","","","20080407",",,0","20080416",",,0","-11.7","3,0,08,+","","","178",",,0,07,","16.8",",,0,07,","27.8",",0,16,","4339.5","0","379.6",",0","30.9",",,,0","331",",,,0","4.66","3,0","12.34",",,,0","-3.02","3,,,0"
"USC00392927","2008-05","45.03239","-99.12253","481.0","FAULKTON, SD US","1.4","0","1.4",",0","13",",0","8",",0","0",",0","0",",0","0",",0","0",",0","3",",0","0",",0","13",",0","0",",0","","","20080503",",,0","20080531","+,,0","20080531","+,,0","","","20080502",",,0","20080517",",,0","-3.9",",0,03,","0",",,0,31,+","0",",,0,31,+","16.8",",,0,02,","28.9",",0,17,","4539.0","0","199.5",",0","69.5",",,,0","0",",,,0","11.94",",0","19.03",",,,0","4.86",",,,0"
"USC00392927","2008-06","45.03239","-99.12253","481.0","FAULKTON, SD US","30.0","0","28.6",",0","14",",0","10",",0","1",",0","0",",0","0",",0","0",",0","0",",0","0",",0","26",",0","0",",0","","","20080616","+,,0","20080630","+,,0","20080630","+,,0","","","20080606",",,0","20080625",",,0","6.1",",0,16,+","0",",,0,30,+","0",",,0,30,+","44.2",",,0,06,","31.1",",0,25,","4576.1","0","37.1",",0","126.5",",,,0","0",",,,0","18.05",",0","24.95",",,,0","11.15",",,,0"
"USC00392927","2008-07","45.03239","-99.12253","481.0","FAULKTON, SD US","171.5","0","141.5",",0","10",",0","8",",0","3",",0","0",",0","0",",0","0",",0","0",",0","0",",0","31",",0","6",",0","1","","20080703",",,0","20080731","+,,0","20080731","+,,0","","","20080719",",,0","20080711",",,0","5.6",",0,03,","0",",,0,31,+","0",",,0,31,+","43.9",",,0,19,","36.1",",0,11,","3.9","0","3.9",",0","161.9",",,,0","0",",,,0","22.77",",0","30.09",",,,0","15.45",",,,0"
"USC00392927","2008-08","45.03239","-99.12253","481.0","FAULKTON, SD US","285.5","0","114.0",",0","7",",0","2",",0","1",",0","0",",0","0",",0","0",",0","0",",0","0",",0","30",",0","4",",0","","","20080823",",,0","20080831","+,,0","20080831","+,,0","","","20080812",",,0","20080831",",,0","7.2",",0,23,","0",",,0,31,+","0",",,0,31,+","32.5",",,0,12,","34.4",",0,31,","11.7","0","7.8",",0","44.4",",,,0","0",",,,0","21.76",",0","29.12",",,,0","14.40",",,,0"
"USC00392927","2008-09","45.03239","-99.12253","481.0","FAULKTON, SD US","309.6","0","24.1","1,0","7",",0","5",",0","0",",0","0",",0","0",",0","0","1,0","0","1,0","0",",0","22",",0","1",",0","","","20080930","+,1,0","20080930","+,,0","20080930","+,,0","","","20080902",",,0","20080901",",,0","2.2","1,0,30,+","0",",,0,30,+","0",",,0,30,+","20.8",",,0,02,","33.3",",0,01,","109.3","0","97.6",",0","67.9",",,,0","0",",,,0","15.81","1,0","23.70",",,,0","7.92","1,,,0"
"USC00392927","2008-10","45.03239","-99.12253","481.0","FAULKTON, SD US","309.6","0","0.0",",0","9",",0","7",",0","0",",0","0",",0","0",",0","0",",0","10",",0","0",",0","6",",0","0",",0","","","20081027",",,0","20081031","+,,0","20081031","+,,0","","","20081010",",,0","20081031","+,,0","-6.7",",0,27,","0",",,0,31,+","0",",,0,31,+","17.8",",,0,10,","25.0",",0,31,+","423.2","0","313.9",",0","75.7",",,,0","0",",,,0","8.21",",0","15.11",",,,0","1.30",",,,0"
"USC00392927","2008-11","45.03239","-99.12253","481.0","FAULKTON, SD US","309.6","0","0.0",",0","3",",0","1",",0","0",",0","","","1","4,0","0",",0","24",",0","8",",0","2",",0","0",",0","1","","20081121",",,0","","","20081122",",4,0","1","","20081107",",,0","20081101",",,0","-14.4",",0,21,","","","25","4,,0,22,","7.9",",,0,07,","25.0",",0,01,","932.0","0","508.8",",0","11.2",",,,0","25","4,,,0","1.37",",0","6.67",",,,0","-3.92",",,,0"
"USC00392927","2008-12","45.03239","-99.12253","481.0","FAULKTON, SD US","309.6","0","0.0","2,0","9",",0","6",",0","0",",0","","","8","1,0","12","1,0","30","1,0","22","1,0","0","1,0","0","1,0","","","20081215",",1,0","","","20081214","+,1,0","","","20081209",",,0","20081203",",1,0","-27.8","1,0,15,","","","102","1,,0,14,+","9.7",",,0,09,","7.2","1,0,03,","1790.3","0","858.3","1,0","33.0",",,,0","507","1,,,0","-11.28","2,0","-5.79","1,,,0","-16.76","1,,,0"
"USC00392927","2009-01","45.03239","-99.12253","481.0","FAULKTON, SD US","0.0","0","0.0","1,0","5",",0","3",",0","0",",0","","","5","1,0","15",",0","31",",0","20","1,0","0","1,0","0","1,0","","","20090115",",,0","","","20090113","+,1,0","","","20090113",",,0","20090131",",1,0","-32.8",",0,15,","","","51","1,,0,13,+","5.3",",,0,13,","3.9","1,0,31,","2672.2","0","881.9","1,0","15.4",",,,0","177","1,,,0","-11.29","1,0","-5.84","1,,,0","-16.75",",,,0"
"USC00392927","2009-02","45.03239","-99.12253","481.0","FAULKTON, SD US","0.0","0","0.0",",0","5",",0","2",",0","0",",0","","","3",",0","7",",0","27",",0","16",",0","0",",0","0",",0","","","20090227",",,0","","","20090226",",,0","","","20090226",",,0","20090206",",,0","-25.0",",0,27,","","","203",",,0,26,","21.6",",,0,26,","8.3",",0,06,","3383.5","0","711.3",",0","36.1",",,,0","253",",,,0","-7.07",",0","-1.66",",,,0","-12.48",",,,0"
"USC00392927","2009-03","45.03239","-99.12253","481.0","FAULKTON, SD US","0.0","0","0.0","1,0","5",",0","3",",0","1",",0","","","0","3,0","5",",0","28",",0","13","1,0","0","1,0","0","1,0","","","20090301",",,0","","","20090331","+,3,0","","","20090331",",,0","20090322",",1,0","-27.8",",0,01,","","","0","3,,0,31,+","27.9",",,0,31,","19.4","1,0,22,","4025.3","0","641.8","1,0","43.7",",,,0","0","3,,,0","-3.01","1,0","2.94","1,,,0","-8.97",",,,0"
"USC00392927","2009-04","45.03239","-99.12253","481.0","FAULKTON, SD US","0.0","0","0.0",",0","11",",0","3",",0","0",",0","9",",0","2",",0","0",",0","14",",0","3",",0","2",",0","0",",0","","","20090403","+,,0","20090401",",,0","20090405","+,,0","","","20090416",",,0","20090424",",,0","-8.9",",0,03,+","254",",,0,01,","51",",,0,05,+","9.1",",,0,16,","31.7",",0,24,","4393.0","0","367.7",",0","29.0",",,,0","102",",,,0","6.08",",0","12.30",",,,0","-0.15",",,,0"
"USC00392927","2009-05","45.03239","-99.12253","481.0","FAULKTON, SD US","0.6","0","0.6","1,0","6",",0","3",",0","1",",0","0",",0","0",",0","0","1,0","4","1,0","0",",0","16",",0","1",",0","","","20090510",",1,0","20090531","+,,0","20090531","+,,0","","","20090513",",,0","20090520",",,0","-1.7","1,0,10,","0",",,0,31,+","0",",,0,31,+","31.0",",,0,13,","35.6",",0,20,","4550.5","0","157.5",",0","60.3",",,,0","0",",,,0","13.34","1,0","21.20",",,,0","5.48","1,,,0"
"USC00392927","2009-06","45.03239","-99.12253","481.0","FAULKTON, SD US","49.3","0","48.7",",0","13",",0","8",",0","1",",0","0",",0","0",",0","0",",0","0",",0","0",",0","21",",0","3",",0","","","20090607","+,,0","20090630","+,,0","20090630","+,,0","","","20090616",",,0","20090627",",,0","5.6",",0,07,+","0",",,0,30,+","0",",,0,30,+","35.6",",,0,16,","32.8",",0,27,","4617.4","0","66.9",",0","101.7",",,,0","0",",,,0","17.73",",0","23.99",",,,0","11.47",",,,0"
"USC00392927","2009-07","45.03239","-99.12253","481.0","FAULKTON, SD US","105.2","0","55.9",",0","7",",0","5",",0","1",",0","0",",0","0",",0","0",",0","0",",0","0",",0","29",",0","2",",0","","","20090717",",,0","20090731","+,,0","20090731","+,,0","","","20090709",",,0","20090727",",,0","7.2",",0,17,","0",",,0,31,+","0",",,0,31,+","25.9",",,0,09,","34.4",",0,27,","16.2","0","16.2",",0","77.0",",,,0","0",",,,0","19.61",",0","26.04",",,,0","13.19",",,,0"
"USC00392927","2009-08","45.03239","-99.12253","481.0","FAULKTON, SD US","175.5","0","70.3",",0","7",",0","4",",0","1",",0","0",",0","0",",0","0",",0","0",",0","0",",0","30",",0","4",",0","","","20090830",",,0","20090831","+,,0","20090831","+,,0","","","20090816",",,0","20090803",",,0","5.0",",0,30,","0",",,0,31,+","0",",,0,31,+","55.1",",,0,16,","35.0",",0,03,","40.7","0","24.5",",0","82.6",",,,0","0",",,,0","19.81",",0","27.13",",,,0","12.49",",,,0"
"USC00392927","2009-09","45.03239","-99.12253","481.0","FAULKTON, SD US","193.5","0","18.0",",0","9",",0","4",",0","0",",0","0",",0","0",",0","0",",0","1",",0","0",",0","22",",0","0",",0","","","20090929",",,0","20090930","+,,0","20090930","+,,0","","","20090909",",,0","20090919","+,,0","-2.2",",0,29,","0",",,0,30,+","0",",,0,30,+","13.2",",,0,09,","29.4",",0,19,+","108.7","0","68.0",",0","32.5",",,,0","0",",,,0","16.67",",0","23.86",",,,0","9.47",",,,0"
"USC00392927","2009-10","45.03239","-99.12253","481.0","FAULKTON, SD US","193.5","0","0.0",",0","17",",0","10",",0","1",",0","1",",0","1",",0","0",",0","15",",0","0",",0","2",",0","0",",0","","","20091010",",,0","20091011",",,0","20091011",",,0","","","20091006",",,0","20091019",",,0","-8.9",",0,10,","102",",,0,11,","102",",,0,11,","34.0",",,0,06,","23.3",",0,19,","540.2","0","431.5",",0","129.7",",,,0","102",",,,0","4.41",",0","8.59",",,,0","0.24",",,,0"
"USC00392927","2009-11","45.03239","-99.12253","481.0","FAULKTON, SD US","193.5","0","0.0",",0","2",",0","1",",0","0",",0","0",",0","0",",0","0",",0","26",",0","0",",0","1",",0","0",",0","","","20091126",",,0","20091130","+,,0","20091130","+,,0","","","20091113",",,0","20091107",",,0","-8.9",",0,26,","0",",,0,30,+","0",",,0,30,+","4.6",",,0,13,","21.7",",0,07,","974.4","0","434.2",",0","5.1",",,,0","0",",,,0","3.86",",0","11.32",",,,0","-3.61",",,,0"
"USC00392927","2009-12","45.03239","-99.12253","481.0","FAULKTON, SD US","193.5","0","0.0",",0","8",",0","6",",0","0",",0","23",",0","7",",0","12",",0","31",",0","28",",0","0",",0","0",",0","","","20091215",",,0","20091227",",,0","20091214",",,0","","","20091222",",,0","20091201",",,0","-28.3",",0,15,","381",",,0,27,","102",",,0,14,","5.6",",,0,22,","12.8",",0,01,","1883.1","0","908.7",",0","28.4",",,,0","489",",,,0","-10.98",",0","-6.65",",,,0","-15.32",",,,0"
"USC00392927","2010-01","45.03239","-99.12253","481.0","FAULKTON, SD US","0.0","0","0.0",",0","10",",0","3",",0","0",",0","31",",0","7",",0","16",",0","31",",0","23",",0","0",",0","0",",0","","","20100102",",,0","20100110","+,,0","20100106",",,0","","","20100124",",,0","20100117",",,0","-32.8",",0,02,","533",",,0,10,+","102",",,0,06,","9.9",",,0,24,","5.6",",0,17,","2815.6","0","932.5",",0","29.3",",,,0","355",",,,0","-11.75",",0","-7.09",",,,0","-16.40",",,,0"
"USC00392927","2010-02","45.03239","-99.12253","481.0","FAULKTON, SD US","0.0","0","0.0",",0","7",",0","6",",0","0",",0","28",",0","7",",0","14",",0","28",",0","27",",0","0",",0","0",",0","","","20100224",",,0","20100216","+,,0","20100208","+,,0","","","20100214",",,0","20100207",",,0","-27.8",",0,24,","711",",,0,16,+","102",",,0,08,+","7.1",",,0,14,","1.1",",0,07,","3680.0","0","864.4",",0","25.6",",,,0","509",",,,0","-12.54",",0","-7.50",",,,0","-17.58",",,,0"
"USC00392927","2010-03","45.03239","-99.12253","481.0","FAULKTON, SD US","0.0","0","0.0",",0","5",",0","5",",0","0",",0","20",",0","0",",0","1",",0","30",",0","5",",0","2",",0","0",",0","","","20100301",",,0","20100303","+,,0","20100331","+,,0","","","20100312",",,0","20100331",",,0","-17.8",",0,01,","559",",,0,03,+","0",",,0,31,+","16.5",",,0,12,","25.0",",0,31,","4221.0","0","541.0",",0","42.5",",,,0","0",",,,0","0.88",",0","5.53",",,,0","-3.77",",,,0"
"USC00392927","2010-04","45.03239","-99.12253","481.0","FAULKTON, SD US","0.0","0","0.0",",0","7",",0","5",",0","0",",0","0",",0","0",",0","0",",0","9",",0","0",",0","6",",0","0",",0","","","20100408",",,0","20100430","+,,0","20100430","+,,0","","","20100424",",,0","20100414",",,0","-3.9",",0,08,","0",",,0,30,+","0",",,0,30,+","15.2",",,0,24,","27.2",",0,14,","4471.4","0","250.4",",0","40.4",",,,0","0",",,,0","9.99",",0","17.22",",,,0","2.75",",,,0"
"USC00392927","2010-05","45.03239","-99.12253","481.0","FAULKTON, SD US","13.9","0","13.9",",0","15",",0","9",",0","2",",0","0",",0","0",",0","0",",0","1",",0","0",",0","16",",0","0",",0","","","20100507",",,0","20100531","+,,0","20100531","+,,0","","","20100530",",,0","20100530","+,,0","-1.7",",0,07,","0",",,0,31,+","0",",,0,31,+","27.9",",,0,30,","31.1",",0,30,+","4655.8","0","184.4",",0","130.2",",,,0","0",",,,0","12.83",",0","18.75",",,,0","6.92",",,,0"
"USC00392927","2010-06","45.03239","-99.12253","481.0","FAULKTON, SD US","60.7","0","46.8",",0","14",",0","9",",0","0",",0","0",",0","0",",0","0",",0","0",",0","0",",0","26",",0","0",",0","","","20100602",",,0","20100630","+,,0","20100630","+,,0","","","20100612",",,0","20100626","+,,0","6.1",",0,02,","0",",,0,30,+","0",",,0,30,+","17.8",",,0,12,","30.0",",0,26,+","4676.2","0","20.4",",0","84.8",",,,0","0",",,,0","19.21",",0","25.08",",,,0","13.35",",,,0"
"USC00392927","2010-07","45.03239","-99.12253","481.0","FAULKTON, SD US","187.5","0","126.8",",0","7",",0","4",",0","0",",0","0",",0","0",",0","0",",0","0",",0","0",",0","31",",0","10",",0","","","20100728","+,,0","20100731","+,,0","20100731","+,,0","","","20100724",",,0","20100718",",,0","12.2",",0,28,+","0",",,0,31,+","0",",,0,31,+","20.3",",,0,24,","38.9",",0,18,","1.4","0","1.4",",0","69.7",",,,0","0",",,,0","22.38",",0","29.03",",,,0","15.73",",,,0"
"USC00392927","2010-08","45.03239","-99.12253","481.0","FAULKTON, SD US","349.8","0","162.3",",0","8",",0","4",",0","0",",0","0",",0","0",",0","0",",0","0",",0","0",",0","31",",0","13",",0","","","20100825",",,0","20100831","+,,0","20100831","+,,0","","","20100811",",,0","20100823",",,0","6.7",",0,25,","0",",,0,31,+","0",",,0,31,+","17.8",",,0,11,","38.3",",0,23,","5.8","0","4.4",",0","37.1",",,,0","0",",,,0","23.43",",0","31.03",",,,0","15.83",",,,0"
"USC00392927","2010-09","45.03239","-99.12253","481.0","FAULKTON, SD US","351.0","0","1.2",",0","12",",0","7",",0","0",",0","0",",0","0",",0","0",",0","0",",0","0",",0","20",",0","0",",0","","","20100918",",,0","20100930","+,,0","20100930","+,,0","","","20100915",",,0","20100921","+,,0","3.3",",0,18,","0",",,0,30,+","0",",,0,30,+","23.4",",,0,15,","27.8",",0,21,+","124.9","0","119.1",",0","96.0",",,,0","0",",,,0","14.40",",0","20.95",",,,0","7.86",",,,0"
"USC00392927","2010-10","45.03239","-99.12253","481.0","FAULKTON, SD US","352.7","0","1.7",",0","8",",0","3",",0","0",",0","0",",0","0",",0","0",",0","13",",0","0",",0","12",",0","0",",0","","","20101029","+,,0","20101031","+,,0","20101031","+,,0","","","20101024",",,0","20101009",",,0","-6.7",",0,29,+","0",",,0,31,+","0",",,0,31,+","19.8",",,0,24,","28.9",",0,09,","384.7","0","259.8",",0","35.5",",,,0","0",",,,0","10.01",",0","17.71",",,,0","2.31",",,,0"
"USC00392927","2010-11","45.03239","-99.12253","481.0","FAULKTON, SD US","352.7","0","0.0",",0","3",",0","0",",0","0",",0","1",",0","0",",0","3",",0","26",",0","8",",0","1",",0","0",",0","","","20101123",",,0","20101130",",,0","20101130",",,0","","","20101130",",,0","20101109",",,0","-20.6",",0,23,","25",",,0,30,","23",",,0,30,","0.8",",,0,30,","23.3",",0,09,","934.3","0","549.6",",0","1.4",",,,0","26",",,,0","0.01",",0","5.87",",,,0","-5.85",",,,0"
"USC00392927","2010-12","45.03239","-99.12253","481.0","FAULKTON, SD US","352.7","0","0.0",",0","7",",0","5",",0","0",",0","31",",0","6",",0","4",",0","31",",0","28",",0","0",",0","0",",0","","","20101212",",,0","20101224",",,0","20101231",",,0","","","20101224",",,0","20101210",",,0","-23.9",",0,12,","305",",,0,24,","119",",,0,31,","7.6",",,0,24,","7.8",",0,10,","1794.9","0","860.6",",0","28.4",",,,0","436",",,,0","-9.43",",0","-5.04",",,,0","-13.82",",,,0"
"USC00392927","2011-01","45.03239","-99.12253","481.0","FAULKTON, SD US","0.0","K","0.0",",K","8",",K","5",",K","0",",K","31",",K","8",",K","17",",K","31",",K","28",",K","0",",K","0",",K","","","20110123",",,K","20110120","+,,K","20110101",",,K","","","20110131",",,K","20110129",",,K","-27.2",",K,23,","737",",,K,20,+","178",",,K,01,","11.2",",,K,31,","5.0",",K,29,","2750.8","K","955.9",",K","36.1",",,,K","609",",,,K","-12.50",",K","-7.77",",,,K","-17.24",",,,K"
"USC00392927","2011-02","45.03239","-99.12253","481.0","FAULKTON, SD US","0.0","K","0.0",",K","6",",K","5",",K","0",",K","28",",K","6",",K","14",",K","27",",K","18",",K","0",",K","0",",K","","","20110208",",,K","20110205",",,K","20110221",",,K","","","20110221",",,K","20110217",",,K","-30.0",",K,08,","559",",,K,05,","254",",,K,21,","22.9",",,K,21,","8.9",",K,17,","3546.6","K","795.8",",K","51.1",",,,K","609",",,,K","-10.09",",K","-4.90",",,,K","-15.28",",,,K"
"USC00392927","2011-03","45.03239","-99.12253","481.0","FAULKTON, SD US","0.0","K","0.0",",K","9",",K","6",",K","0",",K","26",",K","6",",K","6",",K","29",",K","18",",K","0",",K","0",",K","","","20110305",",,K","20110309",",,K","20110309","+,,K","","","20110323",",,K","20110320",",,K","-23.9",",K,05,","610",",,K,09,","76",",,K,09,+","22.9",",,K,23,","11.1",",K,20,","4282.1","K","735.5",",K","54.7",",,,K","330",",,,K","-5.39",",K","-0.98",",,,K","-9.80",",,,K"
"USC00392927","2011-04","45.03239","-99.12253","481.0","FAULKTON, SD US","0.0","K","0.0",",K","10",",K","9",",K","0",",K","8",",K","4",",K","0",",K","13",",K","0",",K","3",",K","0",",K","","","20110416",",,K","20110416",",,K","20110415",",,K","","","20110410",",,K","20110430",",,K","-8.9",",K,16,","229",",,K,16,","203",",,K,15,","14.2",",,K,10,","22.2",",K,30,","4654.7","K","372.6",",K","66.0",",,,K","330",",,,K","5.91",",K","11.09",",,,K","0.73",",,,K"
"USC00392927","2011-05","45.03239","-99.12253","481.0","FAULKTON, SD US","1.4","K","1.4",",K","12",",K","8",",K","0",",K","","","","","0",",K","3",",K","0",",K","10",",K","0",",K","","","20110502",",,K","","","","","","","20110521",",,K","20110511","+,,K","-5.0",",K,02,","","","","","20.1",",,K,21,","26.1",",K,11,+","4851.7","K","197.0",",K","90.5",",,,K","","","12.02",",K","17.67",",,,K","6.37",",,,K"
"USC00392927","2011-06","45.03239","-99.12253","481.0","FAULKTON, SD US","42.5","K","41.1",",K","9",",K","7",",K","2",",K","","","","","0",",K","0",",K","0",",K","24",",K","2",",K","","","20110611",",,K","","","","","","","20110621",",,K","20110607",",,K","4.4",",K,11,","","","","","64.5",",,K,21,","35.0",",K,07,","4902.5","K","50.8",",K","150.8",",,,K","","","18.01",",K","24.30",",,,K","11.72",",,,K"
"USC00392927","2011-07","45.03239","-99.12253","481.0","FAULKTON, SD US","236.7","K","194.2",",K","9",",K","5",",K","0",",K","","","","","0",",K","0",",K","0",",K","30",",K","11",",K","","","20110713",",,K","","","","","","","20110714",",,K","20110720",",,K","13.3",",K,13,","","","","","17.0",",,K,14,","37.8",",K,20,","0.0","K","0.0",",K","55.3",",,,K","","","24.60",",K","30.63",",,,K","18.57",",,,K"
"USC00392927","2011-08","45.03239","-99.12253","481.0","FAULKTON, SD US","358.6","K","121.9",",K","7",",K","3",",K","1",",K","","","","","0",",K","0",",K","0",",K","31",",K","5",",K","","","20110817",",,K","","","","","","","20110828",",,K","20110802",",,K","9.4",",K,17,","","","","","62.5",",,K,28,","40.0",",K,02,","1.1","K","1.1",",K","86.7",",,,K","","","22.23",",K","29.39",",,,K","15.07",",,,K"
"USC00392927","2011-09","45.03239","-99.12253","481.0","FAULKTON, SD US","378.6","K","20.0",",K","6",",K","3",",K","0",",K","","","","","0",",K","2",",K","0",",K","19",",K","1",",K","","","20110915",",,K","","","","","","","20110918",",,K","20110929",",,K","-1.1",",K,15,","","","","","6.4",",,K,18,","33.9",",K,29,","118.1","K","117.0",",K","17.8",",,,K","","","15.10",",K","22.71",",,,K","7.49",",,,K"
"USC00392927","2011-10","45.03239","-99.12253","481.0","FAULKTON, SD US","387.0","K","8.4",",K","5",",K","2",",K","0",",K","","","","","0",",K","10",",K","0",",K","8",",K","0",",K","","","20111020",",,K","","","","","","","20111010",",,K","20111005",",,K","-7.2",",K,20,","","","","","14.2",",,K,10,","30.6",",K,05,","380.0","K","261.9",",K","21.3",",,,K","","","10.15",",K","17.52",",,,K","2.78",",,,K"
"USC00392927","2011-11","45.03239","-99.12253","481.0","FAULKTON, SD US","387.0","K","0.0",",K","3",",K","2",",K","0",",K","","","","","2",",K","28",",K","4",",K","0",",K","0",",K","","","20111120",",,K","","","","","","","20111106",",,K","20111101",",,K","-22.2",",K,20,","","","","","3.8",",,K,06,","20.6",",K,01,","919.2","K","539.2",",K","7.6",",,,K","","","0.36",",K","7.47",",,,K","-6.76",",,,K"
"USC00392927","2011-12","45.03239","-99.12253","481.0","FAULKTON, SD US","387.0","K","0.0",",K","2",",K","2",",K","0",",K","","","","","3",",K","31",",K","11",",K","0",",K","0",",K","","","20111206",",,K","","","","","","","20111229",",,K","20111219",",,K","-23.9",",K,06,","","","","","3.6",",,K,29,","12.8",",K,19,","1594.4","K","675.2",",K","6.4",",,,K","","","-3.45",",K","2.17",",,,K","-9.06",",,,K"
"USC00392927","2012-01","45.03239","-99.12253","481.0","FAULKTON, SD US","0.0","7","0.0",",7","5",",7","1",",7","0",",7","9",",7","4",",7","6",",7","30",",7","14",",7","0",",7","0",",7","","","20120119",",,7","20120125","+,,7","20120123",",,7","","","20120123",",,7","20120106",",,7","-22.8",",7,19,","51",",,7,25,+","51",",,7,23,","4.3",",,7,23,","18.3",",7,06,","2318.8","7","724.4",",7","10.9",",,,7","139",",,,7","-5.03",",7","0.87",",,,7","-10.94",",,,7"
"USC00392927","2012-02","45.03239","-99.12253","481.0","FAULKTON, SD US","0.0","7","0.0",",7","4",",7","2",",7","0",",7","8",",7","4",",7","5",",7","29",",7","10",",7","0",",7","0",",7","1","","20120211",",,7","20120229",",,7","20120229",",,7","","","20120229",",,7","20120220","+,,7","-22.8",",7,11,","127",",,7,29,","102",",,7,29,","10.2",",,7,29,","10.0",",7,20,+","2976.9","7","658.1",",7","16.3",",,,7","203",",,,7","-4.36",",7","2.27",",,,7","-10.98",",,,7"
"USC00392927","2012-03","45.03239","-99.12253","481.0","FAULKTON, SD US","2.0","7","2.0",",7","5",",7","1",",7","0",",7","","","","","0",",7","17",",7","3",",7","10",",7","0",",7","","","20120303",",,7","","","","","","","20120312",",,7","20120319",",,7","-11.7",",7,03,","","","","","3.8",",,7,12,","30.0",",7,19,","3331.4","7","354.5",",7","5.7",",,,7","","","6.96",",7","15.03",",,,7","-1.11",",,,7"
"USC00392927","2012-04","45.03239","-99.12253","481.0","FAULKTON, SD US","7.5","7","5.5",",7","13",",7","11",",7","0",",7","","","","","0",",7","7",",7","0",",7","5",",7","0",",7","","","20120411",",,7","","","","","","","20120413",",,7","20120425","+,,7","-10.0",",7,11,","","","","","15.5",",,7,13,","31.1",",7,25,+","3606.4","7","275.0",",7","99.8",",,,7","","","9.35",",7","16.25",",,,7","2.45",",,,7"
"USC00392927","2012-05","45.03239","-99.12253","481.0","FAULKTON, SD US","27.5","7","20.0",",7","11",",7","8",",7","0",",7","","","","","0",",7","1",",7","0",",7","16",",7","2",",7","","","20120512",",,7","","","","","","","20120519",",,7","20120518",",,7","0.0",",7,12,","","","","","15.2",",,7,19,","34.4",",7,18,","3731.7","7","125.3",",7","53.0",",,,7","","","14.94",",7","21.85",",,,7","8.02",",,,7"
"USC00392927","2012-06","45.03239","-99.12253","481.0","FAULKTON, SD US","130.9","7","103.4",",7","9",",7","7",",7","0",",7","0",",7","0",",7","0",",7","0",",7","0",",7","29",",7","6",",7","","","20120613","+,,7","20120630","+,,7","20120630","+,,7","","","20120630",",,7","20120618",",,7","3.9",",7,13,+","0",",,7,30,+","0",",,7,30,+","15.5",",,7,30,","37.2",",7,18,","3751.3","7","19.6",",7","55.4",",,,7","0",",,,7","21.13",",7","28.65",",,,7","13.60",",,,7"
"USC00392927","2012-07","45.03239","-99.12253","481.0","FAULKTON, SD US","333.6","7","202.7",",7","7",",7","3",",7","0",",7","0",",7","0",",7","0",",7","0",",7","0",",7","31",",7","19",",7","","","20120727",",,7","20120731","+,,7","20120731","+,,7","","","20120718",",,7","20120716","+,,7","11.7",",7,27,","0",",,7,31,+","0",",,7,31,+","15.2",",,7,18,","38.3",",7,16,+","0.0","7","0.0",",7","30.8",",,,7","0",",,,7","24.87",",7","32.54",",,,7","17.21",",,,7"
"USC00392927","2012-08","45.03239","-99.12253","481.0","FAULKTON, SD US","410.1","7","76.5",",7","8",",7","3",",7","0",",7","0",",7","0",",7","0",",7","0",",7","0",",7","29",",7","7",",7","","","20120817",",,7","20120831","+,,7","20120831","+,,7","","","20120804",",,7","20120830",",,7","3.9",",7,17,","0",",,7,31,+","0",",,7,31,+","20.3",",,7,04,","38.9",",7,30,","25.2","7","25.2",",7","48.7",",,,7","0",",,,7","19.99",",7","28.18",",,,7","11.79",",,,7"
"USC00392927","2012-09","45.03239","-99.12253","481.0","FAULKTON, SD US","442.9","7","32.8",",7","0",",7","0",",7","0",",7","0",",7","0",",7","0",",7","5",",7","0",",7","26",",7","5",",7","","","20120923",",,7","20120930","+,,7","20120930","+,,7","","","20120930","+,,7","20120911","+,,7","-5.0",",7,23,","0",",,7,30,+","0",",,7,30,+","0.0",",,7,30,+","36.1",",7,11,+","129.5","7","104.3",",7","0.0",",,,7","0",",,,7","15.95",",7","26.04",",,,7","5.85",",,,7"
"USC00392927","2012-10","45.03239","-99.12253","481.0","FAULKTON, SD US","444.0","7","1.1",",7","6",",7","1",",7","0",",7","0",",7","0",",7","0",",7","14",",7","0",",7","5",",7","0",",7","","","20121027",",,7","20121031","+,,7","20121031","+,,7","","","20121017",",,7","20121001",",,7","-11.1",",7,27,","0",",,7,31,+","0",",,7,31,+","6.4",",,7,17,","30.0",",7,01,","469.2","7","339.7",",7","10.8",",,,7","0",",,,7","7.41",",7","14.35",",,,7","0.47",",,,7"
"USC00392927","2012-11","45.03239","-99.12253","481.0","FAULKTON, SD US","444.0","7","0.0",",7","3",",7","1",",7","0",",7","","","","","0",",7","29",",7","5",",7","0",",7","0",",7","1","","20121127","+,,7","","","","","","","20121105",",,7","20121122","+,,7","-16.7",",7,27,+","","","","","4.1",",,7,05,","18.3",",7,22,+","1017.8","7","548.6",",7","6.4",",,,7","","","0.05",",7","6.32",",,,7","-6.23",",,,7"
"USC00392927","2012-12","45.03239","-99.12253","481.0","FAULKTON, SD US","444.0","7","0.0",",7","6",",7","3",",7","0",",7","25",",7","4",",7","8",",7","31",",7","22",",7","0",",7","0",",7","","","20121225","+,,7","20121211","+,,7","20121209",",,7","","","20121209",",,7","20121203",",,7","-23.9",",7,25,+","178",",,7,11,+","102",",,7,09,","6.1",",,7,09,","16.1",",7,03,","1830.8","7","813.0",",7","15.7",",,,7","242",",,,7","-7.89",",7","-2.78",",,,7","-13.01",",,,7"
"USC00392927","2013-01","45.03239","-99.12253","481.0","FAULKTON, SD US","0.0","7","0.0",",7","4",",7","1",",7","0",",7","24",",7","2",",7","10",",7","31",",7","20",",7","0",",7","0",",7","","","20130131",",,7","20130102","+,,7","20130129",",,7","","","20130129",",,7","20130119",",,7","-25.6",",7,31,","76",",,7,02,+","203",",,7,29,","11.9",",,7,29,","7.2",",7,19,","2657.6","7","826.8",",7","15.7",",,,7","267",",,,7","-8.34",",7","-3.37",",,,7","-13.31",",,,7"
"USC00392927","2013-02","45.03239","-99.12253","481.0","FAULKTON, SD US","0.0","7","0.0",",7","5",",7","2",",7","0",",7","19",",7","4",",7","7",",7","28",",7","20",",7","0",",7","0",",7","","","20130201",",,7","20130212","+,,7","20130210",",,7","","","20130210",",,7","20130214",",,7","-28.3",",7,01,","356",",,7,12,+","203",",,7,10,","19.1",",,7,10,","5.0",",7,14,","3409.1","7","751.5",",7","38.9",",,,7","405",",,,7","-8.51",",7","-3.02",",,,7","-14.00",",,,7"
"USC00392927","2013-03","45.03239","-99.12253","481.0","FAULKTON, SD US","0.0","7","0.0",",7","5",",7","2",",7","0",",7","26",",7","4",",7","5",",7","31",",7","20",",7","0",",7","0",",7","","","20130306",",,7","20130303","+,,7","20130305",",,7","","","20130305",",,7","20130331","+,,7","-20.6",",7,06,","254",",,7,03,+","51",",,7,05,","3.8",",,7,05,","10.6",",7,31,+","4175.0","7","765.9",",7","9.4",",,,7","139",",,,7","-6.37",",7","-0.78",",,,7","-11.97",",,,7"
"USC00392927","2013-04","45.03239","-99.12253","481.0","FAULKTON, SD US","0.0","7","0.0",",7","10",",7","8",",7","1",",7","18",",7","8",",7","0",",7","26",",7","4",",7","5",",7","0",",7","","","20130401",",,7","20130415",",,7","20130415",",,7","","","20130415",",,7","20130428",",,7","-11.7",",7,01,","406",",,7,15,","279",",,7,15,","27.2",",,7,15,","28.3",",7,28,","4676.3","7","501.3",",7","67.1",",,,7","647",",,,7","1.62",",7","7.44",",,,7","-4.19",",,,7"
"USC00392927","2013-05","45.03239","-99.12253","481.0","FAULKTON, SD US","13.0","7","13.0",",7","12",",7","8",",7","3",",7","0",",7","0",",7","0",",7","5",",7","0",",7","14",",7","1",",7","","","20130503",",,7","20130531","+,,7","20130531","+,,7","","","20130519",",,7","20130514",",,7","-7.8",",7,03,","0",",,7,31,+","0",",,7,31,+","45.7",",,7,19,","33.9",",7,14,","4849.2","7","172.9",",7","126.5",",,,7","0",",,,7","13.18",",7","20.12",",,,7","6.23",",,,7"
"USC00392927","2013-06","45.03239","-99.12253","481.0","FAULKTON, SD US","60.1","7","47.1",",7","13",",7","7",",7","0",",7","0",",7","0",",7","0",",7","0",",7","0",",7","25",",7","1",",7","","","20130602",",,7","20130630","+,,7","20130630","+,,7","","","20130609",",,7","20130627",",,7","2.2",",7,02,","0",",,7,30,+","0",",,7,30,+","16.8",",,7,09,","32.8",",7,27,","4899.6","7","50.4",",7","65.7",",,,7","0",",,,7","18.22",",7","24.75",",,,7","11.70",",,,7"
"USC00392927","2013-07","45.03239","-99.12253","481.0","FAULKTON, SD US","170.1","7","110.0",",7","7",",7","3",",7","0",",7","","","0",",7","0",",7","0",",7","0",",7","30",",7","4",",7","","","20130728",",,7","","","20130731","+,,7","","","20130709",",,7","20130719",",,7","3.3",",7,28,","","","0",",,7,31,+","18.5",",,7,09,","36.1",",7,19,","15.8","7","15.8",",7","33.0",",,,7","0",",,,7","21.37",",7","28.44",",,,7","14.30",",,,7"
"USC00392927","2013-08","45.03239","-99.12253","481.0","FAULKTON, SD US","278.8","7","108.7",",7","5",",7","3",",7","0",",7","","","0",",7","0",",7","0",",7","0",",7","31",",7","7",",7","","","20130814","+,,7","","","20130831","+,,7","","","20130828",",,7","20130825",",,7","8.9",",7,14,+","","","0",",,7,31,+","22.6",",,7,28,","37.8",",7,25,","23.3","7","7.5",",7","39.4",",,,7","0",",,,7","21.60",",7","28.86",",,,7","14.33",",,,7"
"USC00392927","2013-09","45.03239","-99.12253","481.0","FAULKTON, SD US","329.1","7","50.3",",7","6",",7","3",",7","0",",7","","","0",",7","0",",7","1",",7","0",",7","23",",7","4",",7","","","20130921",",,7","","","20130930","+,,7","","","20130928",",,7","20130919",",,7","-0.6",",7,21,","","","0",",,7,30,+","18.5",",,7,28,","33.9",",7,19,","73.3","7","50.0",",7","27.3",",,,7","0",",,,7","18.34",",7","25.81",",,,7","10.87",",,,7"
"USC00392927","2013-10","45.03239","-99.12253","481.0","FAULKTON, SD US","329.1","7","0.0",",7","16",",7","10",",7","2",",7","","","2",",7","0",",7","14",",7","1",",7","7",",7","0",",7","","","20131028",",,7","","","20131029",",,7","","","20131015",",,7","20131001",",,7","-5.0",",7,28,","","","51",",,7,29,","40.6",",,7,15,","28.3",",7,01,","427.8","7","354.5",",7","133.1",",,,7","76",",,,7","6.90",",7","12.38",",,,7","1.41",",,,7"
"USC00392927","2013-11","45.03239","-99.12253","481.0","FAULKTON, SD US","329.1","7","0.0",",7","1",",7","0",",7","0",",7","","","1",",7","2",",7","28",",7","6",",7","0",",7","0",",7","","","20131123",",,7","","","20131111",",,7","","","20131111",",,7","20131115","+,,7","-20.6",",7,23,","","","25",",,7,11,","0.8",",,7,11,","17.2",",7,15,+","996.6","7","568.8",",7","0.8",",,,7","25",",,,7","-0.63",",7","6.33",",,,7","-7.58",",,,7"
"USC00392927","2013-12","45.03239","-99.12253","481.0","FAULKTON, SD US","329.1","7","0.0",",7","7",",7","3",",7","0",",7","","","6",",7","18",",7","31",",7","22",",7","0",",7","0",",7","","","20131223","+,,7","","","20131204",",,7","","","20131204",",,7","20131219",",,7","-28.9",",7,23,+","","","76",",,7,04,","5.1",",,7,04,","9.4",",7,19,","1926.8","7","930.2",",7","15.8",",,,7","271",",,,7","-11.67",",7","-6.10",",,,7","-17.25",",,,7"
"USC00392927","2014-01","45.03239","-99.12253","481.0","FAULKTON, SD US","0.0","7","0.0",",7","5",",7","1",",7","0",",7","","","4",",7","15",",7","31",",7","18",",7","0",",7","0",",7","","","20140103",",,7","","","20140130","+,,7","","","20140101",",,7","20140120",",,7","-28.9",",7,03,","","","51",",,7,30,+","3.3",",,7,01,","8.3",",7,20,","2806.9","7","880.1",",7","7.6",",,,7","152",",,,7","-10.06",",7","-3.75",",,,7","-16.36",",,,7"
"USC00392927","2014-02","45.03239","-99.12253","481.0","FAULKTON, SD US","0.0","7","0.0",",7","4",",7","1",",7","0",",7","","","3",",7","18",",7","28",",7","22",",7","0",",7","0",",7","","","20140211","+,,7","","","20140225",",,7","","","20140225",",,7","20140220",",,7","-28.3",",7,11,+","","","51",",,7,25,","4.6",",,7,25,","11.7",",7,20,","3663.8","7","856.9",",7","7.9",",,,7","127",",,,7","-12.27",",7","-5.73",",,,7","-18.81",",,,7"
"USC00392927","2014-03","45.03239","-99.12253","481.0","FAULKTON, SD US","0.0","7","0.0",",7","2",",7","2",",7","0",",7","","","1",",7","4",",7","29",",7","10",",7","0",",7","0",",7","","","20140302",",,7","","","20140305",",,7","","","20140312",",,7","20140331",",,7","-27.8",",7,02,","","","127",",,7,05,","11.2",",,7,12,","17.8",",7,31,","4323.1","7","659.3",",7","21.1",",,,7","127",",,,7","-2.94",",7","3.21",",,,7","-9.08",",,,7"
"USC00392927","2014-04","45.03239","-99.12253","481.0","FAULKTON, SD US","0.0","7","0.0",",7","10",",7","5",",7","0",",7","","","3",",7","0",",7","19",",7","3",",7","5",",7","0",",7","","","20140401",",,7","","","20140401",",,7","","","20140428",",,7","20140410",",,7","-13.9",",7,01,","","","51",",,7,01,","14.0",",,7,28,","27.2",",7,10,","4708.9","7","385.8",",7","38.5",",,,7","101",",,,7","5.47",",7","13.07",",,,7","-2.13",",,,7"
"USC00392927","2014-05","45.03239","-99.12253","481.0","FAULKTON, SD US","31.0","7","31.0",",7","9",",7","4",",7","0",",7","","","0",",7","0",",7","2",",7","0",",7","13",",7","1",",7","","","20140515",",,7","","","20140531","+,,7","","","20140509",",,7","20140531",",,7","-4.4",",7,15,","","","0",",,7,31,+","16.5",",,7,09,","33.3",",7,31,","4892.0","7","183.1",",7","47.1",",,,7","0",",,,7","13.43",",7","20.28",",,,7","6.57",",,,7"
"USC00392927","2014-06","45.03239","-99.12253","481.0","FAULKTON, SD US","66.0","7","35.0",",7","17",",7","12",",7","0",",7","","","0",",7","0",",7","0",",7","0",",7","23",",7","1",",7","","","20140608",",,7","","","20140630","+,,7","","","20140615",",,7","20140622",",,7","4.4",",7,08,","","","0",",,7,30,+","17.3",",,7,15,","32.2",",7,22,","4928.5","7","36.5",",7","109.6",",,,7","0",",,,7","18.28",",7","24.62",",,,7","11.94",",,,7"
"USC00392927","2014-07","45.03239","-99.12253","481.0","FAULKTON, SD US","152.0","7","86.0",",7","7",",7","3",",7","0",",7","","","0",",7","0",",7","0",",7","0",",7","29",",7","3",",7","","","20140715","+,,7","","","20140731","+,,7","","","20140713",",,7","20140721",",,7","7.8",",7,15,+","","","0",",,7,31,+","5.1",",,7,13,","36.7",",7,21,","18.3","7","18.3",",7","14.7",",,,7","0",",,,7","20.52",",7","27.55",",,,7","13.49",",,,7"
"USC00392927","2014-08","45.03239","-99.12253","481.0","FAULKTON, SD US","212.8","7","60.8",",7","12",",7","8",",7","1",",7","","","0",",7","0",",7","0",",7","0",",7","29",",7","0",",7","","","20140812","+,,7","","","20140831","+,,7","","","20140829",",,7","20140804",",,7","8.9",",7,12,+","","","0",",,7,31,+","33.5",",,7,29,","30.6",",7,04,","28.5","7","10.2",",7","91.5",",,,7","0",",,,7","19.97",",7","26.00",",,,7","13.93",",,,7"
"USC00392927","2014-09","45.03239","-99.12253","481.0","FAULKTON, SD US","237.9","7","25.1",",7","7",",7","1",",7","0",",7","","","0",",7","0",",7","0",",7","0",",7","21",",7","0",",7","","","20140915",",,7","","","20140930","+,,7","","","20140910",",,7","20140909",",,7","1.7",",7,15,","","","0",",,7,30,+","7.6",",,7,10,","31.7",",7,09,","124.0","7","95.5",",7","13.8",",,,7","0",",,,7","15.99",",7","23.26",",,,7","8.71",",,,7"
"USC00392927","2014-10","45.03239","-99.12253","481.0","FAULKTON, SD US","237.9","7","0.0",",7","5",",7","2",",7","0",",7","","","0",",7","0",",7","7",",7","0",",7","11",",7","0",",7","","","20141031",",,7","","","20141031","+,,7","","","20141023","+,,7","20141022",",,7","-14.4",",7,31,","","","0",",,7,31,+","2.5",",,7,23,+","28.3",",7,22,","382.5","7","258.5",",7","8.0",",,,7","0",",,,7","9.99",",7","17.68",",,,7","2.31",",,,7"
"USC00392927","2014-11","45.03239","-99.12253","481.0","FAULKTON, SD US","237.9","7","0.0",",7","9",",7","3",",7","0",",7","","","3",",7","6",",7","27",",7","15",",7","0",",7","0",",7","","","20141114",",,7","","","20141110",",,7","","","20141110",",,7","20141108",",,7","-26.7",",7,14,","","","89",",,7,10,","8.6",",,7,10,","20.0",",7,08,","1094.0","7","711.5",",7","18.8",",,,7","217",",,,7","-5.38",",7","0.40",",,,7","-11.17",",,,7"
"USC00392927","2014-12","45.03239","-99.12253","481.0","FAULKTON, SD US","237.9","7","0.0",",7","2",",7","2",",7","0",",7","","","2",",7","7",",7","30",",7","21",",7","0",",7","0",",7","2","","20141230","+,,7","","","20141223",",,7","","","20141223",",,7","20141214",",,7","-25.6",",7,30,+","","","76",",,7,23,","6.4",",,7,23,","10.0",",7,14,","1859.4","7","765.4",",7","9.4",",,,7","101",",,,7","-6.36",",7","-2.13",",,,7","-10.59",",,,7"
"USC00392927","2015-01","45.03239","-99.12253","481.0","FAULKTON, SD US","0.0","7","0.0",",7","5",",7","1",",7","0",",7","","","5",",7","11",",7","31",",7","17",",7","0",",7","0",",7","2","","20150105",",,7","","","20150106",",,7","","","20150106",",,7","20150128",",,7","-26.7",",7,05,","","","76",",,7,06,","6.4",",,7,06,","10.6",",7,28,","2650.7","7","791.3",",7","12.0",",,,7","215",",,,7","-7.19",",7","-1.88",",,,7","-12.51",",,,7"
"USC00392927","2015-02","45.03239","-99.12253","481.0","FAULKTON, SD US","0.0","7","0.0",",7","6",",7","1",",7","0",",7","","","2",",7","16",",7","28",",7","19",",7","0",",7","0",",7","","","20150226",",,7","","","20150225",",,7","","","20150225",",,7","20150208",",,7","-27.2",",7,26,","","","102",",,7,25,","7.1",",,7,25,","15.0",",7,08,","3457.6","7","806.9",",7","11.7",",,,7","153",",,,7","-10.49",",7","-3.99",",,,7","-16.98",",,,7"
"USC00392927","2015-03","45.03239","-99.12253","481.0","FAULKTON, SD US","0.0","7","0.0",",7","3",",7","1",",7","0",",7","","","1",",7","3",",7","26",",7","5",",7","4",",7","0",",7","","","20150305",",,7","","","20150303",",,7","","","20150303",",,7","20150316",",,7","-23.3",",7,05,","","","51",",,7,03,","4.1",",,7,03,","26.7",",7,16,","3966.4","7","508.8",",7","6.9",",,,7","51",",,,7","1.92",",7","9.97",",,,7","-6.13",",,,7"
"USC00392927","2015-04","45.03239","-99.12253","481.0","FAULKTON, SD US","0.0","7","0.0",",7","4",",7","1",",7","0",",7","","","0",",7","0",",7","14",",7","0",",7","9",",7","0",",7","","","20150403",",,7","","","20150430","+,,7","","","20150419",",,7","20150412",",,7","-8.3",",7,03,","","","0",",,7,30,+","14.0",",,7,19,","27.2",",7,12,","4246.2","7","279.8",",7","15.4",",,,7","0",",,,7","9.01",",7","17.31",",,,7","0.70",",,,7"
"USC00392927","2015-05","45.03239","-99.12253","481.0","FAULKTON, SD US","7.6","7","7.6",",7","16",",7","11",",7","3",",7","","","0",",7","0",",7","4",",7","0",",7","11",",7","0",",7","","","20150519","+,,7","","","20150531","+,,7","","","20150518",",,7","20150503",",,7","-1.1",",7,19,+","","","0",",,7,31,+","39.1",",,7,18,","30.6",",7,03,","4429.3","7","183.1",",7","154.8",",,,7","0",",,,7","12.67",",7","18.88",",,,7","6.46",",,,7"
"USC00392927","2015-06","45.03239","-99.12253","481.0","FAULKTON, SD US","63.1","7","55.5",",7","13",",7","7",",7","0",",7","","","0",",7","0",",7","0",",7","0",",7","27",",7","2",",7","","","20150612",",,7","","","20150630","+,,7","","","20150620",",,7","20150610",",,7","7.2",",7,12,","","","0",",,7,30,+","19.1",",,7,20,","35.6",",7,10,","4454.2","7","24.9",",7","60.5",",,,7","0",",,,7","19.35",",7","26.22",",,,7","12.48",",,,7"
"USC00392927","2015-07","45.03239","-99.12253","481.0","FAULKTON, SD US","194.7","7","131.6",",7","9",",7","5",",7","0",",7","","","0",",7","0",",7","0",",7","0",",7","31",",7","7",",7","","","20150708","+,,7","","","20150731","+,,7","","","20150726",",,7","20150713",",,7","8.3",",7,08,+","","","0",",,7,31,+","22.4",",,7,26,","35.6",",7,13,","6.4","7","6.4",",7","59.3",",,,7","0",",,,7","22.37",",7","29.50",",,,7","15.24",",,,7"
"USC00392927","2015-08","45.03239","-99.12253","481.0","FAULKTON, SD US","288.1","7","93.4",",7","10",",7","5",",7","1",",7","","","0",",7","0",",7","0",",7","0",",7","30",",7","5",",7","","","20150825",",,7","","","20150831","+,,7","","","20150819",",,7","20150816",",,7","5.0",",7,25,","","","0",",,7,31,+","28.7",",,7,19,","36.1",",7,16,","33.1","7","26.7",",7","73.1",",,,7","0",",,,7","20.48",",7","27.50",",,,7","13.47",",,,7"
"USC00392927","2015-09","45.03239","-99.12253","481.0","FAULKTON, SD US","340.3","7","52.2",",7","9",",7","4",",7","0",",7","","","0",",7","0",",7","0",",7","0",",7","24",",7","2",",7","","","20150911",",,7","","","20150930","+,,7","","","20150904",",,7","20150922",",,7","1.7",",7,11,","","","0",",,7,30,+","4.3",",,7,04,","34.4",",7,22,","92.9","7","59.8",",7","18.1",",,,7","0",",,,7","18.08",",7","25.42",",,,7","10.74",",,,7"
"USC00392927","2015-10","45.03239","-99.12253","481.0","FAULKTON, SD US","344.7","7","4.4",",7","4",",7","2",",7","0",",7","","","0",",7","0",",7","11",",7","0",",7","9",",7","2",",7","","","20151017",",,7","","","20151029",",,7","","","20151023",",,7","20151012",",,7","-5.0",",7,17,","","","0",",T,7,29,","20.6",",,7,23,","33.3",",7,12,","351.2","7","258.3",",7","25.9",",,,7","0",",T,,7","10.15",",7","17.45",",,,7","2.84",",,,7"
"USC00392927","2015-11","45.03239","-99.12253","481.0","FAULKTON, SD US","344.7","7","0.0",",7","4",",7","2",",7","0",",7","","","1",",7","0",",7","20",",7","3",",7","2",",7","0",",7","1","","20151127",",,7","","","20151130",",,7","","","20151105",",,7","20151115",",,7","-16.7",",7,27,","","","25",",,7,30,","10.4",",,7,05,","22.2",",7,15,","807.5","7","456.3",",7","19.6",",,,7","25",",,,7","3.12",",7","9.37",",,,7","-3.12",",,,7"
"USC00392927","2015-12","45.03239","-99.12253","481.0","FAULKTON, SD US","344.7","7","0.0",",7","6",",7","3",",7","0",",7","","","3",",7","3",",7","29",",7","22",",7","0",",7","0",",7","2","","20151228",",,7","","","20151201",",,7","","","20151201",",,7","20151210",",,7","-21.1",",7,28,","","","127",",,7,01,","10.2",",,7,01,","12.8",",7,10,","1531.7","7","724.2",",7","19.7",",,,7","305",",,,7","-5.03",",7","-1.10",",,,7","-8.96",",,,7"
"USC00392927","2016-01","45.03239","-99.12253","481.0","FAULKTON, SD US","0.0","7","0.0",",7","5",",7","0",",7","0",",7","","","2",",7","9",",7","31",",7","23",",7","0",",7","0",",7","2","","20160117",",,7","","","20160126","+,,7","","","20160126","+,,7","20160131",",,7","-27.2",",7,17,","","","25",",,7,26,+","1.3",",,7,26,+","6.1",",7,31,","2360.3","7","828.6",",7","4.7",",,,7","76",",,,7","-8.40",",7","-3.91",",,,7","-12.88",",,,7"
"USC00392927","2016-02","45.03239","-99.12253","481.0","FAULKTON, SD US","0.0","7","0.0",",7","5",",7","1",",7","0",",7","","","1",",7","2",",7","28",",7","8",",7","0",",7","0",",7","","","20160214","+,,7","","","20160214",",,7","","","20160214",",,7","20160228",",,7","-17.8",",7,14,+","","","203",",,7,14,","19.6",",,7,14,","20.6",",7,28,","2947.5","7","587.2",",7","23.7",",,,7","216",",,,7","-1.91",",7","2.71",",,,7","-6.53",",,,7"
"USC00392927","2016-03","45.03239","-99.12253","481.0","FAULKTON, SD US","0.0","7","0.0",",7","9",",7","0",",7","0",",7","","","3",",7","0",",7","26",",7","3",",7","4",",7","0",",7","1","","20160301",",,7","","","20160301",",,7","","","20160309","+,,7","20160312",",,7","-16.7",",7,01,","","","38",",,7,01,","2.0",",,7,09,+","22.8",",7,12,","3409.8","7","462.3",",7","9.0",",,,7","88",",,,7","3.42",",7","10.56",",,,7","-3.72",",,,7"
"USC00392927","2016-04","45.03239","-99.12253","481.0","FAULKTON, SD US","0.6","7","0.6",",7","9",",7","8",",7","1",",7","","","1",",7","0",",7","18",",7","0",",7","6",",7","0",",7","","","20160404",",,7","","","20160428",",,7","","","20160428",",,7","20160415",",,7","-8.3",",7,04,","","","25",",,7,28,","28.2",",,7,28,","27.8",",7,15,","3756.7","7","346.9",",7","91.7",",,,7","25",",,,7","6.79",",7","14.11",",,,7","-0.54",",,,7"
"USC00392927","2016-05","45.03239","-99.12253","481.0","FAULKTON, SD US","12.0","7","11.4",",7","9",",7","6",",7","1",",7","","","0",",7","0",",7","2",",7","0",",7","16",",7","1",",7","","","20160514","+,,7","","","20160531","+,,7","","","20160510",",,7","20160507",",,7","-1.7",",7,14,+","","","0",",,7,31,+","30.7",",,7,10,","32.8",",7,07,","3891.8","7","135.1",",7","77.7",",,,7","0",",,,7","14.34",",7","21.76",",,,7","6.92",",,,7"
"USC00392927","2016-06","45.03239","-99.12253","481.0","FAULKTON, SD US","94.3","7","82.3",",7","6",",7","4",",7","1",",7","","","0",",7","0",",7","0",",7","0",",7","26",",7","6",",7","","","20160607",",,7","","","20160630","+,,7","","","20160615",",,7","20160612",",,7","6.1",",7,07,","","","0",",,7,30,+","68.1",",,7,15,","34.4",",7,12,","3912.6","7","20.8",",7","83.8",",,,7","0",",,,7","20.38",",7","27.57",",,,7","13.19",",,,7"
"USC00392927","2016-07","45.03239","-99.12253","481.0","FAULKTON, SD US","214.8","7","120.5",",7","6",",7","4",",7","0",",7","","","0",",7","0",",7","0",",7","0",",7","31",",7","7",",7","","","20160701",",,7","","","20160731","+,,7","","","20160707",",,7","20160722","+,,7","4.4",",7,01,","","","0",",,7,31,+","12.2",",,7,07,","36.7",",7,22,+","7.5","7","7.5",",7","29.8",",,,7","0",",,,7","21.98",",7","29.21",",,,7","14.74",",,,7"
"USC00392927","2016-08","45.03239","-99.12253","481.0","FAULKTON, SD US","333.7","7","118.9",",7","8",",7","4",",7","0",",7","","","0",",7","0",",7","0",",7","0",",7","30",",7","9",",7","","","20160826",",,7","","","20160831","+,,7","","","20160815",",,7","20160811",",,7","6.7",",7,26,","","","0",",,7,31,+","7.1",",,7,15,","36.7",",7,11,","16.9","7","9.4",",7","26.5",",,,7","0",",,,7","21.86",",7","30.01",",,,7","13.71",",,,7"
"USC00392927","2016-09","45.03239","-99.12253","481.0","FAULKTON, SD US","359.5","7","25.8",",7","12",",7","5",",7","0",",7","","","0",",7","0",",7","1",",7","0",",7","20",",7","0",",7","","","20160929",",,7","","","20160930","+,,7","","","20160905",",,7","20160919",",,7","0.0",",7,29,","","","0",",,7,30,+","22.9",",,7,05,","30.6",",7,19,","96.5","7","79.6",",7","61.0",",,,7","0",",,,7","16.54",",7","23.63",",,,7","9.45",",,,7"
"USC00392927","2016-10","45.03239","-99.12253","481.0","FAULKTON, SD US","361.7","7","2.2",",7","4",",7","1",",7","0",",7","0",",7","0",",7","0",",7","10",",7","0",",7","11",",7","0",",7","","","20161024",",,7","20161031","+,,7","20161031","+,,7","","","20161004",",,7","20161003",",,7","-5.0",",7,24,","0",",,7,31,+","0",",,7,31,+","7.9",",,7,04,","27.2",",7,03,","358.1","7","261.6",",7","11.2",",,,7","0",",,,7","9.97",",7","16.83",",,,7","3.10",",,,7"
"USC00392927","2016-11","45.03239","-99.12253","481.0","FAULKTON, SD US","361.7","7","0.0",",7","5",",7","5",",7","0",",7","5",",7","3",",7","0",",7","19",",7","5",",7","4",",7","0",",7","","","20161121","+,,7","20161118",",,7","20161118",",,7","","","20161128",",,7","20161106",",,7","-11.7",",7,21,+","51",",,7,18,","51",",,7,18,","10.4",",,7,28,","26.1",",7,06,","757.1","7","399.0",",7","22.9",",,,7","114",",,,7","5.03",",7","11.65",",,,7","-1.58",",,,7"
"USC00392927","2016-12","45.03239","-99.12253","481.0","FAULKTON, SD US","361.7","7","0.0",",7","5",",7","3",",7","1",",7","16",",7","3",",7","11",",7","31",",7","22",",7","0",",7","0",",7","","","20161218",",,7","20161219","+,,7","20161211",",,7","","","20161226",",,7","20161205",",,7","-31.7",",7,18,","178",",,7,19,+","102",",,7,11,","25.9",",,7,26,","3.3",",7,05,","1637.0","7","879.9",",7","37.0",",,,7","191",",,,7","-10.05",",7","-5.46",",,,7","-14.64",",,,7"
"USC00392927","2017-01","45.03239","-99.12253","481.0","FAULKTON, SD US","0.0","7","0.0",",7","7",",7","3",",7","0",",7","31",",7","5",",7","11",",7","31",",7","25",",7","0",",7","0",",7","","","20170113",",,7","20170127","+,,7","20170125",",,7","","","20170125",",,7","20170131",",,7","-26.7",",7,13,","152",",,7,27,+","76",",,7,25,","3.8",",,7,25,","4.4",",7,31,","2512.1","7","875.1",",7","13.5",",,,7","215",",,,7","-9.90",",7","-5.53",",,,7","-14.26",",,,7"
"USC00392927","2017-02","45.03239","-99.12253","481.0","FAULKTON, SD US","0.0","7","0.0",",7","2",",7","0",",7","0",",7","14",",7","0",",7","3",",7","22",",7","10",",7","0",",7","0",",7","","","20170208",",,7","20170209","+,,7","20170228",",,7","","","20170228",",,7","20170222","+,,7","-21.1",",7,08,","51",",,7,09,+","13",",,7,28,","1.5",",,7,28,","16.1",",7,22,+","3096.3","7","584.2",",7","2.0",",,,7","13",",,,7","-2.53",",7","2.66",",,,7","-7.72",",,,7"
"USC00392927","2017-03","45.03239","-99.12253","481.0","FAULKTON, SD US","0.0","7","0.0",",7","6",",7","3",",7","0",",7","19",",7","4",",7","3",",7","28",",7","9",",7","0",",7","0",",7","","","20170314",",,7","20170315","+,,7","20170301",",,7","","","20170313",",,7","20170306",",,7","-20.0",",7,14,","203",",,7,15,+","127",",,7,01,","6.9",",,7,13,","18.9",",7,06,","3692.2","7","595.9",",7","19.5",",,,7","331",",,,7","-0.89",",7","4.98",",,,7","-6.75",",,,7"
"USC00392927","2017-04","45.03239","-99.12253","481.0","FAULKTON, SD US","0.0","7","0.0","1,7","6",",7","4",",7","0",",7","0",",7","0",",7","0",",7","21",",7","0","1,7","4","1,7","0","1,7","","","20170411",",,7","20170430","+,,7","20170430","+,,7","","","20170420",",,7","20170409",",1,7","-7.2",",7,11,","0",",,7,30,+","0",",,7,30,+","8.1",",,7,20,","23.9","1,7,09,","4021.1","7","328.9","1,7","28.6",",,,7","0",",,,7","6.97","1,7","14.89","1,,,7","-0.95",",,,7"
"USC00392927","2017-05","45.03239","-99.12253","481.0","FAULKTON, SD US","11.4","7","11.4",",7","9",",7","3",",7","0",",7","0",",7","0",",7","0",",7","1",",7","0",",7","16",",7","0",",7","","","20170501",",,7","20170531","+,,7","20170531","+,,7","","","20170516","+,,7","20170508",",,7","-0.6",",7,01,","0",",,7,31,+","0",",,7,31,+","5.6",",,7,16,+","31.1",",7,08,","4175.7","7","154.6",",7","21.0",",,,7","0",",,,7","13.71",",7","21.04",",,,7","6.39",",,,7"
"USC00392927","2017-06","45.03239","-99.12253","481.0","FAULKTON, SD US","77.9","7","66.5",",7","7",",7","4",",7","2",",7","0",",7","0",",7","0",",7","0",",7","0",",7","28",",7","6",",7","","","20170626",",,7","20170630","+,,7","20170630","+,,7","","","20170613",",,7","20170603",",,7","4.4",",7,26,","0",",,7,30,+","0",",,7,30,+","38.6",",,7,13,","37.2",",7,03,","4200.4","7","24.7",",7","85.8",",,,7","0",",,,7","19.72",",7","28.22",",,,7","11.23",",,,7"
"USC00392927","2017-07","45.03239","-99.12253","481.0","FAULKTON, SD US","220.3","7","142.4",",7","6",",7","5",",7","0",",7","0",",7","0",",7","0",",7","0",",7","0",",7","31",",7","14",",7","","","20170714","+,,7","20170731","+,,7","20170731","+,,7","","","20170722",",,7","20170710",",,7","8.3",",7,14,+","0",",,7,31,+","0",",,7,31,+","13.2",",,7,22,","40.6",",7,10,","4.5","7","4.5",",7","47.3",",,,7","0",",,,7","22.78",",7","31.29",",,,7","14.27",",,,7"
"USC00392927","2017-08","45.03239","-99.12253","481.0","FAULKTON, SD US","255.1","7","34.8",",7","18",",7","7",",7","1",",7","0",",7","0",",7","0",",7","0",",7","0",",7","30",",7","0",",7","","","20170823","+,,7","20170831","+,,7","20170831","+,,7","","","20170826",",,7","20170830","+,,7","7.8",",7,23,+","0",",,7,31,+","0",",,7,31,+","25.7",",,7,26,","30.0",",7,30,+","21.1","7","16.6",",7","88.6",",,,7","0",",,,7","18.92",",7","25.42",",,,7","12.42",",,,7"
"USC00392927","2017-09","45.03239","-99.12253","481.0","FAULKTON, SD US","283.9","7","28.8",",7","11",",7","9",",7","1",",7","0",",7","0",",7","0",",7","0",",7","0",",7","21",",7","2",",7","","","20170917",",,7","20170930","+,,7","20170930","+,,7","","","20170924",",,7","20170913",",,7","2.2",",7,17,","0",",,7,30,+","0",",,7,30,+","37.6",",,7,24,","36.1",",7,13,","115.3","7","94.2",",7","72.2",",,,7","0",",,,7","16.16",",7","24.06",",,,7","8.25",",,,7"
"USC00392927","2017-10","45.03239","-99.12253","481.0","FAULKTON, SD US","283.9","7","0.0",",7","5",",7","1",",7","0",",7","0",",7","0",",7","0",",7","13",",7","0",",7","9",",7","0",",7","","","20171031",",,7","20171031","+,,7","20171030",",,7","","","20171015",",,7","20171018",",,7","-10.0",",7,31,","0",",,7,31,+","0",",T,7,30,","15.0",",,7,15,","25.6",",7,18,","403.5","7","288.2",",7","19.6",",,,7","0",",T,,7","9.04",",7","16.52",",,,7","1.55",",,,7"
"USC00392927","2017-11","45.03239","-99.12253","481.0","FAULKTON, SD US","283.9","7","0.0",",7","2",",7","1",",7","0",",7","0","2,7","0",",7","0",",7","29",",7","7",",7","0",",7","0",",7","1","","20171109",",,7","20171130","+,2,7","20171104",",,7","","","20171104",",,7","20171124",",,7","-15.6",",7,09,","0","2,,7,30,+","8",",,7,04,","2.8",",,7,04,","18.3",",7,24,","958.7","7","555.2",",7","4.3",",,,7","8",",,,7","-0.18",",7","6.30",",,,7","-6.65",",,,7"
"USC00392927","2017-12","45.03239","-99.12253","481.0","FAULKTON, SD US","283.9","7","0.0",",7","5",",7","1",",7","0",",7","8",",7","3",",7","8",",7","31",",7","14",",7","0",",7","0",",7","","","20171231",",,7","20171231","+,,7","20171230",",,7","","","20171230",",,7","20171203",",,7","-33.9",",7,31,","76",",,7,31,+","76",",,7,30,","3.8",",,7,30,","11.7",",7,03,","1733.1","7","774.4",",7","7.4",",,,7","131",",,,7","-6.65",",7","-1.13",",,,7","-12.17",",,,7"
"USC00392927","2018-01","45.03239","-99.12253","481.0","FAULKTON, SD US","0.0","7","0.0",",7","1",",7","0",",7","0",",7","16",",7","1",",7","13",",7","31",",7","16",",7","0",",7","0",",7","1","","20180101",",,7","20180106","+,,7","20180128",",,7","","","20180128",",,7","20180120",",,7","-32.8",",7,01,","76",",,7,06,+","25",",,7,28,","0.5",",,7,28,","8.9",",7,20,","2600.7","7","867.6",",7","0.5",",,,7","25",",,,7","-9.65",",7","-3.51",",,,7","-15.79",",,,7"
"USC00392927","2018-02","45.03239","-99.12253","481.0","FAULKTON, SD US","0.0","7","0.0",",7","8",",7","4",",7","0",",7","25",",7","5",",7","18",",7","28",",7","25",",7","0",",7","0",",7","","","20180210","+,,7","20180226","+,,7","20180220",",,7","","","20180223",",,7","20180201",",,7","-25.0",",7,10,+","254",",,7,26,+","102",",,7,20,","6.4",",,7,23,","6.7",",7,01,","3472.2","7","871.5",",7","19.6",",,,7","318",",,,7","-12.79",",7","-6.66",",,,7","-18.93",",,,7"
"USC00392927","2018-03","45.03239","-99.12253","481.0","FAULKTON, SD US","0.0","7","0.0",",7","7",",7","6",",7","0",",7","24",",7","1",",7","1",",7","31",",7","6",",7","0",",7","0",",7","1","","20180308",",,7","20180306",",,7","20180306",",,7","","","20180305",",,7","20180328",",,7","-18.3",",7,08,","254",",,7,06,","178",",,7,06,","6.6",",,7,05,","13.9",",7,28,","4120.3","7","648.1",",7","28.7",",,,7","196",",,,7","-2.57",",7","2.39",",,,7","-7.54",",,,7"
"USC00392927","2018-04","45.03239","-99.12253","481.0","FAULKTON, SD US","0.0","7","0.0",",7","10",",7","5",",7","0",",7","10",",7","5",",7","0",",7","24",",7","7",",7","2",",7","0",",7","","","20180404",",,7","20180409",",,7","20180414",",,7","","","20180409",",,7","20180430",",,7","-16.1",",7,04,","152",",,7,09,","102",",,7,14,","9.7",",,7,09,","26.1",",7,30,","4634.5","7","514.2",",7","32.3",",,,7","330",",,,7","1.19",",7","7.59",",,,7","-5.20",",,,7"
"USC00392927","2018-05","45.03239","-99.12253","481.0","FAULKTON, SD US","55.9","7","55.9",",7","7",",7","3",",7","0",",7","0",",7","0",",7","0",",7","0",",7","0",",7","25",",7","3",",7","","","20180502","+,,7","20180531","+,,7","20180531","+,,7","","","20180523",",,7","20180528",",,7","2.2",",7,02,+","0",",,7,31,+","0",",,7,31,+","6.6",",,7,23,","36.1",",7,28,","4720.0","7","85.5",",7","19.3",",,,7","0",",,,7","17.38",",7","25.29",",,,7","9.46",",,,7"
"USC00392927","2018-06","45.03239","-99.12253","481.0","FAULKTON, SD US","151.6","7","95.7",",7","14",",7","8",",7","1",",7","0",",7","0",",7","0",",7","0",",7","0",",7","29",",7","4",",7","","","20180613",",,7","20180630","+,,7","20180630","+,,7","","","20180611",",,7","20180606",",,7","8.3",",7,13,","0",",,7,30,+","0",",,7,30,+","40.1",",,7,11,","37.8",",7,06,","4728.1","7","8.1",",7","75.5",",,,7","0",",,,7","21.25",",7","27.71",",,,7","14.80",",,,7"
"USC00392927","2018-07","45.03239","-99.12253","481.0","FAULKTON, SD US","265.7","7","114.1",",7","11",",7","4",",7","2",",7","0",",7","0",",7","0",",7","0",",7","0",",7","31",",7","6",",7","","","20180728","+,,7","20180731","+,,7","20180731","+,,7","","","20180719",",,7","20180712",",,7","8.9",",7,28,+","0",",,7,31,+","0",",,7,31,+","46.0",",,7,19,","36.7",",7,12,","5.5","7","5.5",",7","116.2",",,,7","0",",,,7","21.83",",7","28.68",",,,7","14.99",",,,7"
"USC00392927","2018-08","45.03239","-99.12253","481.0","FAULKTON, SD US","368.8","7","103.1",",7","7",",7","3",",7","0",",7","0",",7","0",",7","0",",7","0",",7","0",",7","28",",7","9",",7","","","20180829",",,7","20180831","+,,7","20180831","+,,7","","","20180824",",,7","20180811",",,7","6.7",",7,29,","0",",,7,31,+","0",",,7,31,+","22.1",",,7,24,","38.9",",7,11,","27.7","7","22.2",",7","33.1",",,,7","0",",,,7","20.94",",7","28.77",",,,7","13.11",",,,7"
"USC00392927","2018-09","45.03239","-99.12253","481.0","FAULKTON, SD US","399.2","7","30.4","1,7","13","1,7","6","1,7","0","1,7","0",",7","0",",7","0","1,7","0","1,7","0","1,7","20","1,7","4","1,7","","","20180929",",1,7","20180930","+,,7","20180930","+,,7","","","20180919",",1,7","20180917",",1,7","1.7","1,7,29,","0",",,7,30,+","0",",,7,30,+","24.1","1,,7,19,","33.9","1,7,17,","126.2","7","98.5","1,7","77.8","1,,,7","0",",,,7","15.98","1,7","23.18","1,,,7","8.79","1,,,7"
"USC00392927","2018-10","45.03239","-99.12253","481.0","FAULKTON, SD US","399.2","7","0.0",",7","9",",7","3",",7","0",",7","1",",7","1",",7","0",",7","17",",7","0",",7","1",",7","0",",7","","","20181024","+,,7","20181010",",,7","20181010",",,7","","","20181010",",,7","20181019",",,7","-7.2",",7,24,+","25",",,7,10,","25",",,7,10,","11.9",",,7,10,","22.2",",7,19,","527.7","7","401.5",",7","32.9",",,,7","25",",,,7","5.38",",7","11.26",",,,7","-0.50",",,,7"
"USC00392927","2018-11","45.03239","-99.12253","481.0","FAULKTON, SD US","399.2","7","0.0",",7","6",",7","3",",7","0",",7","1",",7","1",",7","2",",7","26",",7","15",",7","0",",7","0",",7","4","","20181118","+,,7","20181117",",,7","20181117",",,7","","","20181104",",,7","20181115",",,7","-18.3",",7,18,+","25",",,7,17,","25",",,7,17,","4.1",",,7,04,","15.0",",7,15,","1177.8","7","650.1",",7","14.4",",,,7","38",",,,7","-3.34",",7","1.25",",,,7","-7.93",",,,7"
"USC00392927","2018-12","45.03239","-99.12253","481.0","FAULKTON, SD US","399.2","7","0.0",",7","6",",7","2",",7","0",",7","5",",7","3",",7","2",",7","31",",7","12",",7","0",",7","0",",7","1","","20181229",",,7","20181231","+,,7","20181227",",,7","","","20181227",",,7","20181219",",,7","-23.3",",7,29,","152",",,7,31,+","114",",,7,27,","9.4",",,7,27,","12.2",",7,19,","1870.9","7","693.1",",7","20.9",",,,7","190",",,,7","-4.02",",7","1.39",",,,7","-9.44",",,,7"
"USC00392927","2019-01","45.03239","-99.12253","481.0","FAULKTON, SD US","0.0","7","0.0",",7","7",",7","2",",7","0",",7","31",",7","4",",7","14",",7","31",",7","24",",7","0",",7","0",",7","1","","20190130",",,7","20190131","+,,7","20190119","+,,7","","","20190128",",,7","20190105",",,7","-33.9",",7,30,","229",",,7,31,+","38",",,7,19,+","3.6",",,7,28,","5.6",",7,05,","2780.6","7","909.7",",7","12.0",",,,7","152",",,,7","-11.01",",7","-6.06",",,,7","-15.97",",,,7"
"USC00392927","2019-02","45.03239","-99.12253","481.0","FAULKTON, SD US","0.0","7","0.0",",7","12",",7","3",",7","0",",7","28",",7","4",",7","24",",7","28",",7","27",",7","0",",7","0",",7","","","20190209","+,,7","20190228","+,,7","20190223",",,7","","","20190223",",,7","20190202",",,7","-28.9",",7,09,+","432",",,7,28,+","76",",,7,23,","5.1",",,7,23,","2.8",",7,02,","3781.4","7","1000.8",",7","20.0",",,,7","277",",,,7","-17.41",",7","-13.27",",,,7","-21.55",",,,7"
"USC00392927","2019-03","45.03239","-99.12253","481.0","FAULKTON, SD US","0.0","7","0.0",",7","7",",7","4",",7","0",",7","27",",7","5",",7","4",",7","31",",7","16",",7","0",",7","0",",7","","","20190303",",,7","20190316","+,,7","20190314",",,7","","","20190314",",,7","20190330",",,7","-28.3",",7,03,","762",",,7,16,+","127",",,7,14,","10.7",",,7,14,","10.0",",7,30,","4535.3","7","753.9",",7","26.2",",,,7","343",",,,7","-5.99",",7","-1.33",",,,7","-10.65",",,,7"
"USC00392927","2019-04","45.03239","-99.12253","481.0","FAULKTON, SD US","0.8","7","0.8",",7","12",",7","6",",7","0",",7","12",",7","3",",7","0",",7","15",",7","3",",7","5",",7","0",",7","1","","20190414",",,7","20190413","+,,7","20190410",",,7","","","20190427",",,7","20190421",",,7","-7.8",",7,14,","406",",,7,13,+","152",",,7,10,","16.0",",,7,27,","30.0",",7,21,","4891.9","7","356.6",",7","49.9",",,,7","419",",,,7","6.47",",7","12.20",",,,7","0.75",",,,7"
"USC00392927","2019-05","45.03239","-99.12253","481.0","FAULKTON, SD US","7.3","7","6.5",",7","17",",7","9",",7","2",",7","0",",7","0",",7","0",",7","4",",7","0",",7","8",",7","0",",7","","","20190510","+,,7","20190531","+,,7","20190531","+,,7","","","20190518",",,7","20190531",",,7","-1.7",",7,10,+","0",",,7,31,+","0",",,7,31,+","29.5",",,7,18,","30.6",",7,31,","5143.9","7","252.0",",7","109.8",",,,7","0",",,,7","10.41",",7","15.66",",,,7","5.16",",,,7"
"USC00392927","2019-06","45.03239","-99.12253","481.0","FAULKTON, SD US","72.8","7","65.5",",7","12",",7","8",",7","0",",7","0",",7","0",",7","0",",7","0",",7","0",",7","27",",7","3",",7","","","20190610",",,7","20190630","+,,7","20190630","+,,7","","","20190626",",,7","20190630",",,7","7.8",",7,10,","0",",,7,30,+","0",",,7,30,+","17.8",",,7,26,","37.8",",7,30,","5165.8","7","21.9",",7","67.4",",,,7","0",",,,7","19.79",",7","26.15",",,,7","13.42",",,,7"
"USC00392927","2019-07","45.03239","-99.12253","481.0","FAULKTON, SD US","200.9","7","128.1","1,7","16","1,7","10","1,7","1","1,7","0",",7","0",",7","0","1,7","0","1,7","0","1,7","30","1,7","3","1,7","","","20190722",",1,7","20190731","+,,7","20190731","+,,7","","","20190701",",1,7","20190716",",1,7","12.2","1,7,22,","0",",,7,31,+","0",",,7,31,+","51.6","1,,7,01,","32.8","1,7,16,","1.1","7","1.1","1,7","145.9","1,,,7","0",",,,7","22.57","1,7","28.43","1,,,7","16.70","1,,,7"
"USC00392927","2019-08","45.03239","-99.12253","481.0","FAULKTON, SD US","256.6","7","55.7",",7","14",",7","9",",7","2",",7","0",",7","0",",7","0",",7","0",",7","0",",7","29",",7","0",",7","","","20190830",",,7","20190831","+,,7","20190831","+,,7","","","20190803",",,7","20190807",",,7","8.9",",7,30,","0",",,7,31,+","0",",,7,31,+","28.2",",,7,03,","31.1",",7,07,","13.1","7","12.0",",7","121.2",",,,7","0",",,,7","19.74",",7","25.03",",,,7","14.45",",,,7"
"USC00392927","2019-09","45.03239","-99.12253","481.0","FAULKTON, SD US","274.2","7","17.6","1,7","13",",7","7",",7","2",",7","0",",7","0",",7","0","1,7","0","1,7","0",",7","19",",7","0",",7","","","20190928",",1,7","20190930","+,,7","20190930","+,,7","","","20190909",",,7","20190918","+,,7","1.7","1,7,28,","0",",,7,30,+","0",",,7,30,+","41.9",",,7,09,","30.0",",7,18,+","87.8","7","74.7",",7","113.3",",,,7","0",",,,7","16.40","1,7","22.39",",,,7","10.40","1,,,7"
"USC00392927","2019-10","45.03239","-99.12253","481.0","FAULKTON, SD US","274.2","7","0.0",",7","10",",7","4",",7","0",",7","3",",7","1",",7","0",",7","20",",7","3",",7","0",",7","0",",7","","","20191031",",,7","20191012","+,,7","20191011",",,7","","","20191021",",,7","20191009",",,7","-10.0",",7,31,","51",",,7,12,+","51",",,7,11,","12.7",",,7,21,","20.6",",7,09,","535.4","7","447.6",",7","38.3",",,,7","69",",,,7","3.89",",7","9.03",",,,7","-1.25",",,,7"
"USC00392927","2019-11","45.03239","-99.12253","481.0","FAULKTON, SD US","274.2","7","0.0",",7","8",",7","2",",7","0",",7","5",",7","2",",7","1",",7","28",",7","10",",7","0",",7","0",",7","","","20191112",",,7","20191130",",,7","20191130",",,7","","","20191130",",,7","20191125",",,7","-18.9",",7,12,","203",",,7,30,","203",",,7,30,","16.0",",,7,30,","13.9",",7,25,","1124.8","7","589.4",",7","24.7",",,,7","259",",,,7","-1.32",",7","3.85",",,,7","-6.48",",,,7"
"USC00392927","2019-12","45.03239","-99.12253","481.0","FAULKTON, SD US","274.2","7","0.0",",7","7",",7","4",",7","0",",7","31",",7","4",",7","6",",7","31",",7","24",",7","0",",7","0",",7","","","20191211",",,7","20191201",",,7","20191201",",,7","","","20191230",",,7","20191223","+,,7","-27.8",",7,11,","279",",,7,01,","76",",,7,01,","3.8",",,7,30,","5.0",",7,23,+","1917.5","7","792.7",",7","15.3",",,,7","216",",,,7","-7.24",",7","-2.66",",,,7","-11.81",",,,7"
"USC00392927","2020-01","45.03239","-99.12253","481.0","FAULKTON, SD US","0.0","7","0.0",",7","5",",7","3",",7","0",",7","31",",7","3",",7","11",",7","31",",7","23",",7","0",",7","0",",7","1","","20200111",",,7","20200121","+,,7","20200118",",,7","","","20200118",",,7","20200105",",,7","-30.0",",7,11,","203",",,7,21,+","102",",,7,18,","7.6",",,7,18,","5.0",",7,05,","2784.7","7","867.2",",7","13.7",",,,7","217",",,,7","-9.64",",7","-5.11",",,,7","-14.17",",,,7"
"USC00392927","2020-02","45.03239","-99.12253","481.0","FAULKTON, SD US","0.0","7","0.0",",7","3",",7","1",",7","0",",7","29",",7","1",",7","5",",7","29",",7","17",",7","0",",7","0",",7","","","20200213",",,7","20200209","+,,7","20200209",",,7","","","20200209",",,7","20200202",",,7","-27.2",",7,13,","178",",,7,09,+","102",",,7,09,","5.3",",,7,09,","6.7",",7,02,","3521.1","7","736.4",",7","6.9",",,,7","120",",,,7","-7.06",",7","-1.80",",,,7","-12.32",",,,7"
"USC00392927","2020-03","45.03239","-99.12253","481.0","FAULKTON, SD US","0.0","7","0.0",",7","6",",7","2",",7","0",",7","7",",7","1",",7","0",",7","30",",7","5",",7","0",",7","0",",7","","","20200321","+,,7","20200302","+,,7","20200326",",,7","","","20200326",",,7","20200325",",,7","-12.2",",7,21,+","76",",,7,02,+","38",",,7,26,","5.6",",,7,26,","18.3",",7,25,","4070.3","7","549.2",",7","12.2",",,,7","72",",,,7","0.62",",7","5.90",",,,7","-4.66",",,,7"
"USC00392927","2020-04","45.03239","-99.12253","481.0","FAULKTON, SD US","0.0","7","0.0",",7","6",",7","0",",7","0",",7","0",",7","0",",7","0",",7","19",",7","3",",7","6",",7","0",",7","","","20200404",",,7","20200430","+,,7","20200403",",,7","","","20200428","+,,7","20200423","+,,7","-10.6",",7,04,","0",",,7,30,+","13",",,7,03,","1.8",",,7,28,+","24.4",",7,23,+","4459.5","7","389.2",",7","6.2",",,,7","13",",,,7","5.36",",7","12.52",",,,7","-1.80",",,,7"
"USC00392927","2020-05","45.03239","-99.12253","481.0","FAULKTON, SD US","4.5","7","4.5",",7","10",",7","4",",7","1",",7","0",",7","0",",7","0",",7","3",",7","0",",7","12",",7","0",",7","1","","20200511","+,,7","20200531","+,,7","20200531","+,,7","","","20200505",",,7","20200528",",,7","-1.7",",7,11,+","0",",,7,31,+","0",",,7,31,+","37.1",",,7,05,","29.4",",7,28,","4645.9","7","186.4",",7","76.9",",,,7","0",",,,7","12.46",",7","18.10",",,,7","6.83",",,,7"
"USC00392927","2020-06","45.03239","-99.12253","481.0","FAULKTON, SD US","111.8","7","107.3",",7","11",",7","7",",7","2",",7","0",",7","0",",7","0",",7","0",",7","0",",7","29",",7","4",",7","","","20200619","+,,7","20200630","+,,7","20200630","+,,7","","","20200608",",,7","20200608",",,7","10.0",",7,19,+","0",",,7,30,+","0",",,7,30,+","36.8",",,7,08,","34.4",",7,08,","4655.6","7","9.7",",7","98.1",",,,7","0",",,,7","21.59",",7","27.72",",,,7","15.45",",,,7"
"USC00392927","2020-07","45.03239","-99.12253","481.0","FAULKTON, SD US","255.3","7","143.5",",7","11",",7","9",",7","0",",7","0",",7","0",",7","0",",7","0",",7","0",",7","31",",7","3",",7","","","20200722","+,,7","20200731","+,,7","20200731","+,,7","","","20200721","+,,7","20200726","+,,7","13.3",",7,22,+","0",",,7,31,+","0",",,7,31,+","10.2",",,7,21,+","33.3",",7,26,+","0.0","7","0.0",",7","59.9",",,,7","0",",,,7","22.96",",7","29.46",",,,7","16.46",",,,7"
"USC00392927","2020-08","45.03239","-99.12253","481.0","FAULKTON, SD US","382.4","7","127.1",",7","10",",7","6",",7","0",",7","0",",7","0",",7","0",",7","0",",7","0",",7","31",",7","7",",7","4","","20200831",",,7","20200831","+,,7","20200831","+,,7","","","20200812",",,7","20200823",",,7","8.9",",7,31,","0",",,7,31,+","0",",,7,31,+","17.8",",,7,12,","35.0",",7,23,","2.5","7","2.5",",7","72.0",",,,7","0",",,,7","22.35",",7","29.34",",,,7","15.36",",,,7"
"USC00392927","2020-09","45.03239","-99.12253","481.0","FAULKTON, SD US","390.5","7","8.1",",7","4",",7","2",",7","0",",7","0",",7","0",",7","0",",7","0",",7","0",",7","18",",7","0",",7","","","20200909",",,7","20200930","+,,7","20200930","+,,7","","","20200908",",,7","20200903",",,7","0.6",",7,09,","0",",,7,30,+","0",",,7,30,+","14.0",",,7,08,","31.7",",7,03,","114.9","7","112.4",",7","19.9",",,,7","0",",,,7","14.86",",7","22.06",",,,7","7.65",",,,7"
"USC00392927","2020-10","45.03239","-99.12253","481.0","FAULKTON, SD US","390.5","7","0.0","1,7","6","1,7","4","1,7","0","1,7","10","1,7","4","1,7","0","1,7","20","1,7","6","1,7","7","1,7","0","1,7","","","20201027",",1,7","20201026","+,1,7","20201022",",1,7","","","20201022",",1,7","20201007",",1,7","-16.7","1,7,27,","229","1,,7,26,+","203","1,,7,22,","13.7","1,,7,22,","28.3","1,7,07,","536.2","7","421.3","1,7","29.5","1,,,7","407","1,,,7","4.29","1,7","11.11","1,,,7","-2.53","1,,,7"
"USC00392927","2020-11","45.03239","-99.12253","481.0","FAULKTON, SD US","390.5","7","0.0",",7","1",",7","0",",7","0",",7","1",",7","1",",7","0",",7","23",",7","4",",7","4",",7","0",",7","","","20201125",",,7","20201109",",,7","20201109",",,7","","","20201109",",,7","20201107",",,7","-11.7",",7,25,","25",",,7,09,","25",",,7,09,","1.3",",,7,09,","24.4",",7,07,","993.3","7","457.1",",7","1.3",",,,7","25",",,,7","3.10",",7","10.13",",,,7","-3.94",",,,7"
"USC00392927","2020-12","45.03239","-99.12253","481.0","FAULKTON, SD US","390.5","7","0.0",",7","3",",7","1",",7","0",",7","3",",7","2",",7","2",",7","31",",7","12",",7","0",",7","0",",7","2","","20201225",",,7","20201231","+,,7","20201230",",,7","","","20201230",",,7","20201223",",,7","-18.9",",7,25,","76",",,7,31,+","76",",,7,30,","5.8",",,7,30,","15.6",",7,23,","1655.4","7","662.1",",7","7.4",",,,7","114",",,,7","-3.03",",7","3.06",",,,7","-9.11",",,,7"
"USC00392927","2021-01","45.03239","-99.12253","481.0","FAULKTON, SD US","0.0","7","0.0",",7","5",",7","1",",7","0",",7","15",",7","1",",7","2",",7","31",",7","15",",7","0",",7","0",",7","1","","20210124",",,7","20210101",",,7","20210124",",,7","","","20210124",",,7","20210114",",,7","-20.0",",7,24,","76",",,7,01,","64",",,7,24,","4.8",",,7,24,","11.1",",7,14,","2334.5","7","679.1",",7","7.1",",,,7","87",",,,7","-3.57",",7","0.25",",,,7","-7.40",",,,7"
"USC00392927","2021-02","45.03239","-99.12253","481.0","FAULKTON, SD US","0.0","7","0.0",",7","3",",7","0",",7","0",",7","20",",7","0",",7","14",",7","28",",7","20",",7","0",",7","0",",7","3","","20210214",",,7","20210201",",,7","20210217","+,,7","","","20210221",",,7","20210223",",,7","-33.3",",7,14,","51",",,7,01,","13",",,7,17,+","1.0",",,7,21,","13.9",",7,23,","3184.2","7","849.7",",7","2.1",",,,7","26",",,,7","-12.01",",7","-6.21",",,,7","-17.82",",,,7"
"USC00392927","2021-03","45.03239","-99.12253","481.0","FAULKTON, SD US","0.0","7","0.0",",7","4",",7","3",",7","0",",7","6",",7","2",",7","0",",7","30",",7","1",",7","1",",7","0",",7","2","","20210302","+,,7","20210315",",,7","20210315","+,,7","","","20210315",",,7","20210330",",,7","-12.8",",7,02,+","127",",,7,15,","127",",,7,15,+","9.4",",,7,15,","26.7",",7,30,","3641.8","7","457.6",",7","18.1",",,,7","254",",,,7","3.57",",7","11.42",",,,7","-4.27",",,,7"
"USC00392927","2021-04","45.03239","-99.12253","481.0","FAULKTON, SD US","0.0","7","0.0",",7","8",",7","3",",7","0",",7","0",",7","0",",7","0",",7","18",",7","0",",7","6",",7","0",",7","","","20210420",",,7","20210430","+,,7","20210430","+,,7","","","20210407",",,7","20210405",",,7","-8.9",",7,20,","0",",,7,30,+","0",",,7,30,+","12.7",",,7,07,","26.1",",7,05,","4012.4","7","370.6",",7","28.6",",,,7","0",",,,7","5.98",",7","13.16",",,,7","-1.20",",,,7"
"USC00392927","2021-05","45.03239","-99.12253","481.0","FAULKTON, SD US","16.9","7","16.9",",7","9",",7","4",",7","0",",7","0",",7","0",",7","0",",7","6",",7","0",",7","16",",7","0",",7","","","20210504",",,7","20210531","+,,7","20210531","+,,7","","","20210509",",,7","20210524","+,,7","-4.4",",7,04,","0",",,7,31,+","0",",,7,31,+","16.3",",,7,09,","29.4",",7,24,+","4195.0","7","182.6",",7","49.4",",,,7","0",",,,7","12.99",",7","20.05",",,,7","5.93",",,,7"
"USC00392927","2021-06","45.03239","-99.12253","481.0","FAULKTON, SD US","154.7","7","137.8",",7","4",",7","1",",7","0",",7","0",",7","0",",7","0",",7","0",",7","0",",7","30",",7","12",",7","","","20210621",",,7","20210630","+,,7","20210630","+,,7","","","20210611",",,7","20210606",",,7","6.1",",7,21,","0",",,7,30,+","0",",,7,30,+","16.5",",,7,11,","38.9",",7,06,","4200.8","7","5.8",",7","20.3",",,,7","0",",,,7","22.73",",7","30.86",",,,7","14.61",",,,7"
"USC00392927","2021-07","45.03239","-99.12253","481.0","FAULKTON, SD US","316.6","7","161.9",",7","12",",7","6",",7","0",",7","0",",7","0",",7","0",",7","0",",7","0",",7","30",",7","15",",7","","","20210708",",,7","20210731","+,,7","20210731","+,,7","","","20210706",",,7","20210729","+,,7","11.1",",7,08,","0",",,7,31,+","0",",,7,31,+","16.5",",,7,06,","36.7",",7,29,+","3.6","7","3.6",",7","47.4",",,,7","0",",,,7","23.44",",7","30.45",",,,7","16.43",",,,7"
"USC00392927","2021-08","45.03239","-99.12253","481.0","FAULKTON, SD US","450.4","7","133.8",",7","10",",7","6",",7","1",",7","0",",7","0",",7","0",",7","0",",7","0",",7","31",",7","12",",7","","","20210813",",,7","20210831","+,,7","20210831","+,,7","","","20210827",",,7","20210818",",,7","8.3",",7,13,","0",",,7,31,+","0",",,7,31,+","25.4",",,7,27,","36.7",",7,18,","3.9","7","0.3",",7","94.3",",,,7","0",",,,7","22.64",",7","30.53",",,,7","14.75",",,,7"
"USC00392927","2021-09","45.03239","-99.12253","481.0","FAULKTON, SD US","478.6","7","28.2",",7","8",",7","5",",7","2",",7","0",",7","0",",7","0",",7","0",",7","0",",7","25",",7","2",",7","","","20210926",",,7","20210930","+,,7","20210930","+,,7","","","20210914",",,7","20210929",",,7","3.3",",7,26,","0",",,7,30,+","0",",,7,30,+","27.7",",,7,14,","32.8",",7,29,","52.4","7","48.5",",7","99.9",",,,7","0",",,,7","17.66",",7","25.25",",,,7","10.06",",,,7"
"USC00392927","2021-10","45.03239","-99.12253","481.0","FAULKTON, SD US","479.4","7","0.8",",7","15",",7","8",",7","0",",7","0",",7","0",",7","0",",7","9",",7","0",",7","9",",7","0",",7","","","20211022","+,,7","20211031","+,,7","20211031","+,,7","","","20211014",",,7","20211005",",,7","-3.3",",7,22,+","0",",,7,31,+","0",",,7,31,+","21.1",",,7,14,","28.9",",7,05,","310.5","7","258.1",",7","82.2",",,,7","0",",,,7","10.04",",7","16.39",",,,7","3.68",",,,7"
"USC00392927","2021-11","45.03239","-99.12253","481.0","FAULKTON, SD US","479.4","7","0.0",",7","2",",7","1",",7","0",",7","0",",7","0",",7","0",",7","24",",7","1",",7","0",",7","0",",7","","","20211125",",,7","20211130","+,,7","20211112",",,7","","","20211111",",,7","20211107",",,7","-16.1",",7,25,","0",",,7,30,+","0",",T,7,12,","5.8",",,7,11,","20.0",",7,07,","789.6","7","479.1",",7","7.8",",,,7","0",",T,,7","2.36",",7","9.19",",,,7","-4.46",",,,7"
"USC00392927","2021-12","45.03239","-99.12253","481.0","FAULKTON, SD US","479.4","7","0.0",",7","6",",7","0",",7","0",",7","9",",7","3",",7","7",",7","29",",7","13",",7","0",",7","0",",7","1","","20211229",",,7","20211230","+,,7","20211229","+,,7","","","20211205",",,7","20211202",",,7","-24.4",",7,29,","51",",,7,30,+","25",",,7,29,+","1.5",",,7,05,","20.0",",7,02,","1511.2","7","721.6",",7","5.6",",,,7","106",",,,7","-4.94",",7","0.74",",,,7","-10.63",",,,7"
"USC00392927","2022-01","45.03239","-99.12253","481.0","FAULKTON, SD US","0.0","7","0.0",",7","4",",7","0",",7","0",",7","14",",7","2",",7","16",",7","31",",7","19",",7","0",",7","0",",7","","","20220107","+,,7","20220116","+,,7","20220115","+,,7","","","20220114",",,7","20220118",",,7","-27.8",",7,07,+","51",",,7,16,+","25",",,7,15,+","1.8",",,7,14,","9.4",",7,18,","2360.4","7","849.2",",7","4.6",",,,7","50",",,,7","-9.06",",7","-2.15",",,,7","-15.97",",,,7"
"USC00392927","2022-02","45.03239","-99.12253","481.0","FAULKTON, SD US","0.0","7","0.0",",7","6",",7","2",",7","0",",7","8",",7","3",",7","16",",7","28",",7","14",",7","0",",7","0",",7","","","20220223",",,7","20220225","+,,7","20220222","+,,7","","","20220222",",,7","20220208",",,7","-26.7",",7,23,","178",",,7,25,+","76",",,7,22,+","4.1",",,7,22,","14.4",",7,08,","3130.8","7","770.4",",7","10.2",",,,7","177",",,,7","-9.18",",7","-1.41",",,,7","-16.96",",,,7"
"USC00392927","2022-03","45.03239","-99.12253","481.0","FAULKTON, SD US","0.0","7","0.0",",7","2",",7","2",",7","0",",7","7",",7","2",",7","1",",7","30",",7","9",",7","1",",7","0",",7","1","","20220311",",,7","20220330",",,7","20220330",",,7","","","20220330",",,7","20220321",",,7","-18.9",",7,11,","51",",,7,30,","51",",,7,30,","10.2",",,7,30,","22.8",",7,21,","3707.2","7","576.4",",7","13.2",",,,7","81",",,,7","-0.26",",7","7.02",",,,7","-7.54",",,,7"
"USC00392927","2022-04","45.03239","-99.12253","481.0","FAULKTON, SD US","0.0","7","0.0",",7","","","","","","","","","","","0",",7","22",",7","3",",7","1",",7","0",",7","1","","20220416",",,7","","","","","1","","","","20220423",",,7","-8.9",",7,16,","","","","","","","21.7",",7,23,","4141.4","7","434.2",",7","","","","","3.86",",7","9.91",",,,7","-2.19",",,,7"
"USC00392927","2022-05","45.03239","-99.12253","481.0","FAULKTON, SD US","8.9","7","8.9","1,7","14",",7","9",",7","0",",7","0",",7","0",",7","0","1,7","1","1,7","0","1,7","16","1,7","0","1,7","","","20220502",",1,7","20220531","+,,7","20220531","+,,7","4","","20220509",",,7","20220529",",1,7","-1.1","1,7,02,","0",",,7,31,+","0",",,7,31,+","24.1",",,7,09,","30.0","1,7,29,","4288.3","7","146.9","1,7","131.8",",,,7","0",",,,7","13.73","1,7","19.95","1,,,7","7.52","1,,,7"
"USC00392927","2022-06","45.03239","-99.12253","481.0","FAULKTON, SD US","105.4","7","96.5",",7","11",",7","8",",7","0",",7","0",",7","0",",7","0",",7","0",",7","0",",7","27",",7","7",",7","1","","20220601",",,7","20220630","+,,7","20220630","+,,7","2","","20220621",",,7","20220630","+,,7","6.7",",7,01,","0",",,7,30,+","0",",,7,30,+","23.4",",,7,21,","37.2",",7,30,+","4318.3","7","30.0",",7","50.5",",,,7","0",",,,7","20.55",",7","27.15",",,,7","13.95",",,,7"
"USC00392927","2022-07","45.03239","-99.12253","481.0","FAULKTON, SD US","257.8","7","152.4",",7","8",",7","6",",7","1",",7","0",",7","0",",7","0",",7","0",",7","0",",7","31",",7","7",",7","2","","20220729",",,7","20220731","+,,7","20220731","+,,7","3","","20220708",",,7","20220719",",,7","10.6",",7,29,","0",",,7,31,+","0",",,7,31,+","63.5",",,7,08,","37.8",",7,19,","0.5","7","0.5",",7","108.1",",,,7","0",",,,7","23.23",",7","29.95",",,,7","16.51",",,,7"
"USC00392927","2022-08","45.03239","-99.12253","481.0","FAULKTON, SD US","376.0","7","118.2",",7","9",",7","5",",7","1",",7","0",",7","0",",7","0",",7","0",",7","0",",7","30",",7","7",",7","3","","20220808",",,7","20220831","+,,7","20220831","+,,7","1","","20220806",",,7","20220803",",,7","11.1",",7,08,","0",",,7,31,+","0",",,7,31,+","47.0",",,7,06,","39.4",",7,03,","5.0","7","4.5",",7","79.2",",,,7","0",",,,7","22.00",",7","29.17",",,,7","14.84",",,,7"
"USC00392927","2022-09","45.03239","-99.12253","481.0","FAULKTON, SD US","421.6","7","45.6",",7","3",",7","0",",7","0",",7","0",",7","0",",7","0",",7","1",",7","0",",7","26",",7","6",",7","3","","20220928",",,7","20220930","+,,7","20220930","+,,7","","","20220909",",,7","20220902",",,7","0.0",",7,28,","0",",,7,30,+","0",",,7,30,+","1.8",",,7,09,","36.7",",7,02,","58.6","7","53.6",",7","2.8",",,,7","0",",,,7","18.07",",7","26.94",",,,7","9.20",",,,7"
"USC00392927","2022-10","45.03239","-99.12253","481.0","FAULKTON, SD US","423.1","7","1.5",",7","5",",7","1",",7","0",",7","0",",7","0",",7","0",",7","14",",7","0",",7","11",",7","0",",7","","","20221018",",,7","20221031","+,,7","20221031","+,,7","","","20221005",",,7","20221002",",,7","-9.4",",7,18,","0",",,7,31,+","0",",,7,31,+","11.4",",,7,05,","27.8",",7,02,","350.1","7","291.5",",7","15.2",",,,7","0",",,,7","8.98",",7","17.10",",,,7","0.86",",,,7"
"USC00392927","2022-11","45.03239","-99.12253","481.0","FAULKTON, SD US","423.1","7","0.0",",7","5",",7","2",",7","0",",7","8",",7","1",",7","0",",7","28",",7","13",",7","3",",7","0",",7","","","20221112",",,7","20221123","+,,7","20221116",",,7","","","20221110",",,7","20221103","+,,7","-17.2",",7,12,","25",",,7,23,+","25",",,7,16,","11.9",",,7,10,","22.8",",7,03,+","961.4","7","611.3",",7","18.8",",,,7","28",",,,7","-2.05",",7","3.71",",,,7","-7.80",",,,7"
"USC00392927","2022-12","45.03239","-99.12253","481.0","FAULKTON, SD US","423.1","7","0.0",",7","9",",7","5",",7","0",",7","29","2,7","9",",7","13",",7","31",",7","26",",7","0",",7","0",",7","5","","20221223",",,7","20221228","+,2,7","20221214",",,7","","","20221215",",,7","20221205","+,,7","-28.9",",7,23,","610","2,,7,28,+","178",",,7,14,","17.8",",,7,15,","5.6",",7,05,+","1888.1","7","926.7",",7","54.5",",,,7","686",",,,7","-11.56",",7","-6.92",",,,7","-16.20",",,,7"
"USC00392927","2023-01","45.03239","-99.12253","481.0","FAULKTON, SD US","0.0","7","0.0",",7","4",",7","3",",7","0",",7","31",",7","4",",7","6",",7","31",",7","24",",7","0",",7","0",",7","4","","20230130",",,7","20230131","+,,7","20230119","+,,7","","","20230119",",,7","20230116",",,7","-28.9",",7,30,","660",",,7,31,+","51",",,7,19,+","4.6",",,7,19,","6.1",",7,16,","2737.4","7","849.3",",7","12.2",",,,7","152",",,,7","-9.06",",7","-4.21",",,,7","-13.92",",,,7"
"USC00392927","2023-02","45.03239","-99.12253","481.0","FAULKTON, SD US","0.0","7","0.0",",7","2",",7","2",",7","0",",7","28",",7","2",",7","8",",7","28",",7","14",",7","0",",7","0",",7","","","20230224",",,7","20230204","+,,7","20230222",",,7","","","20230222",",,7","20230214",",,7","-27.8",",7,24,","660",",,7,04,+","127",",,7,22,","8.9",",,7,22,","8.9",",7,14,","3453.1","7","715.7",",7","16.5",",,,7","203",",,,7","-7.23",",7","-1.91",",,,7","-12.54",",,,7"
"USC00392927","2023-03","45.03239","-99.12253","481.0","FAULKTON, SD US","0.0","7","0.0",",7","8",",7","7",",7","0",",7","31",",7","8",",7","3",",7","31",",7","23",",7","0",",7","0",",7","3","","20230302",",,7","20230314","+,,7","20230322","+,,7","","","20230306",",,7","20230320",",,7","-18.9",",7,02,","762",",,7,14,+","76",",,7,22,+","7.6",",,7,06,","5.6",",7,20,","4248.8","7","795.7",",7","42.1",",,,7","456",",,,7","-7.33",",7","-2.24",",,,7","-12.43",",,,7"
"USC00392927","2023-04","45.03239","-99.12253","481.0","FAULKTON, SD US","0.0","7","0.0",",7","9",",7","7",",7","1",",7","13",",7","3",",7","0",",7","19",",7","4",",7","2",",7","0",",7","1","","20230407",",,7","20230407","+,,7","20230401",",,7","","","20230401",",,7","20230427",",,7","-14.4",",7,07,","1016",",,7,07,+","356",",,7,01,","27.9",",,7,01,","22.2",",7,27,","4711.4","7","462.6",",7","79.0",",,,7","610",",,,7","2.91",",7","8.87",",,,7","-3.05",",,,7"
"USC00392927","2023-05","45.03239","-99.12253","481.0","FAULKTON, SD US","29.7","7","29.7",",7","8",",7","5",",7","1",",7","0",",7","0",",7","0",",7","2",",7","0",",7","23",",7","0",",7","3","","20230502",",,7","20230531","+,,7","20230531","+,,7","","","20230507",",,7","20230531","+,,7","-1.1",",7,02,","0",",,7,31,+","0",",,7,31,+","34.0",",,7,07,","31.1",",7,31,+","4790.0","7","78.6",",7","71.1",",,,7","0",",,,7","16.75",",7","24.28",",,,7","9.22",",,,7"
"USC00392927","2023-06","45.03239","-99.12253","481.0","FAULKTON, SD US","158.4","7","128.7",",7","12",",7","9",",7","3",",7","0",",7","0",",7","0",",7","0",",7","0",",7","30",",7","10",",7","4","","20230612",",,7","20230630","+,,7","20230630","+,,7","1","","20230624",",,7","20230620",",,7","10.0",",7,12,","0",",,7,30,+","0",",,7,30,+","48.3",",,7,24,","40.6",",7,20,","4793.1","7","3.1",",7","149.4",",,,7","0",",,,7","22.52",",7","29.83",",,,7","15.21",",,,7"
"USC00392927","2023-07","45.03239","-99.12253","481.0","FAULKTON, SD US","265.5","7","107.1",",7","7",",7","4",",7","0",",7","0",",7","0",",7","0",",7","0",",7","0",",7","30",",7","6",",7","","","20230717","+,,7","20230731","+,,7","20230731","+,,7","","","20230708",",,7","20230727",",,7","10.0",",7,17,+","0",",,7,31,+","0",",,7,31,+","22.4",",,7,08,","37.8",",7,27,","7.5","7","7.5",",7","50.2",",,,7","0",",,,7","21.55",",7","28.52",",,,7","14.58",",,,7"
"USC00392927","2023-08","45.03239","-99.12253","481.0","FAULKTON, SD US","373.5","7","108.0",",7","4",",7","3",",7","2",",7","0",",7","0",",7","0",",7","0",",7","0",",7","30",",7","6",",7","6","","20230827",",,7","20230831","+,,7","20230831","+,,7","","","20230806",",,7","20230823",",,7","10.6",",7,27,","0",",,7,31,+","0",",,7,31,+","86.4",",,7,06,","35.6",",7,23,","12.5","7","5.0",",7","145.9",",,,7","0",",,,7","21.65",",7","28.64",",,,7","14.67",",,,7"
"USC00392927","2023-09","45.03239","-99.12253","481.0","FAULKTON, SD US","416.6","7","43.1",",7","11",",7","5",",7","0",",7","0",",7","0",",7","0",",7","0",",7","0",",7","25",",7","4",",7","6","","20230917",",,7","20230930","+,,7","20230930","+,,7","","","20230924",",,7","20230905",",,7","4.4",",7,17,","0",",,7,30,+","0",",,7,30,+","20.8",",,7,24,","36.7",",7,05,","66.6","7","54.1",",7","69.1",",,,7","0",",,,7","17.97",",7","25.13",",,,7","10.80",",,,7"
"USC00392927","2023-10","45.03239","-99.12253","481.0","FAULKTON, SD US","426.6","7","10.0",",7","7",",7","4",",7","1",",7","4",",7","1",",7","0",",7","10",",7","3",",7","8",",7","1",",7","1","","20231031",",,7","20231030","+,,7","20231027",",,7","","","20231013",",,7","20231002",",,7","-11.1",",7,31,","25",",,7,30,+","25",",,7,27,","37.3",",,7,13,","32.2",",7,02,","376.3","7","309.7",",7","55.4",",,,7","25",",,,7","8.66",",7","15.11",",,,7","2.22",",,,7"
"USC00392927","2023-11","45.03239","-99.12253","481.0","FAULKTON, SD US","426.6","7","0.0",",7","1",",7","0",",7","0",",7","0",",7","0",",7","0",",7","28",",7","6",",7","0",",7","0",",7","","","20231124",",,7","20231125",",,7","20231125",",,7","","","20231120",",,7","20231116",",,7","-15.0",",7,24,","0",",T,7,25,","0",",T,7,25,","2.0",",,7,20,","17.8",",7,16,","866.3","7","490.0",",7","2.0",",,,7","0",",T,,7","2.00",",7","8.96",",,,7","-4.96",",,,7"
"USC00392927","2023-12","45.03239","-99.12253","481.0","FAULKTON, SD US","426.6","7","0.0",",7","5",",7","3",",7","1",",7","9",",7","4",",7","0",",7","31",",7","5",",7","0",",7","0",",7","3","","20231219",",,7","20231231","+,,7","20231227",",,7","","","20231226",",,7","20231208",",,7","-11.7",",7,19,","127",",,7,31,+","76",",,7,27,","38.1",",,7,26,","17.8",",7,08,","1467.9","7","601.6",",7","56.7",",,,7","177",",,,7","-1.07",",7","4.59",",,,7","-6.73",",,,7"
"USC00392927","2024-01","45.03239","-99.12253","481.0","FAULKTON, SD US","0.0","","0.0",",7","4",",7","1",",7","0",",7","31",",7","3",",7","10",",7","31",",7","24",",7","0",",7","0",",7","3","","20240114",",,7","20240126","+,,7","20240118","+,,7","","","20240118",",,7","20240131",",,7","-30.6",",7,14,","178",",,7,26,+","25",",,7,18,+","3.0",",,7,18,","6.7",",7,31,","2345.3","","877.4",",7","5.6",",,,7","75",",,,7","-9.97",",7","-6.37",",,,7","-13.57",",,,7"
"USC00392927","2024-02","45.03239","-99.12253","481.0","FAULKTON, SD US","0.0","","0.0","1,7","3",",7","2",",7","0",",7","7",",7","1",",7","1","1,7","28","1,7","6","1,7","0","1,7","0","1,7","6","","20240228",",1,7","20240217","+,,7","20240215",",,7","","","20240215",",,7","20240227",",1,7","-17.8","1,7,28,","102",",,7,17,+","102",",,7,15,","6.1",",,7,15,","20.0","1,7,27,","2880.2","","534.9","1,7","10.7",",,,7","102",",,,7","-0.77","1,7","4.30","1,,,7","-5.84","1,,,7"
"USC00392927","2024-03","45.03239","-99.12253","481.0","FAULKTON, SD US","0.0","","0.0",",7","2",",7","2",",7","0",",7","5",",7","2",",7","0",",7","30",",7","7",",7","0",",7","0",",7","","","20240327",",,7","20240327","+,,7","20240325",",,7","","","20240325",",,7","20240302",",,7","-13.9",",7,27,","102",",,7,27,+","76",",,7,25,","4.3",",,7,25,","20.0",",7,02,","3449.5","","569.3",",7","7.3",",,,7","101",",,,7","-0.03",",7","7.14",",,,7","-7.21",",,,7"
"USC00392927","2024-04","45.03239","-99.12253","481.0","FAULKTON, SD US","0.3","","0.3",",7","11",",7","8",",7","1",",7","1",",7","1",",7","0",",7","14",",7","0",",7","4",",7","0",",7","","","20240403",",,7","20240401",",,7","20240401",",,7","","","20240417",",,7","20240414",",,7","-5.0",",7,03,","76",",,7,01,","76",",,7,01,","37.1",",,7,17,","31.1",",7,14,","3772.0","","322.5",",7","89.6",",,,7","76",",,,7","7.59",",7","14.32",",,,7","0.87",",,,7"
"USC00392927","2024-05","45.03239","-99.12253","481.0","FAULKTON, SD US","5.1","","4.8",",7","15",",7","7",",7","0",",7","0",",7","0",",7","0",",7","0",",7","0",",7","18",",7","0",",7","","","20240505",",,7","20240531","+,,7","20240519",",,7","","","20240524",",,7","20240518",",,7","1.1",",7,05,","0",",,7,31,+","0",",T,7,19,","14.0",",,7,24,","31.7",",7,18,","3901.5","","129.5",",7","49.6",",,,7","0",",T,,7","14.31",",7","21.07",",,,7","7.55",",,,7"
