"STATION","DATE","LATITUDE","LONGITUDE","ELEVATION","NAME","CDSD","CDSD_ATTRIBUTES","CLDD","CLDD_ATTRIBUTES","DP01","DP01_ATTRIBUTES","DP10","DP10_ATTRIBUTES","DP1X","DP1X_ATTRIBUTES","DSND","DSND_ATTRIBUTES","DSNW","DSNW_ATTRIBUTES","DT00","DT00_ATTRIBUTES","DT32","DT32_ATTRIBUTES","DX32","DX32_ATTRIBUTES","DX70","DX70_ATTRIBUTES","DX90","DX90_ATTRIBUTES","DYFG","DYFG_ATTRIBUTES","DYNT","DYNT_ATTRIBUTES","DYSD","DYSD_ATTRIBUTES","DYSN","DYSN_ATTRIBUTES","DYTS","DYTS_ATTRIBUTES","DYXP","DYXP_ATTRIBUTES","DYXT","DYXT_ATTRIBUTES","EMNT","EMNT_ATTRIBUTES","EMSD","EMSD_ATTRIBUTES","EMSN","EMSN_ATTRIBUTES","EMXP","EMXP_ATTRIBUTES","EMXT","EMXT_ATTRIBUTES","HDSD","HDSD_ATTRIBUTES","HTDD","HTDD_ATTRIBUTES","PRCP","PRCP_ATTRIBUTES","SNOW","SNOW_ATTRIBUTES","TAVG","TAVG_ATTRIBUTES","TMAX","TMAX_ATTRIBUTES","TMIN","TMIN_ATTRIBUTES"
"USC00470124","1936-11","44.32684","-91.91933","204.2","ALMA DAM 4, WI US","","","","","5",",6","2",",6","0",",6","","","1",",6","","","","","","","","","","","","","","","","","19361108",",,6","","","19361102",",,6","","","","","","","25",",,6,08,","11.2",",,6,02,","","","","","","","22.7",",,,6","28",",,,6","","","","","",""
"USC00470124","1937-01","44.32684","-91.91933","204.2","ALMA DAM 4, WI US","","","","","10",",6","7",",6","0",",6","29","1,6","","","","","","","","","","","","","","","","","19370120",",1,6","","","","","19370108",",,6","","","","","330","1,,6,20,","","","10.2",",,6,08,","","","","","","","41.3",",,,6","","","","","","","",""
"USC00470124","1937-02","44.32684","-91.91933","204.2","ALMA DAM 4, WI US","","","","","5","3,6","2","3,6","0","3,6","27","1,6","","","","","","","","","","","","","","","","","19370211","+,1,6","","","","","19370221",",3,6","","","","","356","1,,6,11,+","","","8.1","3,,6,21,","","","","","","","17.8","3,,,6","","","","","","","",""
"USC00470124","1937-03","44.32684","-91.91933","204.2","ALMA DAM 4, WI US","","","","","4",",6","3",",6","0",",6","","","","","","","","","","","","","","","","","","","","","","","","","19370325",",,6","","","","","","","","","20.3",",,6,25,","","","","","","","38.1",",,,6","","","","","","","",""
"USC00470124","1937-04","44.32684","-91.91933","204.2","ALMA DAM 4, WI US","","","","","12","1,6","8","1,6","0","1,6","","","0",",6","","","","","","","","","","","","","","","","","19370405","+,,6","","","19370421",",1,6","","","","","","","0",",T,6,05,+","22.1","1,,6,21,","","","","","","","70.0","1,,,6","0",",T,,6","","","","","",""
"USC00470124","1937-05","44.32684","-91.91933","204.2","ALMA DAM 4, WI US","","","","","12",",6","8",",6","0",",6","","","","","","","","","","","","","","","1","","","","","","","","","","19370512",",,6","","","","","","","","","23.1",",,6,12,","","","","","","","68.4",",,,6","","","","","","","",""
"USC00470124","1937-06","44.32684","-91.91933","204.2","ALMA DAM 4, WI US","","","","","6",",6","5",",6","0",",6","","","0",",6","","","","","","","","","","","","","","","","","19370630","+,,6","","","19370613",",,6","","","","","","","0",",,6,30,+","25.1",",,6,13,","","","","","","","90.9",",,,6","0",",,,6","","","","","",""
"USC00470124","1937-07","44.32684","-91.91933","204.2","ALMA DAM 4, WI US","","","","","5",",6","2",",6","0",",6","","","0",",6","","","","","","","","","","","","","","","","","19370731","+,,6","","","19370704",",,6","","","","","","","0",",,6,31,+","5.1",",,6,04,","","","","","","","8.8",",,,6","0",",,,6","","","","","",""
"USC00470124","1937-08","44.32684","-91.91933","204.2","ALMA DAM 4, WI US","","","","","","","","","","","","","0",",6","","","","","","","","","","","2","","","","","","19370831","+,,6","","","","","","","","","","","0",",,6,31,+","","","","","","","","","","","0",",,,6","","","","","",""
"USC00470124","1937-09","44.32684","-91.91933","204.2","ALMA DAM 4, WI US","","","","","7",",6","3",",6","0",",6","","","","","","","","","","","","","","","","","","","","","","","","","19370924",",,6","","","","","","","","","24.4",",,6,24,","","","","","","","48.0",",,,6","","","","","","","",""
"USC00470124","1937-10","44.32684","-91.91933","204.2","ALMA DAM 4, WI US","","","","","8",",6","5",",6","0",",6","","","","","","","","","","","","","","","2","","","","","","","","","","19371017",",,6","","","","","","","","","18.3",",,6,17,","","","","","","","51.4",",,,6","","","","","","","",""
"USC00470124","1937-11","44.32684","-91.91933","204.2","ALMA DAM 4, WI US","","","","","6","2,6","4","2,6","0","2,6","","","2",",6","","","","","","","","","","","","","","","","","19371128",",,6","","","19371102",",2,6","","","","","","","127",",,6,28,","11.9","2,,6,02,","","","","","","","31.4","2,,,6","152",",,,6","","","","","",""
"USC00470124","1937-12","44.32684","-91.91933","204.2","ALMA DAM 4, WI US","","","","","","","","","","","","","5",",6","","","","","","","","","","","","","","","","","19371224","+,,6","","","","","","","","","","","51",",,6,24,+","","","","","","","","","","","177",",,,6","","","","","",""
"USC00470124","1938-01","44.32684","-91.91933","204.2","ALMA DAM 4, WI US","","","","","7","2,6","5","2,6","0","2,6","","","","","","","","","","","","","","","","","","","","","","","","","19380124",",2,6","","","","","","","","","7.4","2,,6,24,","","","","","","","28.5","2,,,6","","","","","","","",""
"USC00470124","1938-02","44.32684","-91.91933","204.2","ALMA DAM 4, WI US","","","","","7","3,6","2","3,6","0","3,6","","","","","","","","","","","","","","","4","","","","","","","","","","19380206",",3,6","","","","","","","","","15.2","3,,6,06,","","","","","","","26.1","3,,,6","","","","","","","",""
"USC00470124","1938-03","44.32684","-91.91933","204.2","ALMA DAM 4, WI US","","","","","8",",6","6",",6","1",",6","","","","","","","","","","","","","","","3","","","","","","","","","","19380331",",,6","","","","","","","","","27.7",",,6,31,","","","","","","","79.1",",,,6","","","","","","","",""
"USC00470124","1938-04","44.32684","-91.91933","204.2","ALMA DAM 4, WI US","","","","","7",",6","6",",6","0",",6","","","","","","","","","","","","","","","","","","","","","","","","","19380428",",,6","","","","","","","","","25.1",",,6,28,","","","","","","","101.0",",,,6","","","","","","","",""
"USC00470124","1938-06","44.32684","-91.91933","204.2","ALMA DAM 4, WI US","","","","","10",",6","7",",6","1",",6","","","0",",6","","","","","","","","","","","","","","","","","19380630","+,,6","","","19380601",",,6","","","","","","","0",",,6,30,+","42.9",",,6,01,","","","","","","","128.1",",,,6","0",",,,6","","","","","",""
"USC00470124","1938-07","44.32684","-91.91933","204.2","ALMA DAM 4, WI US","","","","","12",",6","11",",6","2",",6","","","0",",6","","","","","","","","","","","","","","","","","19380731","+,,6","","","19380731",",,6","","","","","","","0",",,6,31,+","41.4",",,6,31,","","","","","","","153.2",",,,6","0",",,,6","","","","","",""
"USC00470124","1938-08","44.32684","-91.91933","204.2","ALMA DAM 4, WI US","","","","","8",",6","6",",6","2",",6","","","0",",6","","","","","","","","","","","","","","","","","19380831","+,,6","","","19380831",",,6","","","","","","","0",",,6,31,+","32.3",",,6,31,","","","","","","","131.1",",,,6","0",",,,6","","","","","",""
"USC00470124","1938-09","44.32684","-91.91933","204.2","ALMA DAM 4, WI US","","","","","","","","","","","","","","","","","","","","","","","","","5","","","","","","","","","","","","","","","","","","","","","","","","","","","","","","","","","","","","",""
"USC00470124","1938-10","44.32684","-91.91933","204.2","ALMA DAM 4, WI US","","","","","5",",6","4",",6","1",",6","","","","","","","","","","","","","","","1","","","","","","","","","","19381023",",,6","","","","","","","","","26.4",",,6,23,","","","","","","","43.7",",,,6","","","","","","","",""
"USC00470124","1938-11","44.32684","-91.91933","204.2","ALMA DAM 4, WI US","","","","","8",",6","5",",6","2",",6","","","","","","","","","","","","","","","","","","","","","","","","","19381105",",,6","","","","","","","","","31.5",",,6,05,","","","","","","","76.6",",,,6","","","","","","","",""
"USC00470124","1938-12","44.32684","-91.91933","204.2","ALMA DAM 4, WI US","","","","","9",",6","4",",6","0",",6","","","","","","","","","","","","","","","","","","","","","","","","","19381205",",,6","","","","","","","","","7.1",",,6,05,","","","","","","","21.3",",,,6","","","","","","","",""
"USC00470124","1939-01","44.32684","-91.91933","204.2","ALMA DAM 4, WI US","","","","","6",",6","3",",6","1",",6","28","3,6","","","","","","","","","","","","","1","","","","19390101",",3,6","","","","","19390110",",,6","","","","","178","3,,6,01,","","","25.4",",,6,10,","","","","","","","47.5",",,,6","","","","","","","",""
"USC00470124","1939-02","44.32684","-91.91933","204.2","ALMA DAM 4, WI US","","","","","8","1,6","3","1,6","0","1,6","28",",6","3",",6","","","","","","","","","","","","","","","19390228",",,6","19390210",",,6","","","19390210",",1,6","","","","","178",",,6,28,","102",",,6,10,","9.4","1,,6,10,","","","","","","","22.5","1,,,6","198",",,,6","","","","","",""
"USC00470124","1939-04","44.32684","-91.91933","204.2","ALMA DAM 4, WI US","","","","","5",",6","4",",6","1",",6","","","1",",6","","","","","","","","","","","","","","","","","19390418",",,6","","","19390417",",,6","","","","","","","25",",,6,18,","30.5",",,6,17,","","","","","","","61.9",",,,6","25",",,,6","","","","","",""
"USC00470124","1939-05","44.32684","-91.91933","204.2","ALMA DAM 4, WI US","","","","","5",",6","4",",6","1",",6","","","","","","","","","","","","","","","","","","","","","","","","","19390528",",,6","","","","","","","","","27.7",",,6,28,","","","","","","","46.5",",,,6","","","","","","","",""
"USC00470124","1939-06","44.32684","-91.91933","204.2","ALMA DAM 4, WI US","","","","","11",",6","9",",6","1",",6","","","","","","","","","","","","","","","","","","","","","","","","","19390626",",,6","","","","","","","","","28.4",",,6,26,","","","","","","","119.6",",,,6","","","","","","","",""
"USC00470124","1939-07","44.32684","-91.91933","204.2","ALMA DAM 4, WI US","","","","","6",",6","4",",6","1",",6","","","","","","","","","","","","","","","","","","","","","","","","","19390728",",,6","","","","","","","","","28.7",",,6,28,","","","","","","","64.0",",,,6","","","","","","","",""
"USC00470124","1939-08","44.32684","-91.91933","204.2","ALMA DAM 4, WI US","","","","","10",",6","7",",6","4",",6","","","","","","","","","","","","","","","1","","","","","","","","","","19390821",",,6","","","","","","","","","49.5",",,6,21,","","","","","","","159.3",",,,6","","","","","","","",""
"USC00470124","1939-09","44.32684","-91.91933","204.2","ALMA DAM 4, WI US","","","53.8","2,6","3",",6","2",",6","0",",6","","","","","0","1,6","0","1,6","0","1,6","18","1,6","4","1,6","","","19390927",",1,6","","","","","","","19390912",",,6","19390915","+,1,6","0.6","1,6,27,","","","","","25.1",",,6,12,","33.9","1,6,15,+","","","68.1","1,6","30.7",",,,6","","","18.08","2,6","23.33","1,,,6","12.83","1,,,6"
"USC00470124","1939-10","44.32684","-91.91933","204.2","ALMA DAM 4, WI US","","","0.0","1,6","7",",6","5",",6","0",",6","","","","","0","1,6","7","1,6","0",",6","6",",6","0",",6","1","","19391018","+,1,6","","","","","","","19391010",",,6","19391008",",,6","-5.6","1,6,18,+","","","","","10.2",",,6,10,","26.1",",6,08,","","","288.7",",6","33.9",",,,6","","","8.77","1,6","13.33",",,,6","4.20","1,,,6"
"USC00470124","1939-11","44.32684","-91.91933","204.2","ALMA DAM 4, WI US","","","0.0","2,6","2",",6","0",",6","0",",6","","","1",",6","0","1,6","24","1,6","3","1,6","0","1,6","0","1,6","3","","19391127",",1,6","","","19391121",",,6","","","19391121","+,,6","19391117",",1,6","-7.8","1,6,27,","","","38",",,6,21,","2.3",",,6,21,+","20.0","1,6,17,","","","444.8","1,6","4.6",",,,6","38",",,,6","2.52","2,6","7.24","1,,,6","-2.21","1,,,6"
"USC00470124","1939-12","44.32684","-91.91933","204.2","ALMA DAM 4, WI US","","","0.0","1,6","4",",6","4",",6","0",",6","","","","","1",",6","29",",6","15","1,6","0","1,6","0","1,6","","","19391231",",,6","","","","","","","19391219",",,6","19391216","+,1,6","-20.0",",6,31,","","","","","8.4",",,6,19,","11.1","1,6,16,+","","","620.1","1,6","22.1",",,,6","","","-2.20","1,6","1.33","1,,,6","-5.74",",,,6"
"USC00470124","1940-01","44.32684","-91.91933","204.2","ALMA DAM 4, WI US","0.0","6","0.0","3,6","3",",6","0",",6","0",",6","","","2",",6","14","2,6","29","2,6","30","1,6","0","1,6","0","1,6","","","19400118",",2,6","","","19400117","+,,6","","","19400110",",,6","19400131",",1,6","-28.3","2,6,18,","","","25",",,6,17,+","2.0",",,6,10,","-1.1","1,6,31,","","","906.6","1,6","3.1",",,,6","89",",,,6","-13.72","3,6","-10.09","1,,,6","-17.36","2,,,6"
"USC00470124","1940-02","44.32684","-91.91933","204.2","ALMA DAM 4, WI US","0.0","6","0.0","5,6","7",",6","1",",6","0",",6","29",",6","2",",6","3","2,6","27","2,6","20","3,6","0","3,6","0","3,6","1","","19400225",",2,6","19400227","+,,6","19400224",",,6","","","19400224",",,6","19400215",",3,6","-26.1","2,6,25,","127",",,6,27,+","114",",,6,24,","8.9",",,6,24,","3.3","3,6,15,","","","584.2","3,6","13.5",",,,6","175",",,,6","-6.03","5,6","-2.59","3,,,6","-9.47","2,,,6"
"USC00470124","1940-03","44.32684","-91.91933","204.2","ALMA DAM 4, WI US","0.0","6","0.0",",6","9",",6","5",",6","0",",6","21",",6","5",",6","3",",6","30",",6","15",",6","0",",6","0",",6","","","19400322",",,6","19400314",",,6","19400313",",,6","","","19400313",",,6","19400330",",,6","-19.4",",6,22,","356",",,6,14,","203",",,6,13,","15.5",",,6,13,","13.3",",6,30,","","","694.7",",6","44.5",",,,6","593",",,,6","-4.08",",6","-0.65",",,,6","-7.51",",,,6"
"USC00470124","1940-04","44.32684","-91.91933","204.2","ALMA DAM 4, WI US","0.0","6","0.0","4,6","8",",6","6",",6","0",",6","","","","","0","2,6","11","2,6","0","2,6","1","2,6","0","2,6","","","19400411",",2,6","","","","","","","19400402",",,6","19400428",",2,6","-8.9","2,6,11,","","","","","13.2",",,6,02,","21.1","2,6,28,","","","327.0","2,6","54.2",",,,6","","","5.64","4,6","10.26","2,,,6","1.03","2,,,6"
"USC00470124","1940-05","44.32684","-91.91933","204.2","ALMA DAM 4, WI US","4.7","6","4.7","4,6","11",",6","6",",6","1",",6","","","","","0","2,6","1","2,6","0","2,6","9","2,6","0","2,6","","","19400501",",2,6","","","","","","","19400519",",,6","19400531",",2,6","0.0","2,6,01,","","","","","25.9",",,6,19,","26.7","2,6,31,","","","143.1","2,6","64.8",",,,6","","","13.22","4,6","18.62","2,,,6","7.81","2,,,6"
"USC00470124","1940-06","44.32684","-91.91933","204.2","ALMA DAM 4, WI US","60.3","6","55.6",",6","13",",6","9",",6","2",",6","","","","","0",",6","0",",6","0",",6","22",",6","1",",6","","","19400620",",,6","","","","","","","19400623",",,6","19400617",",,6","8.9",",6,20,","","","","","63.5",",,6,23,","32.2",",6,17,","","","22.3",",6","172.5",",,,6","","","19.44",",6","23.82",",,,6","15.07",",,,6"
"USC00470124","1940-07","44.32684","-91.91933","204.2","ALMA DAM 4, WI US","215.7","6","155.4","1,6","5",",6","2",",6","0",",6","","","","","0","1,6","0","1,6","0",",6","30",",6","6",",6","","","19400702",",1,6","","","","","","","19400711",",,6","19400723","+,,6","10.6","1,6,02,","","","","","22.6",",,6,11,","35.6",",6,23,+","7.5","6","7.5",",6","29.2",",,,6","","","23.26","1,6","27.48",",,,6","19.04","1,,,6"
"USC00470124","1940-08","44.32684","-91.91933","204.2","ALMA DAM 4, WI US","296.1","6","80.4",",6","14",",6","9",",6","2",",6","","","","","0",",6","0",",6","0",",6","21",",6","0",",6","1","","19400823","+,,6","","","","","","","19400815",",,6","19400812",",,6","8.9",",6,23,+","","","","","39.1",",,6,15,","31.1",",6,12,","41.3","6","33.8",",6","145.4",",,,6","","","19.84",",6","23.29",",,,6","16.38",",,,6"
"USC00470124","1940-09","44.32684","-91.91933","204.2","ALMA DAM 4, WI US","343.5","6","47.4","2,6","5",",6","3",",6","0",",6","","","","","0","1,6","0","1,6","0","1,6","18","1,6","0","1,6","4","","19400926",",1,6","","","","","","","19400924",",,6","19400907",",1,6","2.8","1,6,26,","","","","","13.0",",,6,24,","31.1","1,6,07,","101.7","6","60.4","1,6","20.6",",,,6","","","17.74","2,6","22.51","1,,,6","12.97","1,,,6"
"USC00470124","1940-10","44.32684","-91.91933","204.2","ALMA DAM 4, WI US","343.5","6","0.0",",6","8",",6","5",",6","0",",6","","","","","0",",6","0",",6","0",",6","4",",6","0",",6","2","","19401015",",,6","","","","","","","19401006",",,6","19401005",",,6","1.1",",6,15,","","","","","19.1",",,6,06,","23.3",",6,05,","322.8","6","221.1",",6","72.0",",,,6","","","11.20",",6","15.60",",,,6","6.81",",,,6"
"USC00470124","1940-11","44.32684","-91.91933","204.2","ALMA DAM 4, WI US","343.5","6","0.0","5,6","13","1,6","8","1,6","0","1,6","","","","","1","3,6","20","3,6","9","2,6","0","2,6","0","2,6","","","19401129",",3,6","","","","","","","19401111",",1,6","19401104",",2,6","-17.8","3,6,29,","","","","","17.8","1,,6,11,","14.4","2,6,04,","817.6","6","494.8","2,6","73.4","1,,,6","","","-1.40","5,6","1.76","2,,,6","-4.55","3,,,6"
"USC00470124","1940-12","44.32684","-91.91933","204.2","ALMA DAM 4, WI US","343.5","6","0.0","5,6","7",",6","3",",6","1",",6","","","4",",6","4","2,6","26","2,6","17","3,6","0","3,6","0","3,6","2","","19401203",",2,6","","","19401216",",,6","","","19401216",",,6","19401225",",3,6","-26.7","2,6,03,","","","229",",,6,16,","33.0",",,6,16,","6.7","3,6,25,","1407.9","6","590.3","3,6","45.9",",,,6","416",",,,6","-4.69","5,6","-1.40","3,,,6","-7.98","2,,,6"
"USC00470124","1941-01","44.32684","-91.91933","204.2","ALMA DAM 4, WI US","","","","","6",",6","3",",6","0",",6","","","4",",6","3","3,6","28","3,6","23","3,6","0","3,6","0","3,6","1","","19410118",",3,6","","","19410122",",,6","","","19410102",",,6","19410101",",3,6","-21.1","3,6,18,","","","89",",,6,22,","11.7",",,6,02,","1.7","3,6,01,","","","","","26.0",",,,6","216",",,,6","-7.04","6,6","-3.43","3,,,6","-10.64","3,,,6"
"USC00470124","1941-02","44.32684","-91.91933","204.2","ALMA DAM 4, WI US","","","0.0","4,6","5",",6","1",",6","0",",6","","","2",",6","7","2,6","26","2,6","22","2,6","0","2,6","0","2,6","","","19410219",",2,6","","","19410217",",,6","","","19410217",",,6","19410212",",2,6","-26.7","2,6,19,","","","127",",,6,17,","3.8",",,6,17,","6.1","2,6,12,","","","664.3","2,6","7.3",",,,6","214",",,,6","-8.97","4,6","-4.62","2,,,6","-13.33","2,,,6"
"USC00470124","1941-03","44.32684","-91.91933","204.2","ALMA DAM 4, WI US","","","0.0",",6","9",",6","3",",6","0",",6","","","4",",6","3",",6","29",",6","7",",6","0",",6","0",",6","","","19410317",",,6","","","19410311",",,6","","","19410303",",,6","19410330",",,6","-22.2",",6,17,","","","102",",,6,11,","16.3",",,6,03,","12.8",",6,30,","","","640.3",",6","36.3",",,,6","216",",,,6","-2.32",",6","1.18",",,,6","-5.83",",,,6"
"USC00470124","1941-04","44.32684","-91.91933","204.2","ALMA DAM 4, WI US","","","3.1","3,6","9",",6","7",",6","1",",6","","","","","0","2,6","2","2,6","0","2,6","7","2,6","0","2,6","","","19410401",",2,6","","","","","","","19410414",",,6","19410430","+,2,6","-3.3","2,6,01,","","","","","30.5",",,6,14,","23.3","2,6,30,+","","","202.4","2,6","61.7",",,,6","","","11.08","3,6","15.56","2,,,6","6.59","2,,,6"
"USC00470124","1941-05","44.32684","-91.91933","204.2","ALMA DAM 4, WI US","","","29.7","4,6","11",",6","6",",6","1",",6","","","","","0","2,6","0","2,6","0","2,6","19","2,6","0","2,6","1","","19410509",",2,6","","","","","","","19410529",",,6","19410526","+,2,6","2.8","2,6,09,","","","","","40.6",",,6,29,","27.2","2,6,26,+","","","66.3","2,6","90.9",",,,6","","","16.69","4,6","21.71","2,,,6","11.67","2,,,6"
"USC00470124","1941-06","44.32684","-91.91933","204.2","ALMA DAM 4, WI US","","","88.6","2,6","12",",6","8",",6","2",",6","","","","","0","1,6","0","1,6","0","1,6","22","1,6","1","1,6","","","19410615",",1,6","","","","","","","19410629",",,6","19410630",",1,6","6.1","1,6,15,","","","","","36.3",",,6,29,","33.3","1,6,30,","","","42.3","1,6","125.1",",,,6","","","19.93","2,6","24.27","1,,,6","15.58","1,,,6"
"USC00470124","1941-07","44.32684","-91.91933","204.2","ALMA DAM 4, WI US","","","134.5","2,6","10",",6","7",",6","0",",6","","","","","0","1,6","0","1,6","0","1,6","30","1,6","7","1,6","1","","19410712","+,1,6","","","","","","","19410718",",,6","19410725","+,1,6","10.0","1,6,12,+","","","","","20.1",",,6,18,","32.8","1,6,25,+","3.9","6","3.9","1,6","64.9",",,,6","","","22.78","2,6","27.29","1,,,6","18.27","1,,,6"
"USC00470124","1941-08","44.32684","-91.91933","204.2","ALMA DAM 4, WI US","","","118.9",",6","8",",6","2",",6","0",",6","","","","","0",",6","0",",6","0",",6","28",",6","1",",6","","","19410828","+,,6","","","","","","","19410831",",,6","19410803",",,6","9.4",",6,28,+","","","","","8.9",",,6,31,","33.9",",6,03,","11.5","6","7.6",",6","21.6",",,,6","","","21.93",",6","26.94",",,,6","16.92",",,,6"
"USC00470124","1941-09","44.32684","-91.91933","204.2","ALMA DAM 4, WI US","","","","","10",",6","10",",6","1",",6","","","","","0","3,6","0","3,6","0","3,6","19","3,6","0","3,6","3","","19410929",",3,6","","","","","","","19410917",",,6","19410904",",3,6","1.1","3,6,29,","","","","","44.5",",,6,17,","28.9","3,6,04,","","","","","117.6",",,,6","","","17.23","6,6","21.73","3,,,6","12.72","3,,,6"
"USC00470124","1941-10","44.32684","-91.91933","204.2","ALMA DAM 4, WI US","","","0.0","2,6","12",",6","7",",6","2",",6","","","","","0","1,6","2","1,6","0","1,6","0","1,6","0","1,6","4","","19411028",",1,6","","","","","","","19411007",",,6","19411012","+,1,6","-4.4","1,6,28,","","","","","32.8",",,6,07,","20.0","1,6,12,+","","","225.9","1,6","123.3",",,,6","","","10.42","2,6","14.30","1,,,6","6.53","1,,,6"
"USC00470124","1941-11","44.32684","-91.91933","204.2","ALMA DAM 4, WI US","","","0.0","5,6","3",",6","3",",6","1",",6","","","","","0","2,6","20","2,6","2","3,6","0","3,6","0","3,6","","","19411123",",2,6","","","","","","","19411101",",,6","19411117","+,3,6","-12.2","2,6,23,","","","","","39.4",",,6,01,","17.8","3,6,17,+","","","379.0","3,6","47.5",",,,6","","","3.07","5,6","7.10","3,,,6","-0.96","2,,,6"
"USC00470124","1941-12","44.32684","-91.91933","204.2","ALMA DAM 4, WI US","","","","","10",",6","4",",6","0",",6","","","3",",6","","","","","14","4,6","0","4,6","0","4,6","4","","","","","","19411212",",,6","","","19411223","+,,6","19411204",",4,6","","","","","140",",,6,12,","5.1",",,6,23,+","13.3","4,6,04,","","","","","22.4",",,,6","252",",,,6","","","1.54","4,,,6","",""
"USC00470124","1942-01","44.32684","-91.91933","204.2","ALMA DAM 4, WI US","","","","","4",",6","0",",6","0",",6","20",",6","2",",6","7","4,6","27","4,6","10","4,6","0","4,6","0","4,6","9","","19420104",",4,6","19420113","+,,6","19420102",",,6","","","19420102",",,6","19420122",",4,6","-27.8","4,6,04,","178",",,6,13,+","46",",,6,02,","2.3",",,6,02,","10.0","4,6,22,","","","","","5.9",",,,6","81",",,,6","-5.61","6,6","-1.49","4,,,6","-9.73","4,,,6"
"USC00470124","1942-02","44.32684","-91.91933","204.2","ALMA DAM 4, WI US","","","0.0","3,6","4",",6","2",",6","0",",6","","","3",",6","4","2,6","26","2,6","23","1,6","0","1,6","0","1,6","1","","19420220",",2,6","","","19420216",",,6","","","19420216",",,6","19420228",",1,6","-25.0","2,6,20,","","","127",",,6,16,","7.6",",,6,16,","3.9","1,6,28,","","","618.3","1,6","11.4",",,,6","203",",,,6","-6.60","3,6","-3.25","1,,,6","-9.95","2,,,6"
"USC00470124","1942-03","44.32684","-91.91933","204.2","ALMA DAM 4, WI US","","","0.0","2,6","13",",6","6",",6","2",",6","","","2",",6","0","1,6","24","1,6","2","1,6","0","1,6","0","1,6","1","","19420312",",1,6","","","19420317",",,6","","","19420317",",,6","19420325",",1,6","-6.7","1,6,12,","","","102",",,6,17,","33.8",",,6,17,","16.7","1,6,25,","","","487.7","1,6","94.8",",,,6","160",",,,6","1.59","2,6","4.85","1,,,6","-1.67","1,,,6"
"USC00470124","1942-04","44.32684","-91.91933","204.2","ALMA DAM 4, WI US","","","6.7",",6","5",",6","3",",6","0",",6","","","","","0",",6","8",",6","0",",6","8",",6","0",",6","","","19420408",",,6","","","","","","","19420406",",,6","19420430",",,6","-2.8",",6,08,","","","","","11.2",",,6,06,","26.7",",6,30,","","","225.9",",6","27.5",",,,6","","","11.02",",6","16.31",",,,6","5.74",",,,6"
"USC00470124","1942-05","44.32684","-91.91933","204.2","ALMA DAM 4, WI US","","","6.7","2,6","16",",6","13",",6","1",",6","","","","","0","1,6","0","1,6","0","1,6","9","1,6","0","1,6","2","","19420515","+,1,6","","","","","","","19420530",",,6","19420528",",1,6","1.1","1,6,15,+","","","","","83.6",",,6,30,","26.7","1,6,28,","","","166.1","1,6","228.0",",,,6","","","12.94","2,6","17.69","1,,,6","8.20","1,,,6"
"USC00470124","1942-06","44.32684","-91.91933","204.2","ALMA DAM 4, WI US","","","42.6","4,6","9",",6","5",",6","2",",6","","","","","0","1,6","0","1,6","0","3,6","20","3,6","0","3,6","1","","19420614",",1,6","","","","","","","19420629",",,6","19420605",",3,6","6.7","1,6,14,","","","","","61.7",",,6,29,","28.3","3,6,05,","","","26.0","3,6","155.8",",,,6","","","18.84","4,6","22.83","3,,,6","14.85","1,,,6"
"USC00470124","1942-07","44.32684","-91.91933","204.2","ALMA DAM 4, WI US","","","98.7",",6","9",",6","8",",6","1",",6","","","","","0",",6","0",",6","0",",6","27",",6","3",",6","6","","19420704","+,,6","","","","","","","19420710",",,6","19420717",",,6","11.7",",6,04,+","","","","","34.5",",,6,10,","33.9",",6,17,","8.9","6","8.9",",6","104.2",",,,6","","","21.23",",6","25.68",",,,6","16.78",",,,6"
"USC00470124","1942-08","44.32684","-91.91933","204.2","ALMA DAM 4, WI US","","","81.1","4,6","9",",6","6",",6","1",",6","","","","","0","1,6","0","1,6","0","3,6","26","3,6","0","3,6","3","","19420824",",1,6","","","","","","","19420806",",,6","19420820",",3,6","6.7","1,6,24,","","","","","26.7",",,6,06,","31.7","3,6,20,","19.5","6","10.6","3,6","80.7",",,,6","","","20.86","4,6","25.41","3,,,6","16.30","1,,,6"
"USC00470124","1942-09","44.32684","-91.91933","204.2","ALMA DAM 4, WI US","","","16.6","4,6","15",",6","12",",6","2",",6","","","","","0","1,6","4","1,6","0","3,6","12","3,6","0","3,6","3","","19420928",",1,6","","","","","","","19420902",",,6","19420911",",3,6","-2.2","1,6,28,","","","","","39.4",",,6,02,","28.3","3,6,11,","136.1","6","116.6","3,6","173.6",",,,6","","","14.30","4,6","18.30","3,,,6","10.31","1,,,6"
"USC00470124","1942-10","44.32684","-91.91933","204.2","ALMA DAM 4, WI US","","","0.0","2,6","6",",6","4",",6","1",",6","","","","","0","1,6","7","1,6","1","1,6","3","1,6","0","1,6","5","","19421026",",1,6","","","","","","","19421004",",,6","19421020",",1,6","-7.8","1,6,26,","","","","","34.3",",,6,04,","22.8","1,6,20,","386.0","6","249.9","1,6","56.1",",,,6","","","9.59","2,6","14.80","1,,,6","4.37","1,,,6"
"USC00470124","1942-11","44.32684","-91.91933","204.2","ALMA DAM 4, WI US","","","","","5",",6","4",",6","0",",6","","","2",",6","0","5,6","19","5,6","4","3,6","0","3,6","0","3,6","","","19421130",",5,6","","","19421126",",,6","","","19421126",",,6","19421117",",3,6","-16.7","5,6,30,","","","127",",,6,26,","15.2",",,6,26,","15.6","3,6,17,","","","","","30.2",",,,6","178",",,,6","1.17","8,6","4.77","3,,,6","-2.44","5,,,6"
"USC00470124","1942-12","44.32684","-91.91933","204.2","ALMA DAM 4, WI US","","","","","5",",6","3",",6","0",",6","31",",6","4",",6","","","","","","","","","","","","","","","19421223","+,,6","19421222",",,6","","","19421222",",,6","","","","","279",",,6,23,+","89",",,6,22,","21.6",",,6,22,","","","","","","","35.4",",,,6","264",",,,6","","","","","",""
"USC00470124","1943-01","44.32684","-91.91933","204.2","ALMA DAM 4, WI US","","","","","11",",6","7",",6","0",",6","","","8",",6","","","","","","","","","","","","","","","","","19430119","+,,6","","","19430114",",,6","","","","","","","76",",,6,19,+","8.4",",,6,14,","","","","","","","42.7",",,,6","547",",,,6","","","","","",""
"USC00470124","1943-02","44.32684","-91.91933","204.2","ALMA DAM 4, WI US","","","","","7",",6","1",",6","0",",6","28",",6","2",",6","8","3,6","24","3,6","13","4,6","0","4,6","0","4,6","","","19430213",",3,6","19430204","+,,6","19430211","+,,6","","","19430211",",,6","19430222",",4,6","-25.6","3,6,13,","686",",,6,04,+","25",",,6,11,+","3.0",",,6,11,","6.7","4,6,22,","","","","","7.7",",,,6","94",",,,6","-7.29","7,6","-1.60","4,,,6","-12.98","3,,,6"
"USC00470124","1943-03","44.32684","-91.91933","204.2","ALMA DAM 4, WI US","","","0.0","4,6","7",",6","3",",6","0",",6","","","2",",6","5","2,6","23","2,6","17","2,6","1","2,6","0","2,6","1","","19430302",",2,6","","","19430320",",,6","","","19430316",",,6","19430330",",2,6","-23.9","2,6,02,","","","152",",,6,20,","17.8",",,6,16,","21.1","2,6,30,","","","608.3","2,6","32.1",",,,6","195",",,,6","-4.17","4,6","0.36","2,,,6","-8.69","2,,,6"
"USC00470124","1943-04","44.32684","-91.91933","204.2","ALMA DAM 4, WI US","","","0.0",",6","4",",6","2",",6","0",",6","","","","","0",",6","13",",6","1",",6","3",",6","0",",6","","","19430413",",,6","","","","","","","19430412",",,6","19430423",",,6","-6.1",",6,13,","","","","","7.4",",,6,12,","23.3",",6,23,","","","362.4",",6","15.8",",,,6","","","6.25",",6","11.06",",,,6","1.45",",,,6"
"USC00470124","1943-05","44.32684","-91.91933","204.2","ALMA DAM 4, WI US","","","9.5","2,6","12",",6","9",",6","0",",6","","","","","0","1,6","1","1,6","0","1,6","8","1,6","0","1,6","1","","19430501",",1,6","","","","","","","19430516",",,6","19430506",",1,6","-0.6","1,6,01,","","","","","21.8",",,6,16,","27.8","1,6,06,","","","174.3","1,6","104.4",",,,6","","","12.60","2,6","17.17","1,,,6","8.03","1,,,6"
"USC00470124","1943-06","44.32684","-91.91933","204.2","ALMA DAM 4, WI US","","","102.0","2,6","9",",6","8",",6","2",",6","","","","","0",",6","0",",6","0","2,6","22","2,6","2","2,6","1","","19430630","+,,6","","","","","","","19430612",",,6","19430626",",2,6","8.9",",6,30,+","","","","","43.2",",,6,12,","35.6","2,6,26,","","","30.0","2,6","144.3",",,,6","","","20.93","2,6","25.16","2,,,6","16.69",",,,6"
"USC00470124","1943-07","44.32684","-91.91933","204.2","ALMA DAM 4, WI US","","","147.2","1,6","12",",6","12",",6","2",",6","","","","","0",",6","0",",6","0","1,6","28","1,6","3","1,6","4","","19430701",",,6","","","","","","","19430706",",,6","19430725",",1,6","14.4",",6,01,","","","","","44.2",",,6,06,","33.3","1,6,25,","1.1","6","1.1","1,6","137.3",",,,6","","","23.17","1,6","27.67","1,,,6","18.67",",,,6"
"USC00470124","1943-08","44.32684","-91.91933","204.2","ALMA DAM 4, WI US","","","98.8","3,6","9",",6","8",",6","2",",6","","","","","0","2,6","0","2,6","0","2,6","26","2,6","2","2,6","4","","19430818","+,2,6","","","","","","","19430826",",,6","19430807","+,2,6","10.0","2,6,18,+","","","","","68.3",",,6,26,","32.2","2,6,07,+","6.4","6","5.3","2,6","157.9",",,,6","","","21.61","3,6","26.49","2,,,6","16.74","2,,,6"
"USC00470124","1943-09","44.32684","-91.91933","204.2","ALMA DAM 4, WI US","","","16.4","1,6","10",",6","5",",6","0",",6","","","","","0",",6","0",",6","0","1,6","7","1,6","0","1,6","3","","19430925","+,,6","","","","","","","19430905",",,6","19430901",",1,6","3.3",",6,25,+","","","","","21.1",",,6,05,","27.8","1,6,01,","149.9","6","143.5","1,6","51.1",",,,6","","","14.01","1,6","18.31","1,,,6","9.71",",,,6"
"USC00470124","1943-10","44.32684","-91.91933","204.2","ALMA DAM 4, WI US","","","0.0","2,6","5",",6","4",",6","0",",6","","","","","0","1,6","7","1,6","0","1,6","6","1,6","0","1,6","5","","19431017",",1,6","","","","","","","19431013",",,6","19431011","+,1,6","-3.3","1,6,17,","","","","","20.3",",,6,13,","23.3","1,6,11,+","423.8","6","273.9","1,6","43.9",",,,6","","","8.99","2,6","14.16","1,,,6","3.82","1,,,6"
"USC00470124","1943-11","44.32684","-91.91933","204.2","ALMA DAM 4, WI US","","","0.0","4,6","3",",6","2",",6","1",",6","","","1",",6","0","2,6","22","2,6","9","2,6","0","2,6","0","2,6","","","19431116",",2,6","","","19431108",",,6","","","19431107",",,6","19431118",",2,6","-13.3","2,6,16,","","","51",",,6,08,","27.9",",,6,07,","8.9","2,6,18,","923.2","6","499.4","2,6","32.0",",,,6","51",",,,6","-1.05","4,6","1.87","2,,,6","-3.97","2,,,6"
"USC00470124","1943-12","44.32684","-91.91933","204.2","ALMA DAM 4, WI US","","","","","0",",6","0",",6","0",",6","","","","","5","5,6","25","5,6","12","2,6","0","2,6","0","2,6","","","19431223","+,5,6","","","","","","","19431227",",,6","19431201",",2,6","-22.2","5,6,23,+","","","","","0.0",",T,6,27,","6.7","2,6,01,","","","","","0.0",",T,,6","","","-4.92","7,6","-0.84","2,,,6","-8.99","5,,,6"
"USC00470124","1944-01","44.32684","-91.91933","204.2","ALMA DAM 4, WI US","0.0","","0.0","3,6","3",",6","1",",6","0",",6","","","1",",6","2","1,6","26","1,6","12","2,6","0","2,6","0","2,6","","","19440108",",1,6","","","19440105",",,6","","","19440128",",,6","19440125",",2,6","-22.2","1,6,08,","","","102",",,6,05,","14.7",",,6,28,","12.2","2,6,25,","","","618.1","2,6","17.0",",,,6","102",",,,6","-3.30","3,6","0.51","2,,,6","-7.11","1,,,6"
"USC00470124","1944-02","44.32684","-91.91933","204.2","ALMA DAM 4, WI US","0.0","","0.0","2,6","6",",6","4",",6","0",",6","","","1","1,6","3","1,6","28","1,6","15","1,6","0","1,6","0","1,6","","","19440212",",1,6","","","19440207",",1,6","","","19440226","+,,6","19440202",",1,6","-22.2","1,6,12,","","","38","1,,6,07,","5.1",",,6,26,+","6.7","1,6,02,","","","641.7","1,6","17.0",",,,6","56","1,,,6","-5.57","2,6","-1.57","1,,,6","-9.57","1,,,6"
"USC00470124","1944-03","44.32684","-91.91933","204.2","ALMA DAM 4, WI US","","","","","13",",6","7",",6","0",",6","","","4",",6","1","4,6","27","4,6","16","4,6","0","4,6","0","4,6","","","19440309",",4,6","","","19440327",",,6","","","19440327","+,,6","19440324","+,4,6","-17.8","4,6,09,","","","152",",,6,27,","7.4",",,6,27,+","7.8","4,6,24,+","","","","","40.2",",,,6","399",",,,6","-3.26","6,6","0.12","4,,,6","-6.63","4,,,6"
"USC00470124","1944-04","44.32684","-91.91933","204.2","ALMA DAM 4, WI US","","","","","8",",6","7",",6","0",",6","","","0",",6","","","","","","","","","","","","","","","","","19440415",",,6","","","19440414",",,6","","","","","","","13",",,6,15,","13.5",",,6,14,","","","","","","","54.2",",,,6","13",",,,6","","","","","",""
"USC00470124","1944-05","44.32684","-91.91933","204.2","ALMA DAM 4, WI US","","","","","17",",6","12",",6","0",",6","","","1",",6","","","","","","","","","","","2","","","","","","19440505",",,6","","","19440518",",,6","","","","","","","38",",,6,05,","17.5",",,6,18,","","","","","","","101.5",",,,6","38",",,,6","","","","","",""
"USC00470124","1944-06","44.32684","-91.91933","204.2","ALMA DAM 4, WI US","","","","","16",",6","9",",6","0",",6","","","","","","","","","","","","","","","1","","","","","","","","","","19440602",",,6","","","","","","","","","13.7",",,6,02,","","","","","","","85.3",",,,6","","","","","","","",""
"USC00470124","1944-07","44.32684","-91.91933","204.2","ALMA DAM 4, WI US","","","","","8",",6","7",",6","0",",6","","","","","","","","","","","","","","","","","","","","","","","","","19440718",",,6","","","","","","","","","10.9",",,6,18,","","","","","","","38.1",",,,6","","","","","","","",""
"USC00470124","1944-08","44.32684","-91.91933","204.2","ALMA DAM 4, WI US","","","","","10",",6","9",",6","0",",6","","","","","","","","","","","","","","","1","","","","","","","","","","19440821",",,6","","","","","","","","","11.7",",,6,21,","","","","","","","50.5",",,,6","","","","","","","",""
"USC00470124","1944-09","44.32684","-91.91933","204.2","ALMA DAM 4, WI US","","","","","9",",6","5",",6","1",",6","","","","","","","","","","","","","","","1","","","","","","","","","","19440918",",,6","","","","","","","","","51.6",",,6,18,","","","","","","","77.6",",,,6","","","","","","","",""
"USC00470124","1944-10","44.32684","-91.91933","204.2","ALMA DAM 4, WI US","","","","","4",",6","2",",6","0",",6","","","","","","","","","","","","","","","2","","","","","","","","","","19441006",",,6","","","","","","","","","9.4",",,6,06,","","","","","","","17.9",",,,6","","","","","","","",""
"USC00470124","1944-11","44.32684","-91.91933","204.2","ALMA DAM 4, WI US","","","","","9",",6","3",",6","0",",6","","","0",",6","","","","","","","","","","","2","","","","","","19441129",",,6","","","19441114",",,6","","","","","","","13",",,6,29,","8.6",",,6,14,","","","","","","","22.4",",,,6","13",",,,6","","","","","",""
"USC00470124","1944-12","44.32684","-91.91933","204.2","ALMA DAM 4, WI US","","","","","4",",6","1",",6","0",",6","","","1",",6","","","","","","","","","","","","","","","","","19441227",",,6","","","19441227",",,6","","","","","","","46",",,6,27,","3.0",",,6,27,","","","","","","","5.0",",,,6","51",",,,6","","","","","",""
"USC00470124","1945-01","44.32684","-91.91933","204.2","ALMA DAM 4, WI US","","","","","6",",6","2",",6","0",",6","","","3",",6","","","","","","","","","","","","","","","","","19450118",",,6","","","19450118",",,6","","","","","","","102",",,6,18,","4.8",",,6,18,","","","","","","","12.7",",,,6","243",",,,6","","","","","",""
"USC00470124","1945-02","44.32684","-91.91933","204.2","ALMA DAM 4, WI US","","","","","10",",6","6",",6","0",",6","28",",6","7",",6","","","","","","","","","","","","","","","19450224","+,,6","19450222","+,,6","","","19450225",",,6","","","","","356",",,6,24,+","178",",,6,22,+","12.7",",,6,25,","","","","","","","51.1",",,,6","576",",,,6","","","","","",""
"USC00470124","1945-03","44.32684","-91.91933","204.2","ALMA DAM 4, WI US","","","","","8",",6","4",",6","1",",6","","","2",",6","","","","","","","","","","","","","","","","","19450306",",,6","","","19450325",",,6","","","","","","","89",",,6,06,","29.2",",,6,25,","","","","","","","59.7",",,,6","153",",,,6","","","","","",""
"USC00470124","1945-04","44.32684","-91.91933","204.2","ALMA DAM 4, WI US","","","","","15",",6","11",",6","1",",6","","","","","","","","","","","","","","","","","","","","","","","","","19450404",",,6","","","","","","","","","30.5",",,6,04,","","","","","","","92.6",",,,6","","","","","","","",""
"USC00470124","1945-05","44.32684","-91.91933","204.2","ALMA DAM 4, WI US","","","","","9",",6","6",",6","3",",6","","","","","","","","","","","","","","","","","","","","","","","","","19450522",",,6","","","","","","","","","34.8",",,6,22,","","","","","","","122.5",",,,6","","","","","","","",""
"USC00470124","1945-06","44.32684","-91.91933","204.2","ALMA DAM 4, WI US","","","","","16",",6","8",",6","0",",6","","","","","","","","","","","","","","","1","","","","","","","","","","19450627",",,6","","","","","","","","","21.3",",,6,27,","","","","","","","90.6",",,,6","","","","","","","",""
"USC00470124","1945-07","44.32684","-91.91933","204.2","ALMA DAM 4, WI US","","","","","13",",6","10",",6","2",",6","","","","","","","","","","","","","","","3","","","","","","","","","","19450728",",,6","","","","","","","","","34.0",",,6,28,","","","","","","","143.9",",,,6","","","","","","","",""
"USC00470124","1945-08","44.32684","-91.91933","204.2","ALMA DAM 4, WI US","","","","","10",",6","7",",6","1",",6","","","","","","","","","","","","","","","1","","","","","","","","","","19450801",",,6","","","","","","","","","31.2",",,6,01,","","","","","","","105.3",",,,6","","","","","","","",""
"USC00470124","1945-09","44.32684","-91.91933","204.2","ALMA DAM 4, WI US","","","","","11",",6","7",",6","1",",6","","","","","","","","","","","","","","","2","","","","","","","","","","19450920",",,6","","","","","","","","","31.8",",,6,20,","","","","","","","84.9",",,,6","","","","","","","",""
"USC00470124","1945-10","44.32684","-91.91933","204.2","ALMA DAM 4, WI US","","","","","4",",6","1",",6","0",",6","","","","","","","","","","","","","","","1","","","","","","","","","","19451001",",,6","","","","","","","","","7.4",",,6,01,","","","","","","","10.5",",,,6","","","","","","","",""
"USC00470124","1945-11","44.32684","-91.91933","204.2","ALMA DAM 4, WI US","","","","","9",",6","7",",6","0",",6","","","1",",6","","","","","","","","","","","1","","","","","","19451127",",,6","","","19451101",",,6","","","","","","","64",",,6,27,","16.0",",,6,01,","","","","","","","45.4",",,,6","69",",,,6","","","","","",""
"USC00470124","1945-12","44.32684","-91.91933","204.2","ALMA DAM 4, WI US","","","","","10",",6","4",",6","1",",6","18","1,6","","","","","","","","","","","","","","","","","19451226",",1,6","","","","","19451202",",,6","","","","","356","1,,6,26,","","","30.5",",,6,02,","","","","","","","57.8",",,,6","","","","","","","",""
"USC00470124","1946-01","44.32684","-91.91933","204.2","ALMA DAM 4, WI US","","","","","6",",6","3",",6","1",",6","31",",6","3",",6","","","","","","","","","","","1","","","","19460102","+,,6","19460131",",,6","","","19460106",",,6","","","","","305",",,6,02,+","76",",,6,31,","29.0",",,6,06,","","","","","","","39.7",",,,6","198",",,,6","","","","","",""
"USC00470124","1946-02","44.32684","-91.91933","204.2","ALMA DAM 4, WI US","","","","","7",",6","3",",6","0",",6","28",",6","4",",6","","","","","","","","","","","1","","","","19460205","+,,6","19460220","+,,6","","","19460206",",,6","","","","","152",",,6,05,+","38",",,6,20,+","18.0",",,6,06,","","","","","","","32.2",",,,6","174",",,,6","","","","","",""
"USC00470124","1946-03","44.32684","-91.91933","204.2","ALMA DAM 4, WI US","","","","","10",",6","5",",6","0",",6","","","1",",6","","","","","","","","","","","1","","","","","","19460308",",,6","","","19460306",",,6","","","","","","","102",",,6,08,","9.1",",,6,06,","","","","","","","34.3",",,,6","102",",,,6","","","","","",""
"USC00470124","1946-04","44.32684","-91.91933","204.2","ALMA DAM 4, WI US","","","","","5",",6","3",",6","0",",6","","","","","","","","","","","","","","","","","","","","","","","","","19460408",",,6","","","","","","","","","7.9",",,6,08,","","","","","","","22.9",",,,6","","","","","","","",""
"USC00470124","1946-06","44.32684","-91.91933","204.2","ALMA DAM 4, WI US","","","","","11",",6","8",",6","1",",6","","","","","","","","","","","","","","","","","","","","","","","","","19460610",",,6","","","","","","","","","43.4",",,6,10,","","","","","","","110.0",",,,6","","","","","","","",""
"USC00470124","1946-07","44.32684","-91.91933","204.2","ALMA DAM 4, WI US","","","","","7",",6","2",",6","0",",6","","","","","","","","","","","","","","","","","","","","","","","","","19460730",",,6","","","","","","","","","18.3",",,6,30,","","","","","","","33.4",",,,6","","","","","","","",""
"USC00470124","1946-08","44.32684","-91.91933","204.2","ALMA DAM 4, WI US","","","","","7",",6","4",",6","0",",6","","","","","","","","","","","","","","","3","","","","","","","","","","19460828",",,6","","","","","","","","","18.3",",,6,28,","","","","","","","40.2",",,,6","","","","","","","",""
"USC00470124","1946-09","44.32684","-91.91933","204.2","ALMA DAM 4, WI US","","","","","10",",6","8",",6","1",",6","","","","","","","","","","","","","","","3","","","","","","","","","","19460906",",,6","","","","","","","","","36.6",",,6,06,","","","","","","","124.2",",,,6","","","","","","","",""
"USC00470124","1946-10","44.32684","-91.91933","204.2","ALMA DAM 4, WI US","","","","","12",",6","4",",6","1",",6","","","","","","","","","","","","","","","1","","","","","","","","","","19461011",",,6","","","","","","","","","52.3",",,6,11,","","","","","","","102.0",",,,6","","","","","","","",""
"USC00470124","1946-11","44.32684","-91.91933","204.2","ALMA DAM 4, WI US","","","","","7",",6","5",",6","0",",6","","","0",",6","","","","","","","","","","","1","","","","","","19461126","+,,6","","","19461110",",,6","","","","","","","13",",,6,26,+","12.2",",,6,10,","","","","","","","34.4",",,,6","26",",,,6","","","","","",""
"USC00470124","1946-12","44.32684","-91.91933","204.2","ALMA DAM 4, WI US","","","","","4","1,6","2","1,6","0","1,6","","","1",",6","","","","","","","","","","","","","","","","","19461229",",,6","","","19461228",",1,6","","","","","","","127",",,6,29,","14.2","1,,6,28,","","","","","","","23.7","1,,,6","155",",,,6","","","","","",""
"USC00470124","1947-01","44.32684","-91.91933","204.2","ALMA DAM 4, WI US","","","","","7",",6","4",",6","0",",6","21","5,6","3",",6","","","","","","","","","","","","","","","19470131",",5,6","19470130",",,6","","","19470114",",,6","","","","","178","5,,6,31,","89",",,6,30,","7.6",",,6,14,","","","","","","","22.1",",,,6","230",",,,6","","","","","",""
"USC00470124","1947-02","44.32684","-91.91933","204.2","ALMA DAM 4, WI US","","","","","5",",6","0",",6","0",",6","16","3,6","1",",6","","","","","","","","","","","1","","","","19470202","+,3,6","19470201",",,6","","","19470201",",,6","","","","","178","3,,6,02,+","25",",,6,01,","0.8",",,6,01,","","","","","","","2.2",",,,6","53",",,,6","","","","","",""
"USC00470124","1947-03","44.32684","-91.91933","204.2","ALMA DAM 4, WI US","","","","","9","1,6","3","1,6","1","1,6","","","0",",6","","","","","","","","","","","","","","","","","19470321",",,6","","","19470324",",1,6","","","","","","","13",",,6,21,","27.7","1,,6,24,","","","","","","","46.1","1,,,6","23",",,,6","","","","","",""
"USC00470124","1947-04","44.32684","-91.91933","204.2","ALMA DAM 4, WI US","","","","","","","","","","","","","1",",6","","","","","","","","","","","2","","","","","","19470415",",,6","","","","","","","","","","","76",",,6,15,","","","","","","","","","","","81",",,,6","","","","","",""
"USC00470124","1947-05","44.32684","-91.91933","204.2","ALMA DAM 4, WI US","","","","","14",",6","10",",6","0",",6","","","","","","","","","","","","","","","","","","","","","","","","","19470513",",,6","","","","","","","","","19.6",",,6,13,","","","","","","","91.4",",,,6","","","","","","","",""
"USC00470124","1947-06","44.32684","-91.91933","204.2","ALMA DAM 4, WI US","","","","","","","","","","","","","","","","","","","","","","","","","1","","","","","","","","","","","","","","","","","","","","","","","","","","","","","","","","","","","","",""
"USC00470124","1947-07","44.32684","-91.91933","204.2","ALMA DAM 4, WI US","","","","","8",",6","7",",6","0",",6","","","","","","","","","","","","","","","1","","","","","","","","","","19470727",",,6","","","","","","","","","23.9",",,6,27,","","","","","","","48.7",",,,6","","","","","","","",""
"USC00470124","1947-08","44.32684","-91.91933","204.2","ALMA DAM 4, WI US","","","","","12",",6","11",",6","1",",6","","","","","","","","","","","","","","","","","","","","","","","","","19470820",",,6","","","","","","","","","40.6",",,6,20,","","","","","","","134.9",",,,6","","","","","","","",""
"USC00470124","1947-09","44.32684","-91.91933","204.2","ALMA DAM 4, WI US","","","","","8",",6","5",",6","1",",6","","","","","","","","","","","","","","","2","","","","","","","","","","19470905",",,6","","","","","","","","","34.5",",,6,05,","","","","","","","88.1",",,,6","","","","","","","",""
"USC00470124","1947-10","44.32684","-91.91933","204.2","ALMA DAM 4, WI US","","","","","9",",6","7",",6","0",",6","","","","","","","","","","","","","","","2","","","","","","","","","","19471025",",,6","","","","","","","","","12.2",",,6,25,","","","","","","","47.3",",,,6","","","","","","","",""
"USC00470124","1947-11","44.32684","-91.91933","204.2","ALMA DAM 4, WI US","","","","","14",",6","6",",6","0",",6","","","2",",6","","","","","","","","","","","3","","","","","","19471126",",,6","","","19471115",",,6","","","","","","","51",",,6,26,","11.4",",,6,15,","","","","","","","43.9",",,,6","137",",,,6","","","","","",""
"USC00470124","1947-12","44.32684","-91.91933","204.2","ALMA DAM 4, WI US","","","","","6",",6","2",",6","0",",6","31",",6","4",",6","","","","","","","","","","","","","","","19471212",",,6","19471205",",,6","","","19471205",",,6","","","","","279",",,6,12,","165",",,6,05,","15.2",",,6,05,","","","","","","","28.2",",,,6","347",",,,6","","","","","",""
"USC00470124","1948-01","44.32684","-91.91933","204.2","ALMA DAM 4, WI US","","","","","4",",6","0",",6","0",",6","31",",6","1",",6","","","","","","","","","","","","","","","19480103","+,,6","19480115",",,6","","","19480115",",,6","","","","","152",",,6,03,+","25",",,6,15,","0.5",",,6,15,","","","","","","","1.4",",,,6","38",",,,6","","","","","",""
"USC00470124","1948-02","44.32684","-91.91933","204.2","ALMA DAM 4, WI US","","","","","5",",6","3",",6","1",",6","","","","","","","","","","","","","","","","","","","","","","","","","19480228",",,6","","","","","","","","","29.0",",,6,28,","","","","","","","41.2",",,,6","","","","","","","",""
"USC00470124","1948-03","44.32684","-91.91933","204.2","ALMA DAM 4, WI US","","","","","2",",6","1",",6","0",",6","","","1",",6","","","","","","","","","","","2","","","","","","19480307",",,6","","","19480307",",,6","","","","","","","102",",,6,07,","13.5",",,6,07,","","","","","","","13.8",",,,6","102",",,,6","","","","","",""
"USC00470124","1948-04","44.32684","-91.91933","204.2","ALMA DAM 4, WI US","","","","","10","1,6","6","1,6","0","1,6","","","0",",6","","","","","","","","","","","","","","","","","19480402",",,6","","","19480423",",1,6","","","","","","","5",",,6,02,","15.2","1,,6,23,","","","","","","","65.2","1,,,6","5",",,,6","","","","","",""
"USC00470124","1948-05","44.32684","-91.91933","204.2","ALMA DAM 4, WI US","","","","","9",",6","5",",6","0",",6","","","","","","","","","","","","","","","","","","","","","","","","","19480504",",,6","","","","","","","","","15.5",",,6,04,","","","","","","","56.9",",,,6","","","","","","","",""
"USC00470124","1948-06","44.32684","-91.91933","204.2","ALMA DAM 4, WI US","","","","","12",",0","5",",0","0",",0","0",",0","0",",0","","","","","","","","","","","3","","","","19480630","+,,0","19480630","+,,0","","","19480621",",,0","","","","","0",",,0,30,+","0",",,0,30,+","9.4",",,0,21,","","","","","","","44.7",",,,0","0",",,,0","","","","","",""
"USC00470124","1948-07","44.32684","-91.91933","204.2","ALMA DAM 4, WI US","","","","","7",",0","4",",0","0",",0","0",",0","0",",0","","","","","","","","","","","","","","","19480731","+,,0","19480731","+,,0","","","19480721",",,0","","","","","0",",,0,31,+","0",",,0,31,+","21.6",",,0,21,","","","","","","","67.8",",,,0","0",",,,0","","","","","",""
"USC00470124","1948-08","44.32684","-91.91933","204.2","ALMA DAM 4, WI US","","","","","10",",0","7",",0","1",",0","0",",0","0",",0","","","","","","","","","","","","","","","19480831","+,,0","19480831","+,,0","","","19480830",",,0","","","","","0",",,0,31,+","0",",,0,31,+","34.5",",,0,30,","","","","","","","91.5",",,,0","0",",,,0","","","","","",""
"USC00470124","1948-09","44.32684","-91.91933","204.2","ALMA DAM 4, WI US","","","","","6",",0","3",",0","0",",0","0",",0","0",",0","","","","","","","","","","","","","","","19480930","+,,0","19480930","+,,0","","","19480920",",,0","","","","","0",",,0,30,+","0",",,0,30,+","14.7",",,0,20,","","","","","","","31.7",",,,0","0",",,,0","","","","","",""
"USC00470124","1948-10","44.32684","-91.91933","204.2","ALMA DAM 4, WI US","","","","","5",",0","3",",0","0",",0","0",",0","0",",0","","","","","","","","","","","3","","","","19481031","+,,0","19481031","+,,0","","","19481007",",,0","","","","","0",",,0,31,+","0",",,0,31,+","14.2",",,0,07,","","","","","","","28.9",",,,0","0",",,,0","","","","","",""
"USC00470124","1948-11","44.32684","-91.91933","204.2","ALMA DAM 4, WI US","","","","","12",",0","7",",0","1",",0","0",",0","0",",0","","","","","","","","","","","","","","","19481130","+,,0","19481130","+,,0","","","19481105",",,0","","","","","0",",T,0,30,+","5",",,0,30,+","27.2",",,0,05,","","","","","","","75.1",",,,0","15",",,,0","","","","","",""
"USC00470124","1948-12","44.32684","-91.91933","204.2","ALMA DAM 4, WI US","","","","","5",",0","3",",0","0",",0","19",",0","2",",0","","","","","","","","","","","","","","","19481231","+,,0","19481229",",,0","","","19481206",",,0","","","","","152",",,0,31,+","102",",,0,29,","17.0",",,0,06,","","","","","","","32.8",",,,0","181",",,,0","","","","","",""
"USC00470124","1949-01","44.32684","-91.91933","204.2","ALMA DAM 4, WI US","","","","","12",",0","7",",0","0",",0","24","2,0","2","1,0","","","","","","","","","","","","","","","19490131","+,2,0","19490128",",1,0","","","19490124",",,0","","","","","152","2,,0,31,+","102","1,,0,28,","11.4",",,0,24,","","","","","","","41.9",",,,0","145","1,,,0","","","","","",""
"USC00470124","1949-02","44.32684","-91.91933","204.2","ALMA DAM 4, WI US","","","","","3",",0","0",",0","0",",0","25",",0","2",",0","","","","","","","","","","","","","","","19490207","+,,0","19490203",",,0","","","19490215",",,0","","","","","254",",,0,07,+","71",",,0,03,","1.8",",,0,15,","","","","","","","3.8",",,,0","127",",,,0","","","","","",""
"USC00470124","1949-03","44.32684","-91.91933","204.2","ALMA DAM 4, WI US","","","","","7",",0","6",",0","0",",0","0","1,0","0",",0","","","","","","","","","","","","","","","19490322","+,1,0","19490331","+,,0","","","19490331",",,0","","","","","0","1,T,0,22,+","5",",,0,31,+","20.8",",,0,31,","","","","","","","66.0",",,,0","10",",,,0","","","","","",""
"USC00470124","1949-04","44.32684","-91.91933","204.2","ALMA DAM 4, WI US","","","","","6",",0","4",",0","0",",0","2","1,0","1","1,0","","","","","","","","","","","","","","","19490415",",1,0","19490415",",1,0","","","19490426",",,0","","","","","51","1,,0,15,","102","1,,0,15,","15.0",",,0,26,","","","","","","","38.7",",,,0","102","1,,,0","","","","","",""
"USC00470124","1949-05","44.32684","-91.91933","204.2","ALMA DAM 4, WI US","","","","","11",",0","4",",0","0",",0","0",",0","0",",0","","","","","","","","","","","","","","","19490531","+,,0","19490531","+,,0","","","19490506",",,0","","","","","0",",,0,31,+","0",",,0,31,+","6.4",",,0,06,","","","","","","","21.9",",,,0","0",",,,0","","","","","",""
"USC00470124","1949-06","44.32684","-91.91933","204.2","ALMA DAM 4, WI US","","","","","8",",0","6",",0","1",",0","0",",0","0",",0","","","","","","","","","","","","","","","19490630","+,,0","19490630","+,,0","","","19490620",",,0","","","","","0",",,0,30,+","0",",,0,30,+","48.5",",,0,20,","","","","","","","82.2",",,,0","0",",,,0","","","","","",""
"USC00470124","1949-07","44.32684","-91.91933","204.2","ALMA DAM 4, WI US","","","","","9",",0","5",",0","2",",0","0",",0","0",",0","","","","","","","","","","","","","","","19490731","+,,0","19490731","+,,0","","","19490727",",,0","","","","","0",",,0,31,+","0",",,0,31,+","51.8",",,0,27,","","","","","","","102.0",",,,0","0",",,,0","","","","","",""
"USC00470124","1949-08","44.32684","-91.91933","204.2","ALMA DAM 4, WI US","","","154.7",",0","6",",0","3",",0","0",",0","0",",0","0",",0","0",",0","0",",0","0",",0","31",",0","7",",0","","","19490831","+,,0","19490831","+,,0","19490831","+,,0","","","19490811",",,0","19490808","+,,0","10.0",",0,31,+","0",",,0,31,+","0",",,0,31,+","8.1",",,0,11,","34.4",",0,08,+","","","3.0",",0","21.6",",,,0","0",",,,0","23.23",",0","29.25",",,,0","17.20",",,,0"
"USC00470124","1949-09","44.32684","-91.91933","204.2","ALMA DAM 4, WI US","","","3.4","2,0","9",",0","7",",0","0",",0","0",",0","0",",0","0","1,0","0","1,0","0","1,0","14","1,0","0","1,0","","","19490930","+,1,0","19490930","+,,0","19490930","+,,0","","","19490905",",,0","19490903",",1,0","1.1","1,0,30,+","0",",,0,30,+","0",",,0,30,+","15.5",",,0,05,","27.8","1,0,03,","","","105.6","1,0","68.2",",,,0","0",",,,0","14.68","2,0","20.57","1,,,0","8.79","1,,,0"
"USC00470124","1949-10","44.32684","-91.91933","204.2","ALMA DAM 4, WI US","","","0.0","2,0","6",",0","2",",0","0",",0","0",",0","0",",0","0","2,0","5","2,0","0",",0","11",",0","0",",0","","","19491031",",2,0","19491031","+,,0","19491031","+,,0","","","19491020",",,0","19491009",",,0","-3.3","2,0,31,","0",",,0,31,+","0",",,0,31,+","14.5",",,0,20,","24.4",",0,09,","","","184.5",",0","21.4",",,,0","0",",,,0","12.12","2,0","18.12",",,,0","6.13","2,,,0"
"USC00470124","1949-11","44.32684","-91.91933","204.2","ALMA DAM 4, WI US","","","0.0","1,0","5",",0","1",",0","0",",0","2",",0","2",",0","0",",0","20",",0","3","1,0","1","1,0","0","1,0","","","19491126",",,0","19491124","+,,0","19491124","+,,0","","","19491113",",,0","19491108",",1,0","-6.7",",0,26,","25",",,0,24,+","25",",,0,24,+","6.9",",,0,13,","24.4","1,0,08,","","","444.6","1,0","11.8",",,,0","50",",,,0","3.00","1,0","7.46","1,,,0","-1.46",",,,0"
"USC00470124","1949-12","44.32684","-91.91933","204.2","ALMA DAM 4, WI US","","","0.0",",0","7",",0","3",",0","0",",0","4","2,0","3",",0","4",",0","31",",0","14",",0","0",",0","0",",0","","","19491224",",,0","19491210",",2,0","19491210",",,0","","","19491231",",,0","19491212",",,0","-22.2",",0,24,","102","2,,0,10,","89",",,0,10,","5.3",",,0,31,","13.9",",0,12,","","","735.8",",0","17.2",",,,0","186",",,,0","-5.40",",0","-0.31",",,,0","-10.50",",,,0"
"USC00470124","1950-01","44.32684","-91.91933","204.2","ALMA DAM 4, WI US","","","","","7",",0","4",",0","0",",0","23","1,0","1",",0","13","2,0","28","2,0","19","5,0","0","5,0","0","5,0","","","19500130","+,2,0","19500127","+,1,0","19500114",",,0","","","19500114",",,0","19500102",",5,0","-31.7","2,0,30,+","254","1,,0,27,+","254",",,0,14,","19.1",",,0,14,","5.6","5,0,02,","","","","","36.7",",,,0","420",",a,,0","-10.62","7,0","-5.06","5,,,0","-16.18","2,,,0"
"USC00470124","1950-02","44.32684","-91.91933","204.2","ALMA DAM 4, WI US","","","0.0","2,0","3","2,0","3","2,0","0","2,0","28",",0","3",",0","11","2,0","26","2,0","23",",0","0",",0","0",",0","","","19500225","+,2,0","19500215",",,0","19500214",",,0","","","19500214",",2,0","19500205",",,0","-26.7","2,0,25,+","279",",,0,15,","203",",,0,14,","13.0","2,,0,14,","4.4",",0,05,","","","716.1",",0","19.8",",a,,0","325",",,,0","-9.32","2,0","-3.20",",,,0","-15.44","2,,,0"
"USC00470124","1950-03","44.32684","-91.91933","204.2","ALMA DAM 4, WI US","","","0.0",",0","7","2,0","4","2,0","0","2,0","19",",0","2",",0","2",",0","28",",0","16",",0","0",",0","0",",0","","","19500302",",,0","19500305","+,,0","19500311",",,0","","","19500327",",2,0","19500307",",,0","-24.4",",0,02,","178",",,0,05,+","89",",,0,11,","9.1","2,,0,27,","9.4",",0,07,","","","704.7",",0","29.0",",a,,0","165",",,,0","-4.40",",0","0.07",",,,0","-8.87",",,,0"
"USC00470124","1950-04","44.32684","-91.91933","204.2","ALMA DAM 4, WI US","","","0.0",",0","10",",0","6",",0","0",",0","","","","","0",",0","21",",0","2",",0","0",",0","0",",0","","","19500413","+,,0","","","","","","","19500425",",,0","19500418",",,0","-6.7",",0,13,+","","","","","20.6",",,0,25,","20.0",",0,18,","","","448.6",",0","52.0",",,,0","","","3.38",",0","8.01",",,,0","-1.25",",,,0"
"USC00470124","1950-05","44.32684","-91.91933","204.2","ALMA DAM 4, WI US","","","10.6",",0","13",",0","8",",0","0",",0","0",",0","0",",0","0",",0","1",",0","0",",0","14",",0","0",",0","","","19500502",",,0","19500531","+,,0","19500531","+,,0","","","19500531",",,0","19500524",",,0","-0.6",",0,02,","0",",,0,31,+","0",",,0,31,+","19.1",",,0,31,","27.2",",0,24,","","","153.0",",0","63.6",",,,0","0",",,,0","13.74",",0","18.74",",,,0","8.74",",,,0"
"USC00470124","1950-06","44.32684","-91.91933","204.2","ALMA DAM 4, WI US","","","74.4",",0","10",",0","6",",0","1",",0","0",",0","0",",0","0",",0","0",",0","0",",0","24",",0","0",",0","","","19500617",",,0","19500630","+,,0","19500630","+,,0","","","19500613",",,0","19500626","+,,0","5.6",",0,17,","0",",,0,30,+","0",",,0,30,+","75.4",",,0,13,","31.1",",0,26,+","","","31.9",",0","103.7",",,,0","0",",,,0","19.75",",0","25.52",",,,0","13.98",",,,0"
"USC00470124","1950-07","44.32684","-91.91933","204.2","ALMA DAM 4, WI US","","","93.9",",0","12",",0","9",",0","2",",0","0",",0","0",",0","0",",0","0",",0","0",",0","30",",0","0",",0","","","19500720",",,0","19500731","+,,0","19500731","+,,0","","","19500723",",,0","19500729","+,,0","11.1",",0,20,","0",",,0,31,+","0",",,0,31,+","40.1",",,0,23,","31.1",",0,29,+","5.2","0","5.2",",0","144.7",",,,0","0",",,,0","21.19",",0","26.76",",,,0","15.62",",,,0"
"USC00470124","1950-08","44.32684","-91.91933","204.2","ALMA DAM 4, WI US","","","60.5",",0","5",",0","5",",0","1",",0","0",",0","0",",0","0",",0","0",",0","0",",0","24",",0","2",",0","","","19500820",",,0","19500831","+,,0","19500831","+,,0","","","19500829",",,0","19500816","+,,0","5.6",",0,20,","0",",,0,31,+","0",",,0,31,+","34.3",",,0,29,","32.2",",0,16,+","36.6","0","31.4",",0","54.4",",,,0","0",",,,0","19.27",",0","24.77",",,,0","13.77",",,,0"
"USC00470124","1950-09","44.32684","-91.91933","204.2","ALMA DAM 4, WI US","","","14.7",",0","4",",0","1",",0","0",",0","0",",0","0",",0","0",",0","0",",0","0",",0","23",",0","0",",0","","","19500925","+,,0","19500930","+,,0","19500930","+,,0","","","19500921",",,0","19500901",",,0","2.2",",0,25,+","0",",,0,30,+","0",",,0,30,+","4.8",",,0,21,","31.1",",0,01,","92.0","0","55.4",",0","8.4",",,,0","0",",,,0","16.98",",0","22.89",",,,0","11.06",",,,0"
"USC00470124","1950-10","44.32684","-91.91933","204.2","ALMA DAM 4, WI US","","","7.0","1,0","4",",0","3",",0","0",",0","0",",0","0",",0","0","1,0","3","1,0","0",",0","15",",0","0",",0","","","19501024",",1,0","19501031","+,,0","19501031","+,,0","","","19501007",",,0","19501019",",,0","-0.6","1,0,24,","0",",,0,31,+","0",",,0,31,+","7.1",",,0,07,","30.0",",0,19,","254.5","0","162.5",",0","14.7",",,,0","0",",,,0","13.32","1,0","19.60",",,,0","7.04","1,,,0"
"USC00470124","1950-11","44.32684","-91.91933","204.2","ALMA DAM 4, WI US","","","0.0",",0","4",",0","3",",0","0",",0","8",",0","0","2,0","1",",0","24",",0","11",",0","1",",0","0",",0","","","19501124",",,0","19501125","+,,0","19501116","+,2,0","","","19501109",",,0","19501101",",,0","-18.9",",0,24,","51",",,0,25,+","0","2,T,0,16,+","9.7",",,0,09,","25.6",",0,01,","830.9","0","576.4",",0","20.3",",,,0","0","2,T,,0","-0.88",",0","3.82",",,,0","-5.58",",,,0"
"USC00470124","1950-12","44.32684","-91.91933","204.2","ALMA DAM 4, WI US","","","0.0",",0","10",",0","5",",0","0",",0","31",",0","7",",0","13",",0","31",",0","28",",0","0",",0","0",",0","","","19501227",",,0","19501227","+,,0","19501206",",,0","","","19501206",",,0","19501224",",,0","-32.2",",0,27,","279",",,0,27,+","203",",,0,06,","9.7",",,0,06,","5.6",",0,24,","1749.5","0","918.6",",0","37.4",",,,0","496",",,,0","-11.30",",0","-6.45",",,,0","-16.15",",,,0"
"USC00470124","1951-01","44.32684","-91.91933","204.2","ALMA DAM 4, WI US","0.0","","0.0",",0","8",",0","2",",0","0",",0","31",",0","3","1,0","16",",0","31",",0","25",",0","0",",0","0",",0","","","19510130",",,0","19510131","+,,0","19510127",",1,0","","","19510127",",,0","19510119","+,,0","-37.8",",0,30,","305",",,0,31,+","76","1,,0,27,","5.6",",,0,27,","5.6",",0,19,+","2680.6","","931.1",",0","16.8",",,,0","173","1,,,0","-11.70",",0","-6.20",",,,0","-17.21",",,,0"
"USC00470124","1951-02","44.32684","-91.91933","204.2","ALMA DAM 4, WI US","0.0","","0.0",",0","4",",0","3",",0","1",",0","23","1,0","0","1,0","11",",0","25",",0","15",",0","0",",0","0",",0","","","19510202",",,0","19510209","+,1,0","19510213","+,1,0","","","19510226",",,0","19510224",",,0","-33.3",",0,02,","356","1,,0,09,+","0","1,T,0,13,+","33.0",",,0,26,","7.8",",0,24,","3398.2","","717.6",",0","43.4",",,,0","0","1,T,,0","-7.30",",0","-2.03",",,,0","-12.56",",,,0"
"USC00470124","1951-03","44.32684","-91.91933","204.2","ALMA DAM 4, WI US","0.0","","0.0","1,0","14",",0","10",",0","0",",0","31",",0","9",",0","6","1,0","27","1,0","15",",0","0",",0","0",",0","","","19510322",",1,0","19510324","+,,0","19510318","+,,0","","","19510303",",,0","19510327",",,0","-23.3","1,0,22,","508",",,0,24,+","203",",,0,18,+","21.6",",,0,03,","10.6",",0,27,","4086.1","","687.9",",0","112.1",",,,0","1003",",,,0","-4.61","1,0","0.28",",,,0","-9.51","1,,,0"
"USC00470124","1951-04","44.32684","-91.91933","204.2","ALMA DAM 4, WI US","0.0","","0.0",",0","12",",0","10",",0","1",",0","4",",0","1",",0","0",",0","15",",0","0",",0","3",",0","0",",0","","","19510417",",,0","19510401",",,0","19510401",",,0","","","19510407",",,0","19510428",",,0","-4.4",",0,17,","102",",,0,01,","38",",,0,01,","26.2",",,0,07,","25.6",",0,28,","4476.7","","390.6",",0","91.5",",,,0","38",",,,0","5.31",",0","9.33",",,,0","1.29",",,,0"
"USC00470124","1951-05","44.32684","-91.91933","204.2","ALMA DAM 4, WI US","","","","","9",",0","6",",0","0",",0","0",",0","0",",0","","","","","","","","","","","","","","","19510531","+,,0","19510531","+,,0","","","19510506",",,0","","","","","0",",,0,31,+","0",",,0,31,+","16.0",",,0,06,","","","","","","","51.8",",,,0","0",",,,0","","","","","",""
"USC00470124","1951-06","44.32684","-91.91933","204.2","ALMA DAM 4, WI US","","","36.8",",0","10",",0","7",",0","1",",0","0",",0","0",",0","0",",0","0",",0","0",",0","24",",0","0",",0","","","19510604",",,0","19510630","+,,0","19510630","+,,0","","","19510602",",,0","19510617",",,0","4.4",",0,04,","0",",,0,30,+","0",",,0,30,+","32.3",",,0,02,","28.3",",0,17,","","","29.9",",0","116.4",",,,0","0",",,,0","18.56",",0","23.70",",,,0","13.43",",,,0"
"USC00470124","1951-07","44.32684","-91.91933","204.2","ALMA DAM 4, WI US","","","","","10",",0","8",",0","1",",0","0",",0","0",",0","","","","","","","","","","","","","","","19510731","+,,0","19510731","+,,0","","","19510721",",,0","","","","","0",",,0,31,+","0",",,0,31,+","103.6",",,0,21,","","","","","","","194.9",",,,0","0",",,,0","","","","","",""
"USC00470124","1951-08","44.32684","-91.91933","204.2","ALMA DAM 4, WI US","","","","","13",",0","7",",0","1",",0","0",",0","0",",0","","","","","","","","","","","","","","","19510831","+,,0","19510831","+,,0","","","19510816",",,0","","","","","0",",,0,31,+","0",",,0,31,+","41.9",",,0,16,","","","","","","","145.5",",,,0","0",",,,0","","","","","",""
"USC00470124","1951-09","44.32684","-91.91933","204.2","ALMA DAM 4, WI US","","","","","14",",0","9",",0","1",",0","0",",0","0",",0","","","","","","","","","","","","","","","19510930","+,,0","19510930","+,,0","","","19510910",",,0","","","","","0",",,0,30,+","0",",,0,30,+","31.8",",,0,10,","","","","","","","91.0",",,,0","0",",,,0","","","","","",""
"USC00470124","1951-10","44.32684","-91.91933","204.2","ALMA DAM 4, WI US","","","","","7",",0","5",",0","0",",0","0",",0","0",",0","","","","","","","","","","","","","","","19511031","+,,0","19511031","+,,0","","","19511022",",,0","","","","","0",",,0,31,+","0",",,0,31,+","24.6",",,0,22,","","","","","","","59.7",",,,0","0",",,,0","","","","","",""
"USC00470124","1951-11","44.32684","-91.91933","204.2","ALMA DAM 4, WI US","","","","","9",",0","7",",0","0",",0","16",",0","3",",0","","","","","","","","","","","","","","","19511105","+,,0","19511104",",,0","","","19511114",",,0","","","","","102",",,0,05,+","102",",,0,04,","15.2",",,0,14,","","","","","","","48.7",",,,0","204",",,,0","","","","","",""
"USC00470124","1951-12","44.32684","-91.91933","204.2","ALMA DAM 4, WI US","","","","","10",",0","4",",0","0",",0","20",",0","8",",0","","","","","","","","","","","","","","","19511228",",,0","19511225",",,0","","","19511218",",,0","","","","","381",",,0,28,","102",",,0,25,","4.6",",,0,18,","","","","","","","18.7",",,,0","458",",,,0","","","","","",""
"USC00470124","1952-01","44.32684","-91.91933","204.2","ALMA DAM 4, WI US","0.0","0","0.0","2,0","9",",0","6",",0","0",",0","31",",0","4",",0","11",",0","31",",0","18","2,0","0","2,0","0","2,0","","","19520124",",,0","19520131","+,,0","19520122",",,0","","","19520122","+,,0","19520131",",2,0","-30.0",",0,24,","254",",,0,31,+","152",",,0,22,","11.7",",,0,22,+","8.9","2,0,31,","","","764.5","2,0","40.4",",,,0","308",",,,0","-8.21","2,0","-2.39","2,,,0","-14.04",",,,0"
"USC00470124","1952-02","44.32684","-91.91933","204.2","ALMA DAM 4, WI US","0.0","0","0.0",",0","5",",0","3",",0","0",",0","29",",0","4",",0","1",",0","29",",0","12",",0","0",",0","0",",0","","","19520222",",,0","19520221",",,0","19520221",",,0","","","19520220",",,0","19520212",",,0","-21.7",",0,22,","229",",,0,21,","127",",,0,21,","9.9",",,0,20,","6.1",",0,12,","","","630.2",",0","18.8",",,,0","395",",,,0","-3.40",",0","0.62",",,,0","-7.41",",,,0"
"USC00470124","1952-03","44.32684","-91.91933","204.2","ALMA DAM 4, WI US","0.0","0","0.0",",0","7",",0","5",",0","0",",0","19",",0","2","1,0","1",",0","28",",0","9",",0","0",",0","0",",0","","","19520305",",,0","19520323",",,0","19520323",",1,0","","","19520323",",,0","19520330",",,0","-18.3",",0,05,","356",",,0,23,","356","1,,0,23,","19.3",",,0,23,","12.8",",0,30,","","","633.3",",0","56.7",",,,0","420","1,,,0","-2.10",",0","2.03",",,,0","-6.22",",,,0"
"USC00470124","1952-04","44.32684","-91.91933","204.2","ALMA DAM 4, WI US","12.8","0","12.8",",0","7",",0","6",",0","0",",0","5",",0","2",",0","0",",0","12",",0","0",",0","9",",0","0",",0","","","19520412",",,0","19520414","+,,0","19520410",",,0","","","19520414",",,0","19520430",",,0","-6.1",",0,12,","51",",,0,14,+","51",",,0,10,","13.5",",,0,14,","31.7",",0,30,","","","287.7",",0","50.9",",,,0","107",",,,0","9.17",",0","15.56",",,,0","2.78",",,,0"
"USC00470124","1952-05","44.32684","-91.91933","204.2","ALMA DAM 4, WI US","33.1","0","20.3",",0","12",",0","7",",0","0",",0","0",",0","0",",0","0",",0","0",",0","0",",0","13",",0","0",",0","","","19520511",",,0","19520531","+,,0","19520531","+,,0","","","19520530",",,0","19520504","+,,0","2.8",",0,11,","0",",,0,31,+","0",",,0,31,+","21.3",",,0,30,","31.7",",0,04,+","","","125.2",",0","82.7",",,,0","0",",,,0","14.95",",0","20.59",",,,0","9.30",",,,0"
"USC00470124","1952-06","44.32684","-91.91933","204.2","ALMA DAM 4, WI US","134.5","0","101.4",",0","15",",0","9",",0","0",",0","0",",0","0",",0","0",",0","0",",0","0",",0","28",",0","5",",0","","","19520601",",,0","19520630","+,,0","19520630","+,,0","","","19520623",",,0","19520614","+,,0","7.2",",0,01,","0",",,0,30,+","0",",,0,30,+","24.1",",,0,23,","32.8",",0,14,+","","","11.7",",0","118.9",",,,0","0",",,,0","21.32",",0","27.11",",,,0","15.54",",,,0"
"USC00470124","1952-07","44.32684","-91.91933","204.2","ALMA DAM 4, WI US","294.1","0","159.6",",0","9",",0","8",",0","1",",0","0",",0","0",",0","0",",0","0",",0","0",",0","31",",0","6",",0","","","19520729",",,0","19520731","+,,0","19520731","+,,0","","","19520720",",,0","19520726","+,,0","12.2",",0,29,","0",",,0,31,+","0",",,0,31,+","33.0",",,0,20,","33.9",",0,26,+","0.0","0","0.0",",0","108.2",",,,0","0",",,,0","23.48",",0","29.50",",,,0","17.46",",,,0"
"USC00470124","1952-08","44.32684","-91.91933","204.2","ALMA DAM 4, WI US","381.0","0","86.9",",0","8",",0","7",",0","2",",0","0",",0","0",",0","0",",0","0",",0","0",",0","30",",0","0",",0","","","19520812",",,0","19520831","+,,0","19520831","+,,0","","","19520816",",,0","19520827","+,,0","11.1",",0,12,","0",",,0,31,+","0",",,0,31,+","95.3",",,0,16,","31.1",",0,27,+","2.7","0","2.7",",0","172.3",",,,0","0",",,,0","21.05",",0","26.09",",,,0","16.01",",,,0"
"USC00470124","1952-09","44.32684","-91.91933","204.2","ALMA DAM 4, WI US","431.4","0","50.4",",0","3",",0","2",",0","0",",0","0",",0","0",",0","0",",0","0",",0","0",",0","21",",0","0",",0","","","19520923",",,0","19520930","+,,0","19520930","+,,0","","","19520918",",,0","19520912","+,,0","5.0",",0,23,","0",",,0,30,+","0",",,0,30,+","4.8",",,0,18,","30.6",",0,12,+","73.4","0","70.7",",0","9.2",",,,0","0",",,,0","17.66",",0","23.41",",,,0","11.90",",,,0"
"USC00470124","1952-10","44.32684","-91.91933","204.2","ALMA DAM 4, WI US","431.4","0","0.0",",0","2",",0","0",",0","0",",0","1",",0","0","1,0","0",",0","12",",0","0",",0","1",",0","0",",0","","","19521020","+,,0","19521017",",,0","19521031","+,1,0","","","19521001",",,0","19521024",",,0","-6.7",",0,20,+","25",",,0,17,","0","1,,0,31,+","1.8",",,0,01,","22.2",",0,24,","398.5","0","325.1",",0","3.1",",,,0","0","1,,,0","7.85",",0","14.56",",,,0","1.13",",,,0"
"USC00470124","1952-12","44.32684","-91.91933","204.2","ALMA DAM 4, WI US","","","0.0",",0","5",",0","3",",0","0",",0","29",",0","3",",0","0",",0","31",",0","19",",0","0",",0","0",",0","","","19521227",",,0","19521231","+,,0","19521212",",,0","","","19521220",",,0","19521208","+,,0","-15.0",",0,27,","76",",,0,31,+","64",",,0,12,","4.6",",,0,20,","6.1",",0,08,+","","","675.5",",0","12.7",",,,0","153",",,,0","-3.46",",0","-0.34",",,,0","-6.58",",,,0"
"USC00470124","1953-01","44.32684","-91.91933","204.2","ALMA DAM 4, WI US","0.0","0","0.0",",0","6",",0","3",",0","0",",0","31",",0","2","2,0","4",",0","31",",0","21",",0","0",",0","0",",0","","","19530116","+,,0","19530109","+,,0","19530102",",2,0","","","19530116",",,0","19530112",",,0","-22.2",",0,16,+","102",",,0,09,+","51","2,,0,02,","5.6",",,0,16,","3.9",",0,12,","","","760.5",",0","15.6",",,,0","89","2,,,0","-6.20",",0","-2.05",",,,0","-10.35",",,,0"
"USC00470124","1953-02","44.32684","-91.91933","204.2","ALMA DAM 4, WI US","0.0","0","0.0","1,0","6",",0","4",",0","0",",0","28",",0","4","1,0","4","1,0","27","1,0","14",",0","0",",0","0",",0","","","19530201",",1,0","19530223","+,,0","19530220",",1,0","","","19530220",",,0","19530223",",,0","-22.8","1,0,01,","203",",,0,23,+","140","1,,0,20,","11.9",",,0,20,","4.4",",0,23,","","","657.5",",0","34.2",",,,0","280","1,,,0","-6.02","1,0","-0.90",",,,0","-11.15","1,,,0"
"USC00470124","1953-03","44.32684","-91.91933","204.2","ALMA DAM 4, WI US","0.0","0","0.0",",0","8",",0","4",",0","0",",0","11",",0","2",",0","1",",0","23",",0","9",",0","1",",0","0",",0","","","19530301",",,0","19530308","+,,0","19530303",",,0","","","19530322",",,0","19530321",",,0","-17.8",",0,01,","178",",,0,08,+","64",",,0,03,","14.2",",,0,22,","21.1",",0,21,","","","560.9",",0","40.7",",,,0","115",",,,0","0.24",",0","4.91",",,,0","-4.43",",,,0"
"USC00470124","1953-04","44.32684","-91.91933","204.2","ALMA DAM 4, WI US","0.0","0","0.0",",0","15",",0","10",",0","0",",0","0",",0","0",",0","0",",0","14",",0","0",",0","0",",0","0",",0","","","19530413",",,0","19530430","+,,0","19530419",",,0","","","19530410",",,0","19530423",",,0","-6.1",",0,13,","0",",,0,30,+","0",",T,0,19,","13.2",",,0,10,","20.0",",0,23,","","","392.2",",0","87.1",",,,0","0",",T,,0","5.26",",0","9.66",",,,0","0.85",",,,0"
"USC00470124","1953-05","44.32684","-91.91933","204.2","ALMA DAM 4, WI US","22.8","0","22.8",",0","11",",0","7",",0","2",",0","0",",0","0",",0","0",",0","1",",0","0",",0","21",",0","0",",0","","","19530513",",,0","19530531","+,,0","19530531","+,,0","","","19530520",",,0","19530530",",,0","-2.2",",0,13,","0",",,0,31,+","0",",,0,31,+","33.5",",,0,20,","30.6",",0,30,","","","118.6",",0","95.3",",,,0","0",",,,0","15.24",",0","21.46",",,,0","9.03",",,,0"
"USC00470124","1953-06","44.32684","-91.91933","204.2","ALMA DAM 4, WI US","142.4","0","119.6",",0","8",",0","5",",0","0",",0","0",",0","0",",0","0",",0","0",",0","0",",0","28",",0","6",",0","","","19530607",",,0","19530630","+,,0","19530630","+,,0","","","19530625",",,0","19530619",",,0","7.2",",0,07,","0",",,0,30,+","0",",,0,30,+","24.1",",,0,25,","34.4",",0,19,","","","11.7",",0","81.2",",,,0","0",",,,0","21.93",",0","27.72",",,,0","16.14",",,,0"
"USC00470124","1953-07","44.32684","-91.91933","204.2","ALMA DAM 4, WI US","269.9","0","127.5",",0","11",",0","8",",0","3",",0","0",",0","0",",0","0",",0","0",",0","0",",0","31",",0","3",",0","","","19530708",",,0","19530731","+,,0","19530731","+,,0","","","19530729",",,0","19530719","+,,0","10.6",",0,08,","0",",,0,31,+","0",",,0,31,+","30.7",",,0,29,","32.2",",0,19,+","2.2","0","2.2",",0","141.1",",,,0","0",",,,0","22.38",",0","28.05",",,,0","16.71",",,,0"
"USC00470124","1953-08","44.32684","-91.91933","204.2","ALMA DAM 4, WI US","395.9","0","126.0","2,0","12",",0","10",",0","0",",0","0",",0","0",",0","0","2,0","0","2,0","0",",0","31",",0","6",",0","","","19530819",",2,0","19530831","+,,0","19530831","+,,0","","","19530804",",,0","19530831","+,,0","11.7","2,0,19,","0",",,0,31,+","0",",,0,31,+","16.5",",,0,04,","34.4",",0,31,+","2.2","0","0.0",",0","74.5",",,,0","0",",,,0","22.84","2,0","28.94",",,,0","16.74","2,,,0"
"USC00470124","1953-09","44.32684","-91.91933","204.2","ALMA DAM 4, WI US","431.7","0","35.8",",0","4",",0","3",",0","0",",0","0",",0","0",",0","0",",0","0",",0","0",",0","25",",0","2",",0","","","19530922",",,0","19530930","+,,0","19530930","+,,0","","","19530924",",,0","19530901",",,0","3.9",",0,22,","0",",,0,30,+","0",",,0,30,+","8.4",",,0,24,","34.4",",0,01,","58.6","0","56.4",",0","16.5",",,,0","0",",,,0","17.65",",0","24.55",",,,0","10.74",",,,0"
"USC00470124","1953-10","44.32684","-91.91933","204.2","ALMA DAM 4, WI US","457.5","0","25.8",",0","2",",0","1",",0","0",",0","0",",0","0",",0","0",",0","2",",0","0",",0","18",",0","0",",0","","","19531027",",,0","19531031","+,,0","19531031","+,,0","","","19531019",",,0","19531017","+,,0","-2.2",",0,27,","0",",,0,31,+","0",",,0,31,+","6.6",",,0,19,","29.4",",0,17,+","196.0","0","137.4",",0","7.1",",,,0","0",",,,0","14.73",",0","21.37",",,,0","8.09",",,,0"
"USC00470124","1953-12","44.32684","-91.91933","204.2","ALMA DAM 4, WI US","","","0.0",",0","6",",0","2",",0","0",",0","12",",0","2","1,0","5",",0","30",",0","7",",0","0",",0","0",",0","","","19531217",",,0","19531231","+,,0","19531216","+,1,0","","","19531204",",,0","19531204",",,0","-23.3",",0,17,","25",",,0,31,+","25","1,,0,16,+","19.1",",,0,04,","10.6",",0,04,","","","662.3",",0","31.6",",,,0","63","1,,,0","-3.03",",0","1.69",",,,0","-7.75",",,,0"
"USC00470124","1954-01","44.32684","-91.91933","204.2","ALMA DAM 4, WI US","0.0","0","0.0","2,0","7",",0","1",",0","0",",0","17",",0","3",",0","12",",0","31",",0","19","2,0","0","2,0","0","2,0","","","19540117",",,0","19540131","+,,0","19540115",",,0","","","19540127",",,0","19540108","+,2,0","-30.0",",0,17,","102",",,0,31,+","51",",,0,15,","2.5",",,0,27,","4.4","2,0,08,+","","","797.9","2,0","7.7",",,,0","104",",,,0","-9.18","2,0","-3.70","2,,,0","-14.67",",,,0"
"USC00470124","1954-02","44.32684","-91.91933","204.2","ALMA DAM 4, WI US","","","","","3",",0","1",",0","0",",0","4",",0","0",",0","","","","","","","","","","","","","","","19540201",",,0","19540227","+,,0","","","19540220",",,0","","","","","102",",,0,01,","0",",T,0,27,+","5.6",",,0,20,","","","","","","","8.2",",,,0","0",",T,,0","","","","","",""
"USC00470124","1954-03","44.32684","-91.91933","204.2","ALMA DAM 4, WI US","","","0.0",",0","9",",0","4",",0","0",",0","7",",0","2",",0","0",",0","28",",0","5",",0","0",",0","0",",0","","","19540305",",,0","19540313",",,0","19540313",",,0","","","19540319",",,0","19540317",",,0","-14.4",",0,05,","203",",,0,13,","178",",,0,13,","20.8",",,0,19,","13.9",",0,17,","","","582.3",",0","50.5",",,,0","242",",,,0","-0.45",",0","4.64",",,,0","-5.54",",,,0"
"USC00470124","1954-04","44.32684","-91.91933","204.2","ALMA DAM 4, WI US","","","1.4",",0","9",",0","9",",0","1",",0","0",",0","0",",0","0",",0","7",",0","0",",0","6",",0","0",",0","","","19540403",",,0","19540430","+,,0","19540430","+,,0","","","19540427",",,0","19540414",",,0","-12.8",",0,03,","0",",,0,30,+","0",",,0,30,+","44.5",",,0,27,","26.7",",0,14,","","","255.8",",0","111.7",",,,0","0",",,,0","9.85",",0","15.80",",,,0","3.91",",,,0"
"USC00470124","1954-05","44.32684","-91.91933","204.2","ALMA DAM 4, WI US","","","7.5",",0","12",",0","7",",0","1",",0","0",",0","0",",0","0",",0","2",",0","0",",0","8",",0","0",",0","","","19540503",",,0","19540531","+,,0","19540531","+,,0","","","19540501",",,0","19540523",",,0","-1.7",",0,03,","0",",,0,31,+","0",",,0,31,+","45.7",",,0,01,","27.2",",0,23,","","","198.5",",0","124.7",",,,0","0",",,,0","12.17",",0","17.51",",,,0","6.83",",,,0"
"USC00470124","1954-06","44.32684","-91.91933","204.2","ALMA DAM 4, WI US","","","139.3",",0","10",",0","7",",0","2",",0","0",",0","0",",0","0",",0","0",",0","0",",0","28",",0","2",",0","","","19540605","+,,0","19540630","+,,0","19540630","+,,0","","","19540619",",,0","19540624",",,0","6.7",",0,05,+","0",",,0,30,+","0",",,0,30,+","81.3",",,0,19,","32.8",",0,24,","","","18.8",",0","171.3",",,,0","0",",,,0","22.35",",0","27.42",",,,0","17.27",",,,0"
"USC00470124","1954-07","44.32684","-91.91933","204.2","ALMA DAM 4, WI US","","","163.3",",0","8",",0","6",",0","0",",0","0",",0","0",",0","0",",0","0",",0","0",",0","31",",0","3",",0","","","19540703","+,,0","19540731","+,,0","19540731","+,,0","","","19540711",",,0","19540719",",,0","13.9",",0,03,+","0",",,0,31,+","0",",,0,31,+","23.6",",,0,11,","35.6",",0,19,","0.0","0","0.0",",0","83.3",",,,0","0",",,,0","23.60",",0","29.33",",,,0","17.87",",,,0"
"USC00470124","1954-08","44.32684","-91.91933","204.2","ALMA DAM 4, WI US","","","97.4","1,0","9",",0","6",",0","1",",0","0",",0","0",",0","0","1,0","0","1,0","0",",0","31",",0","0",",0","","","19540811",",1,0","19540831","+,,0","19540831","+,,0","","","19540816",",,0","19540815",",,0","9.4","1,0,11,","0",",,0,31,+","0",",,0,31,+","26.2",",,0,16,","31.7",",0,15,","3.9","0","3.9",",0","91.8",",,,0","0",",,,0","21.43","1,0","26.87",",,,0","15.98","1,,,0"
"USC00470124","1954-09","44.32684","-91.91933","204.2","ALMA DAM 4, WI US","","","22.6",",0","13",",0","9",",0","1",",0","0",",0","0",",0","0",",0","0",",0","0",",0","18",",0","0",",0","","","19540922",",,0","19540930","+,,0","19540930","+,,0","","","19540914",",,0","19540901",",,0","3.9",",0,22,","0",",,0,30,+","0",",,0,30,+","35.1",",,0,14,","29.4",",0,01,","73.4","0","69.5",",0","115.0",",,,0","0",",,,0","16.77",",0","21.87",",,,0","11.67",",,,0"
"USC00470124","1954-10","44.32684","-91.91933","204.2","ALMA DAM 4, WI US","","","0.0","1,0","9",",0","7",",0","1",",0","0",",0","0",",0","0","1,0","5","1,0","0",",0","4",",0","0",",0","","","19541031",",1,0","19541031","+,,0","19541029",",,0","","","19541003",",,0","19541023","+,,0","-5.0","1,0,31,","0",",,0,31,+","0",",T,0,29,","97.8",",,0,03,","22.2",",0,23,+","333.9","0","260.5",",0","154.8",",,,0","0",",T,,0","9.59","1,0","14.16",",,,0","5.02","1,,,0"
"USC00470124","1954-11","44.32684","-91.91933","204.2","ALMA DAM 4, WI US","","","0.0",",0","7",",0","1",",0","0",",0","4","3,0","0","5,0","0",",0","20",",0","5",",0","0",",0","0",",0","","","19541129",",,0","19541130","+,3,0","19541129","+,5,0","","","19541124",",,0","19541117",",,0","-7.8",",0,29,","25","3,,0,30,+","0","5,T,0,29,+","3.3",",,0,24,","18.9",",0,17,","771.6","0","437.7",",0","10.0",",,,0","0","5,T,,0","3.74",",0","8.11",",,,0","-0.63",",,,0"
"USC00470124","1954-12","44.32684","-91.91933","204.2","ALMA DAM 4, WI US","","","0.0",",0","4",",0","2",",0","0",",0","31",",0","3",",0","0",",0","31",",0","16",",0","0",",0","0",",0","","","19541206",",,0","19541221","+,,0","19541212",",,0","","","19541212",",,0","19541225",",,0","-13.3",",0,06,","203",",,0,21,+","102",",,0,12,","6.1",",,0,12,","4.4",",0,25,","1454.9","0","683.3",",0","13.0",",,,0","229",",,,0","-3.71",",0","-0.22",",,,0","-7.20",",,,0"
"USC00470124","1955-01","44.32684","-91.91933","204.2","ALMA DAM 4, WI US","0.0","0","0.0","2,0","5",",0","1",",0","0",",0","27","1,","","","7","2,0","29","2,0","20","2,0","0","2,0","0","2,0","","","19550127",",2,0","19550130","+,1,0","","","","","19550105",",,0","19550114",",2,0","-28.3","2,0,27,","76","1,,0,30,+","","","3.0",",,0,05,","3.9","2,0,14,","2215.1","0","760.2","2,0","7.1",",,,0","","","-7.88","2,0","-3.82","2,,,0","-11.94","2,,,0"
"USC00470124","1955-02","44.32684","-91.91933","204.2","ALMA DAM 4, WI US","0.0","0","0.0","3,0","6",",0","3",",0","0",",0","19",",","","","6","3,0","24","3,0","20",",0","0",",0","0",",0","","","19550211",",3,0","19550215","+,,0","","","","","19550219",",,0","19550220",",,0","-25.6","3,0,11,","127",",,0,15,+","","","5.8",",,0,19,","6.1",",0,20,","2865.0","0","649.9",",0","15.7",",,,0","","","-7.68","3,0","-3.08",",,,0","-12.28","3,,,0"
"USC00470124","1955-03","44.32684","-91.91933","204.2","ALMA DAM 4, WI US","0.0","0","0.0","5,0","7",",0","2",",0","0",",0","","","","","1","5,0","24","5,0","10","3,0","0","3,0","0","3,0","","","19550307",",5,0","","","","","","","19550321",",,0","19550310",",3,0","-20.6","5,0,07,","","","","","7.6",",,0,21,","13.3","3,0,10,","3426.6","0","561.6","3,0","13.1",",,,0","","","-3.11","5,0","1.74","3,,,0","-7.96","5,,,0"
"USC00470124","1955-04","44.32684","-91.91933","204.2","ALMA DAM 4, WI US","0.0","0","0.0",",0","6",",0","4",",0","0",",0","0",",0","0",",0","0",",0","1",",0","0",",0","8",",0","0",",0","","","19550407",",,0","19550430","+,,0","19550430","+,,0","","","19550405",",,0","19550430","+,,0","-2.8",",0,07,","0",",,0,30,+","0",",,0,30,+","17.3",",,0,05,","25.0",",0,30,+","3627.0","0","200.4",",0","60.8",",,,0","0",",,,0","11.65",",0","17.66",",,,0","5.65",",,,0"
"USC00470124","1955-05","44.32684","-91.91933","204.2","ALMA DAM 4, WI US","28.1","0","28.1","1,0","9",",0","5",",0","2",",0","0",",0","0",",0","0","1,0","0","1,0","0",",0","23",",0","0",",0","","","19550508",",1,0","19550531","+,,0","19550531","+,,0","","","19550529",",,0","19550523","+,,0","1.1","1,0,08,","0",",,0,31,+","0",",,0,31,+","36.8",",,0,29,","30.0",",0,23,+","3695.1","0","68.1",",0","90.5",",,,0","0",",,,0","17.04","1,0","23.70",",,,0","10.38","1,,,0"
"USC00470124","1955-06","44.32684","-91.91933","204.2","ALMA DAM 4, WI US","89.3","0","61.2",",0","11",",0","3",",0","1",",0","0",",0","0",",0","0",",0","0",",0","0",",0","25",",0","1",",0","","","19550612",",,0","19550630","+,,0","19550630","+,,0","","","19550606",",,0","19550630",",,0","8.3",",0,12,","0",",,0,30,+","0",",,0,30,+","28.2",",,0,06,","32.8",",0,30,","3718.5","0","23.4",",0","67.4",",,,0","0",",,,0","19.59",",0","25.11",",,,0","14.07",",,,0"
"USC00470124","1955-07","44.32684","-91.91933","204.2","ALMA DAM 4, WI US","312.1","0","222.8",",0","10",",0","7",",0","2",",0","0",",0","0",",0","0",",0","0",",0","0",",0","31",",0","15",",0","","","19550711",",,0","19550731","+,,0","19550731","+,,0","","","19550708",",,0","19550726",",,0","13.9",",0,11,","0",",,0,31,+","0",",,0,31,+","85.6",",,0,08,","37.2",",0,26,","0.0","0","0.0",",0","193.8",",,,0","0",",,,0","25.52",",0","30.98",",,,0","20.06",",,,0"
"USC00470124","1955-08","44.32684","-91.91933","204.2","ALMA DAM 4, WI US","498.8","0","186.7",",0","7",",0","5",",0","0",",0","0",",0","0",",0","0",",0","0",",0","0",",0","31",",0","12",",0","","","19550831","+,,0","19550831","+,,0","19550831","+,,0","","","19550826",",,0","19550817",",,0","11.1",",0,31,+","0",",,0,31,+","0",",,0,31,+","14.7",",,0,26,","37.8",",0,17,","1.7","0","1.7",",0","48.2",",,,0","0",",,,0","24.30",",0","30.42",",,,0","18.19",",,,0"
"USC00470124","1955-09","44.32684","-91.91933","204.2","ALMA DAM 4, WI US","551.8","0","53.0",",0","7",",0","6",",0","0",",0","0",",0","0",",0","0",",0","0",",0","0",",0","23",",0","4",",0","","","19550912",",,0","19550930","+,,0","19550930","+,,0","","","19550927",",,0","19550909",",,0","3.9",",0,12,","0",",,0,30,+","0",",,0,30,+","11.9",",,0,27,","33.9",",0,09,","58.0","0","56.3",",0","41.8",",,,0","0",",,,0","18.22",",0","24.45",",,,0","12.00",",,,0"
"USC00470124","1955-10","44.32684","-91.91933","204.2","ALMA DAM 4, WI US","554.1","0","2.3",",0","11",",0","4",",0","0",",0","0",",0","0",",0","0",",0","0",",0","0",",0","9",",0","0",",0","","","19551030","+,,0","19551031","+,,0","19551031","+,,0","","","19551030",",,0","19551011","+,,0","0.6",",0,30,+","0",",,0,31,+","0",",,0,31,+","20.3",",,0,30,","26.1",",0,11,+","269.3","0","211.3",",0","53.6",",,,0","0",",,,0","11.59",",0","16.98",",,,0","6.20",",,,0"
"USC00470124","1955-11","44.32684","-91.91933","204.2","ALMA DAM 4, WI US","554.1","0","0.0",",0","7",",0","2",",0","0",",0","18",",","","","0",",0","27",",0","8",",0","0",",0","0",",0","","","19551128",",,0","19551118","+,,0","","","","","19551106",",,0","19551101",",,0","-17.2",",0,28,","76",",,0,18,+","","","5.8",",,0,06,","11.1",",0,01,","865.8","0","596.5",",0","15.0",",,,0","","","-1.55",",0","2.68",",,,0","-5.79",",,,0"
"USC00470124","1955-12","44.32684","-91.91933","204.2","ALMA DAM 4, WI US","554.1","0","0.0",",0","8",",0","1",",0","0",",0","30",",","","","8",",0","31",",0","24",",0","0",",0","0",",0","","","19551219",",,0","19551225","+,,0","","","","","19551204",",,0","19551224",",,0","-26.7",",0,19,","102",",,0,25,+","","","10.9",",,0,04,","6.1",",0,24,","1699.3","0","833.5",",0","16.2",",,,0","","","-8.55",",0","-3.97",",,,0","-13.14",",,,0"
"USC00470124","1956-01","44.32684","-91.91933","204.2","ALMA DAM 4, WI US","0.0","0","0.0","1,0","4",",0","1",",0","0",",0","31",",","","","5","1,0","30","1,0","22","1,0","0","1,0","0","1,0","","","19560123",",1,0","19560131","+,,0","","","","","19560102",",,0","19560114",",1,0","-28.3","1,0,23,","102",",,0,31,+","","","16.5",",,0,02,","4.4","1,0,14,","2495.3","0","796.0","1,0","22.8",",,,0","","","-8.20","1,0","-2.87","1,,,0","-13.53","1,,,0"
"USC00470124","1956-02","44.32684","-91.91933","204.2","ALMA DAM 4, WI US","0.0","0","0.0",",0","5",",0","0",",0","0",",0","29",",","","","9",",0","29",",0","20",",0","0",",0","0",",0","","","19560203",",,0","19560204","+,,0","","","","","19560225",",,0","19560229",",,0","-23.9",",0,03,","152",",,0,04,+","","","2.3",",,0,25,","5.0",",0,29,","3261.9","0","766.6",",0","6.0",",,,0","","","-8.10",",0","-1.88",",,,0","-14.32",",,,0"
"USC00470124","1956-03","44.32684","-91.91933","204.2","ALMA DAM 4, WI US","0.0","0","0.0",",0","12",",0","4",",0","1",",0","","","6","4,0","3",",0","30",",0","7",",0","0",",0","0",",0","","","19560312",",,0","","","19560311",",4,0","","","19560328",",,0","19560326",",,0","-21.7",",0,12,","","","305","4,,0,11,","37.6",",,0,28,","12.2",",0,26,","3912.9","0","651.0",",0","78.2",",,,0","609","4,,,0","-2.67",",0","2.44",",,,0","-7.77",",,,0"
"USC00470124","1956-04","44.32684","-91.91933","204.2","ALMA DAM 4, WI US","0.0","0","0.0",",0","11",",0","6",",0","0",",0","3",",0","0","3,0","0",",0","11",",0","0",",0","0",",0","0",",0","","","19560430",",,0","19560430",",,0","19560430","+,3,0","","","19560404",",,0","19560405",",,0","-5.0",",0,30,","102",",,0,30,","0","3,,0,30,+","9.1",",,0,04,","18.9",",0,05,","4272.8","0","359.9",",0","43.9",",,,0","0","3,,,0","6.34",",0","12.00",",,,0","0.67",",,,0"
"USC00470124","1956-05","44.32684","-91.91933","204.2","ALMA DAM 4, WI US","23.4","0","23.4",",0","13",",0","10",",0","0",",0","0",",0","0",",0","0",",0","0",",0","0",",0","15",",0","0",",0","","","19560501",",,0","19560531","+,,0","19560531","+,,0","","","19560502",",,0","19560512",",,0","0.6",",0,01,","0",",,0,31,+","0",",,0,31,+","18.0",",,0,02,","28.9",",0,12,","4401.4","0","128.6",",0","77.1",",,,0","0",",,,0","14.94",",0","20.46",",,,0","9.42",",,,0"
"USC00470124","1956-06","44.32684","-91.91933","204.2","ALMA DAM 4, WI US","177.2","0","153.8",",0","7",",0","6",",0","0",",0","0",",0","0",",0","0",",0","0",",0","0",",0","29",",0","8",",0","","","19560601",",,0","19560630","+,,0","19560630","+,,0","","","19560626",",,0","19560611",",,0","6.7",",0,01,","0",",,0,30,+","0",",,0,30,+","24.6",",,0,26,","38.3",",0,11,","4410.0","0","8.6",",0","77.2",",,,0","0",",,,0","23.17",",0","29.63",",,,0","16.72",",,,0"
"USC00470124","1956-07","44.32684","-91.91933","204.2","ALMA DAM 4, WI US","264.4","0","87.2","1,0","12",",0","8",",0","1",",0","0",",0","0",",0","0","1,0","0","1,0","0",",0","30",",0","1",",0","","","19560728",",1,0","19560731","+,,0","19560731","+,,0","","","19560731",",,0","19560726",",,0","11.1","1,0,28,","0",",,0,31,+","0",",,0,31,+","25.9",",,0,31,","32.8",",0,26,","1.6","0","1.6",",0","102.4",",,,0","0",",,,0","21.21","1,0","26.56",",,,0","15.86","1,,,0"
"USC00470124","1956-08","44.32684","-91.91933","204.2","ALMA DAM 4, WI US","389.0","0","124.6",",0","11",",0","8",",0","1",",0","0",",0","0",",0","0",",0","0",",0","0",",0","30",",0","2",",0","","","19560820",",,0","19560831","+,,0","19560831","+,,0","","","19560803",",,0","19560827",",,0","8.3",",0,20,","0",",,0,31,+","0",",,0,31,+","57.9",",,0,03,","32.8",",0,27,","9.1","0","7.5",",0","119.7",",,,0","0",",,,0","22.11",",0","27.87",",,,0","16.35",",,,0"
"USC00470124","1956-09","44.32684","-91.91933","204.2","ALMA DAM 4, WI US","407.7","0","18.7",",0","6",",0","3",",0","0",",0","0",",0","0",",0","0",",0","0",",0","0",",0","20",",0","0",",0","","","19560930",",,0","19560930","+,,0","19560930","+,,0","","","19560905",",,0","19560925",",,0","1.7",",0,30,","0",",,0,30,+","0",",,0,30,+","19.3",",,0,05,","28.9",",0,25,","99.9","0","90.8",",0","41.9",",,,0","0",",,,0","15.93",",0","22.11",",,,0","9.75",",,,0"
"USC00470124","1956-10","44.32684","-91.91933","204.2","ALMA DAM 4, WI US","415.8","0","8.1",",0","5",",0","2",",0","0",",0","0",",0","0",",0","0",",0","1",",0","0",",0","12",",0","0",",0","","","19561010",",,0","19561031","+,,0","19561031","+,,0","","","19561014",",,0","19561012",",,0","0.0",",0,10,","0",",,0,31,+","0",",,0,31,+","13.7",",,0,14,","27.8",",0,12,","226.8","0","126.9",",0","21.6",",,,0","0",",,,0","14.50",",0","20.18",",,,0","8.82",",,,0"
"USC00470124","1956-11","44.32684","-91.91933","204.2","ALMA DAM 4, WI US","415.8","0","0.0",",0","8",",0","5",",0","0",",0","11",",","","","0",",0","20",",0","6",",0","0",",0","0",",0","","","19561123",",,0","19561125","+,,0","","","","","19561115",",,0","19561101",",,0","-16.7",",0,23,","51",",,0,25,+","","","12.7",",,0,15,","19.4",",0,01,","709.5","0","482.7",",0","36.6",",,,0","","","2.24",",0","6.52",",,,0","-2.04",",,,0"
"USC00470124","1956-12","44.32684","-91.91933","204.2","ALMA DAM 4, WI US","415.8","0","0.0",",0","6",",0","3",",0","0",",0","","","","","1",",0","31",",0","12",",0","0",",0","0",",0","","","19561213",",,0","","","","","","","19561205",",,0","19561202",",,0","-21.1",",0,13,","","","","","6.1",",,0,05,","7.2",",0,02,","1388.7","0","679.2",",0","15.5",",,,0","","","-3.58",",0","0.68",",,,0","-7.83",",,,0"
"USC00470124","1957-01","44.32684","-91.91933","204.2","ALMA DAM 4, WI US","0.0","0","0.0",",0","5",",0","0",",0","0",",0","","","","","15",",0","31",",0","24",",0","0",",0","0",",0","","","19570130",",,0","","","","","","","19570125",",,0","19570121",",,0","-25.0",",0,30,","","","","","1.8",",,0,25,","6.1",",0,21,","2273.1","0","884.4",",0","3.4",",,,0","","","-10.20",",0","-5.18",",,,0","-15.21",",,,0"
"USC00470124","1957-02","44.32684","-91.91933","204.2","ALMA DAM 4, WI US","0.0","0","0.0","1,0","5",",0","2",",0","0",",0","19",",","","","2",",0","27",",0","11","1,0","0","1,0","0","1,0","","","19570222","+,,0","19570222","+,,0","","","","","19570222",",,0","19570224",",1,0","-17.8",",0,22,+","102",",,0,22,+","","","5.1",",,0,22,","7.8","1,0,24,","2876.4","0","603.3","1,0","11.3",",,,0","","","-4.17","1,0","1.14","1,,,0","-9.47",",,,0"
"USC00470124","1957-03","44.32684","-91.91933","204.2","ALMA DAM 4, WI US","0.0","0","0.0",",0","8",",0","2",",0","0",",0","","","","","0",",0","26",",0","7",",0","0",",0","0",",0","","","19570303",",,0","","","","","","","19570319",",,0","19570323",",,0","-15.6",",0,03,","","","","","7.9",",,0,19,","13.3",",0,23,","3434.9","0","558.5",",0","20.4",",,,0","","","0.32",",0","5.13",",,,0","-4.50",",,,0"
"USC00470124","1957-04","44.32684","-91.91933","204.2","ALMA DAM 4, WI US","3.6","0","3.6",",0","7",",0","3",",0","0",",0","0","3,0","0","3,0","0",",0","13",",0","0",",0","9",",0","0",",0","","","19570412",",,0","19570430","+,3,0","19570430","+,3,0","","","19570426","+,,0","19570430",",,0","-7.2",",0,12,","0","3,,0,30,+","0","3,,0,30,+","8.1",",,0,26,+","30.6",",0,30,","3722.8","0","287.9",",0","26.9",",,,0","0","3,,,0","8.86",",0","14.43",",,,0","3.28",",,,0"
"USC00470124","1957-05","44.32684","-91.91933","204.2","ALMA DAM 4, WI US","15.6","0","12.0",",0","13",",0","8",",0","1",",0","0",",0","0",",0","0",",0","0",",0","0",",0","16",",0","0",",0","","","19570505","+,,0","19570531","+,,0","19570531","+,,0","","","19570526",",,0","19570501",",,0","1.7",",0,05,+","0",",,0,31,+","0",",,0,31,+","26.7",",,0,26,","30.6",",0,01,","3847.6","0","124.8",",0","97.1",",,,0","0",",,,0","14.69",",0","20.73",",,,0","8.65",",,,0"
"USC00470124","1957-06","44.32684","-91.91933","204.2","ALMA DAM 4, WI US","87.7","0","72.1",",0","12",",0","4",",0","1",",0","0",",0","0",",0","0",",0","0",",0","0",",0","29",",0","0",",0","","","19570602",",,0","19570630","+,,0","19570630","+,,0","","","19570622",",,0","19570617",",,0","6.1",",0,02,","0",",,0,30,+","0",",,0,30,+","48.3",",,0,22,","31.7",",0,17,","3862.0","0","14.4",",0","75.5",",,,0","0",",,,0","20.26",",0","25.94",",,,0","14.57",",,,0"
"USC00470124","1957-07","44.32684","-91.91933","204.2","ALMA DAM 4, WI US","276.9","0","189.2","1,0","11",",0","9",",0","2",",0","0",",0","0",",0","0","1,0","0","1,0","0",",0","31",",0","11",",0","","","19570724","+,1,0","19570731","+,,0","19570731","+,,0","","","19570704",",,0","19570730","+,,0","11.7","1,0,24,+","0",",,0,31,+","0",",,0,31,+","38.1",",,0,04,","33.9",",0,30,+","0.0","0","0.0",",0","111.5",",,,0","0",",,,0","24.61","1,0","30.50",",,,0","18.73","1,,,0"
"USC00470124","1957-08","44.32684","-91.91933","204.2","ALMA DAM 4, WI US","395.6","0","118.7",",0","13",",0","7",",0","1",",0","0",",0","0",",0","0",",0","0",",0","0",",0","29",",0","2",",0","","","19570805",",,0","19570831","+,,0","19570831","+,,0","","","19570809",",,0","19570802",",,0","10.0",",0,05,","0",",,0,31,+","0",",,0,31,+","40.1",",,0,09,","33.3",",0,02,","6.6","0","6.6",",0","129.5",",,,0","0",",,,0","21.95",",0","27.42",",,,0","16.47",",,,0"
"USC00470124","1957-09","44.32684","-91.91933","204.2","ALMA DAM 4, WI US","414.2","0","18.6",",0","10",",0","6",",0","0",",0","0",",0","0",",0","0",",0","0",",0","0",",0","19",",0","0",",0","","","19570927",",,0","19570930","+,,0","19570930","+,,0","","","19570902",",,0","19570901",",,0","1.7",",0,27,","0",",,0,30,+","0",",,0,30,+","17.8",",,0,02,","31.7",",0,01,","91.7","0","85.1",",0","50.6",",,,0","0",",,,0","16.12",",0","21.50",",,,0","10.73",",,,0"
"USC00470124","1957-10","44.32684","-91.91933","204.2","ALMA DAM 4, WI US","414.2","0","0.0",",0","10",",0","3",",0","0",",0","0",",0","0",",0","0",",0","7",",0","0",",0","4",",0","0",",0","","","19571025",",,0","19571031","+,,0","19571031","+,,0","","","19571023",",,0","19571002",",,0","-4.4",",0,25,","0",",,0,31,+","0",",,0,31,+","16.5",",,0,23,","23.9",",0,02,","362.3","0","270.6",",0","34.1",",,,0","0",",,,0","9.60",",0","14.60",",,,0","4.61",",,,0"
"USC00470124","1957-11","44.32684","-91.91933","204.2","ALMA DAM 4, WI US","414.2","0","0.0",",0","10",",0","6",",0","0",",0","13",",","","","0",",0","20",",0","7",",0","0",",0","0",",0","","","19571130",",,0","19571120",",,0","","","","","19571116",",,0","19571101",",,0","-11.7",",0,30,","279",",,0,20,","","","21.3",",,0,16,","13.3",",0,01,","860.6","0","498.3",",0","74.5",",,,0","","","1.72",",0","4.93",",,,0","-1.48",",,,0"
"USC00470124","1957-12","44.32684","-91.91933","204.2","ALMA DAM 4, WI US","414.2","0","0.0",",0","4",",0","2",",0","0",",0","","","","","3",",0","29",",0","10",",0","0",",0","0",",0","","","19571211",",,0","","","","","","","19571219",",,0","19571222",",,0","-20.0",",0,11,","","","","","7.1",",,0,19,","8.3",",0,22,","1514.1","0","653.5",",0","12.5",",,,0","","","-2.75",",0","1.60",",,,0","-7.10",",,,0"
"USC00470124","1958-01","44.32684","-91.91933","204.2","ALMA DAM 4, WI US","0.0","0","0.0","1,0","4",",0","1",",0","0",",0","","","","","3","1,0","29","1,0","18",",0","0",",0","0",",0","","","19580103",",1,0","","","","","","","19580127",",,0","19580110","+,,0","-20.0","1,0,03,","","","","","2.8",",,0,27,","5.0",",0,10,+","2204.7","0","690.6",",0","4.9",",,,0","","","-4.60","1,0","-0.88",",,,0","-8.32","1,,,0"
"USC00470124","1958-02","44.32684","-91.91933","204.2","ALMA DAM 4, WI US","0.0","0","0.0",",0","3",",0","0",",0","0",",0","","","0","3,0","10",",0","26",",0","19",",0","0",",0","0",",0","","","19580217","+,,0","","","19580214","+,3,0","","","19580215","+,,0","19580226",",,0","-24.4",",0,17,+","","","0","3,T,0,14,+","0.3",",,0,15,+","16.1",",0,26,","2940.3","0","735.6",",0","0.9",",,,0","0","3,T,,0","-7.94",",0","-3.04",",,,0","-12.84",",,,0"
"USC00470124","1958-03","44.32684","-91.91933","204.2","ALMA DAM 4, WI US","0.0","0","0.0",",0","5",",0","1",",0","0",",0","6","2,0","1","4,0","0",",0","30",",0","2",",0","0",",0","0",",0","","","19580306",",,0","19580303","+,2,0","19580318",",4,0","","","19580302",",,0","19580331","+,,0","-7.2",",0,06,","51","2,,0,03,+","25","4,,0,18,","2.5",",,0,02,","14.4",",0,31,+","3471.3","0","531.0",",0","4.4",",,,0","25","4,,,0","1.20",",0","6.09",",,,0","-3.69",",,,0"
"USC00470124","1958-04","44.32684","-91.91933","204.2","ALMA DAM 4, WI US","1.1","0","1.1","2,0","8",",0","3",",0","2",",0","0",",0","0",",0","0",",0","7",",0","0","2,0","5","2,0","0","2,0","","","19580407",",,0","19580430","+,,0","19580430","+,,0","","","19580424",",,0","19580416",",2,0","-3.3",",0,07,","0",",,0,30,+","0",",,0,30,+","32.5",",,0,24,","27.2","2,0,16,","3727.9","0","256.6","2,0","73.4",",,,0","0",",,,0","9.31","2,0","15.10","2,,,0","3.52",",,,0"
"USC00470124","1958-05","44.32684","-91.91933","204.2","ALMA DAM 4, WI US","25.4","0","24.3",",0","8",",0","5",",0","0",",0","0",",0","0",",0","0",",0","0",",0","0",",0","18",",0","0",",0","","","19580505",",,0","19580531","+,,0","19580531","+,,0","","","19580518",",,0","19580529",",,0","1.7",",0,05,","0",",,0,31,+","0",",,0,31,+","18.5",",,0,18,","30.0",",0,29,","3816.4","0","88.5",",0","49.9",",,,0","0",",,,0","16.26",",0","23.03",",,,0","9.49",",,,0"
"USC00470124","1958-06","44.32684","-91.91933","204.2","ALMA DAM 4, WI US","51.6","0","26.2","1,0","11",",0","9",",0","0",",0","0",",0","0",",0","0","1,0","0","1,0","0",",0","25",",0","1",",0","","","19580611",",1,0","19580630","+,,0","19580630","+,,0","","","19580604",",,0","19580630",",,0","6.7","1,0,11,","0",",,0,30,+","0",",,0,30,+","24.6",",,0,04,","32.2",",0,30,","3858.4","0","42.0",",0","84.4",",,,0","0",",,,0","17.88","1,0","23.90",",,,0","11.86","1,,,0"
"USC00470124","1958-07","44.32684","-91.91933","204.2","ALMA DAM 4, WI US","154.0","0","102.4",",0","8",",0","5",",0","0",",0","0",",0","0",",0","0",",0","0",",0","0",",0","31",",0","2",",0","","","19580716","+,,0","19580731","+,,0","19580731","+,,0","","","19580728",",,0","19580701",",,0","11.1",",0,16,+","0",",,0,31,+","0",",,0,31,+","23.4",",,0,28,","34.4",",0,01,","3.0","0","3.0",",0","69.2",",,,0","0",",,,0","21.54",",0","27.26",",,,0","15.82",",,,0"
"USC00470124","1958-08","44.32684","-91.91933","204.2","ALMA DAM 4, WI US","290.2","0","136.2",",0","13",",0","8",",0","1",",0","0",",0","0",",0","0",",0","0",",0","0",",0","29",",0","10",",0","","","19580825",",,0","19580831","+,,0","19580831","+,,0","","","19580805",",,0","19580819",",,0","6.7",",0,25,","0",",,0,31,+","0",",,0,31,+","38.6",",,0,05,","33.9",",0,19,","14.9","0","11.9",",0","79.9",",,,0","0",",,,0","22.34",",0","28.77",",,,0","15.92",",,,0"
"USC00470124","1958-09","44.32684","-91.91933","204.2","ALMA DAM 4, WI US","321.5","0","31.3",",0","6",",0","4",",0","0",",0","0",",0","0",",0","0",",0","0",",0","0",",0","24",",0","0",",0","","","19580928","+,,0","19580930","+,,0","19580930","+,,0","","","19580906",",,0","19580902",",,0","5.0",",0,28,+","0",",,0,30,+","0",",,0,30,+","24.1",",,0,06,","27.8",",0,02,","66.0","0","51.1",",0","54.3",",,,0","0",",,,0","17.68",",0","23.19",",,,0","12.16",",,,0"
"USC00470124","1958-10","44.32684","-91.91933","204.2","ALMA DAM 4, WI US","328.2","0","6.7",",0","6",",0","3",",0","0",",0","0",",0","0",",0","0",",0","0",",0","0",",0","11",",0","0",",0","","","19581030","+,,0","19581031","+,,0","19581031","+,,0","","","19581008",",,0","19581014",",,0","0.6",",0,30,+","0",",,0,31,+","0",",,0,31,+","14.2",",,0,08,","27.2",",0,14,","244.5","0","178.5",",0","34.9",",,,0","0",",,,0","12.79",",0","18.27",",,,0","7.32",",,,0"
"USC00470124","1958-11","44.32684","-91.91933","204.2","ALMA DAM 4, WI US","328.2","0","0.0",",0","4",",0","2",",0","0",",0","0",",0","0","1,0","1",",0","18",",0","5",",0","0",",0","0",",0","","","19581129",",,0","19581124",",,0","19581130","+,1,0","","","19581118",",,0","19581117",",,0","-17.8",",0,29,","0",",T,0,24,","0","1,,0,30,+","18.5",",,0,18,","18.9",",0,17,","686.8","0","442.3",",0","26.9",",,,0","0","1,,,0","3.59",",0","8.79",",,,0","-1.61",",,,0"
"USC00470124","1958-12","44.32684","-91.91933","204.2","ALMA DAM 4, WI US","328.2","0","0.0","3,0","5",",0","0",",0","0",",0","17",",","","","7","3,0","28","3,0","15","1,0","0","1,0","0","1,0","","","19581213",",3,0","19581216","+,,0","","","","","19581208",",,0","19581202",",1,0","-25.6","3,0,13,","76",",,0,16,+","","","1.8",",,0,08,","5.6","1,0,02,","1419.1","0","732.3","1,0","3.4",",,,0","","","-8.06","3,0","-3.50","1,,,0","-12.63","3,,,0"
"USC00470124","1959-01","44.32684","-91.91933","204.2","ALMA DAM 4, WI US","0.0","0","0.0",",0","5",",0","1",",0","0",",0","23",",","","","12",",0","31",",0","25",",0","0",",0","0",",0","","","19590123",",,0","19590131","+,,0","","","","","19590125",",,0","19590113",",,0","-26.1",",0,23,","76",",,0,31,+","","","2.5",",,0,25,","4.4",",0,13,","2338.7","0","919.6",",0","6.2",",,,0","","","-11.33",",0","-6.37",",,,0","-16.29",",,,0"
"USC00470124","1959-02","44.32684","-91.91933","204.2","ALMA DAM 4, WI US","0.0","0","0.0",",0","8",",0","3",",0","0",",0","","","","","8",",0","28",",0","18",",0","0",",0","0",",0","","","19590201",",,0","","","","","","","19590223",",,0","19590222",",,0","-27.8",",0,01,","","","","","7.4",",,0,23,","5.6",",0,22,","3090.0","0","751.3",",0","24.7",",,,0","","","-8.50",",0","-2.95",",,,0","-14.04",",,,0"
"USC00470124","1959-03","44.32684","-91.91933","204.2","ALMA DAM 4, WI US","0.0","0","0.0",",0","8",",0","3",",0","0",",0","18",",","","","0",",0","27",",0","6",",0","0",",0","0",",0","","","19590307",",,0","19590308",",,0","","","","","19590306",",,0","19590323",",,0","-14.4",",0,07,","178",",,0,08,","","","14.7",",,0,06,","15.6",",0,23,","3646.4","0","556.4",",0","25.9",",,,0","","","0.38",",0","5.18",",,,0","-4.41",",,,0"
"USC00470124","1959-04","44.32684","-91.91933","204.2","ALMA DAM 4, WI US","0.0","0","0.0",",0","6",",0","4",",0","0",",0","0",",0","0",",0","0",",0","9",",0","0",",0","2",",0","0",",0","","","19590411",",,0","19590430","+,,0","19590430","+,,0","","","19590417",",,0","19590415",",,0","-3.3",",0,11,","0",",,0,30,+","0",",,0,30,+","22.4",",,0,17,","22.2",",0,15,","3937.1","0","290.7",",0","43.8",",,,0","0",",,,0","8.64",",0","14.39",",,,0","2.90",",,,0"
"USC00470124","1959-05","44.32684","-91.91933","204.2","ALMA DAM 4, WI US","41.9","0","41.9",",0","11",",0","8",",0","0",",0","0",",0","0",",0","0",",0","0",",0","0",",0","22",",0","0",",0","","","19590515",",,0","19590531","+,,0","19590531","+,,0","","","19590527",",,0","19590502",",,0","1.1",",0,15,","0",",,0,31,+","0",",,0,31,+","23.6",",,0,27,","31.1",",0,02,","4017.7","0","80.6",",0","105.1",",,,0","0",",,,0","17.08",",0","22.75",",,,0","11.42",",,,0"
"USC00470124","1959-06","44.32684","-91.91933","204.2","ALMA DAM 4, WI US","145.9","0","104.0","1,0","8",",0","5",",0","1",",0","0",",0","0",",0","0","1,0","0","1,0","0","1,0","28","1,0","0","1,0","","","19590630","+,1,0","19590630","+,,0","19590630","+,,0","","","19590628",",,0","19590624","+,1,0","10.6","1,0,30,+","0",",,0,30,+","0",",,0,30,+","41.1",",,0,28,","31.7","1,0,24,+","4024.3","0","6.6","1,0","78.3",",,,0","0",",,,0","21.69","1,0","27.69","1,,,0","15.69","1,,,0"
"USC00470124","1959-07","44.32684","-91.91933","204.2","ALMA DAM 4, WI US","297.4","0","151.5",",0","5",",0","5",",0","1",",0","0",",0","0",",0","0",",0","0",",0","0",",0","31",",0","3",",0","","","19590701",",,0","19590731","+,,0","19590731","+,,0","","","19590718",",,0","19590730","+,,0","11.1",",0,01,","0",",,0,31,+","0",",,0,31,+","40.4",",,0,18,","32.8",",0,30,+","2.2","0","2.2",",0","71.2",",,,0","0",",,,0","23.15",",0","28.58",",,,0","17.72",",,,0"
"USC00470124","1959-08","44.32684","-91.91933","204.2","ALMA DAM 4, WI US","477.2","0","179.8",",0","11",",0","9",",0","3",",0","0",",0","0",",0","0",",0","0",",0","0",",0","30",",0","8",",0","","","19590816",",,0","19590831","+,,0","19590831","+,,0","","","19590822",",,0","19590825",",,0","13.9",",0,16,","0",",,0,31,+","0",",,0,31,+","35.6",",,0,22,","33.3",",0,25,","3.0","0","0.8",",0","193.5",",,,0","0",",,,0","24.11",",0","29.32",",,,0","18.89",",,,0"
"USC00470124","1959-09","44.32684","-91.91933","204.2","ALMA DAM 4, WI US","534.3","0","57.1",",0","9","2,0","6","2,0","2","2,0","0",",0","0",",0","0",",0","0",",0","0",",0","20",",0","2",",0","","","19590917",",,0","19590930","+,,0","19590930","+,,0","","","19590921",",2,0","19590908","+,,0","3.3",",0,17,","0",",,0,30,+","0",",,0,30,+","33.0","2,,0,21,","32.2",",0,08,+","76.1","0","73.1",",0","131.0",",a,,0","0",",,,0","17.80",",0","23.12",",,,0","12.48",",,,0"
"USC00470124","1959-10","44.32684","-91.91933","204.2","ALMA DAM 4, WI US","534.3","0","0.0",",0","13",",0","10",",0","1",",0","0",",0","0","1,0","0",",0","2",",0","0",",0","0",",0","0",",0","","","19591017",",,0","19591031","+,,0","19591014","+,1,0","","","19591024",",,0","19591005",",,0","-2.2",",0,17,","0",",,0,31,+","0","1,T,0,14,+","31.5",",,0,24,","20.6",",0,05,","399.3","0","323.2",",0","75.7",",,,0","0","1,T,,0","7.91",",0","11.97",",,,0","3.85",",,,0"
"USC00470124","1959-11","44.32684","-91.91933","204.2","ALMA DAM 4, WI US","534.3","0","0.0",",0","4",",0","2",",0","0",",0","4","5,","","","0",",0","27",",0","12",",0","0",",0","0",",0","","","19591117",",,0","19591106",",5,0","","","","","19591105",",,0","19591103",",,0","-17.2",",0,17,","76","5,,0,06,","","","19.1",",,0,05,","13.9",",0,03,","1020.3","0","621.0",",0","25.5",",,,0","","","-2.37",",0","1.95",",,,0","-6.68",",,,0"
"USC00470124","1959-12","44.32684","-91.91933","204.2","ALMA DAM 4, WI US","534.3","0","0.0","1,0","5",",0","1",",0","1",",0","","","","","0",",0","26",",0","6","1,0","0","1,0","0","1,0","","","19591207",",,0","","","","","","","19591228",",,0","19591203",",1,0","-11.1",",0,07,","","","","","30.5",",,0,28,","11.1","1,0,03,","1571.0","0","550.7","1,0","33.8",",,,0","","","0.03","1,0","3.84","1,,,0","-3.78",",,,0"
"USC00470124","1960-01","44.32684","-91.91933","204.2","ALMA DAM 4, WI US","0.0","0","0.0",",0","4",",0","1",",0","0",",0","12","4,","","","3",",0","29",",0","18",",0","0",",0","0",",0","","","19600105",",,0","19600103","+,4,0","","","","","19600102",",,0","19600107",",,0","-24.4",",0,05,","127","4,,0,03,+","","","3.3",",,0,02,","5.0",",0,07,","2312.3","0","741.3",",0","7.9",",,,0","","","-5.58",",0","-1.66",",,,0","-9.50",",,,0"
"USC00470124","1960-02","44.32684","-91.91933","204.2","ALMA DAM 4, WI US","0.0","0","0.0",",0","5",",0","1",",0","0",",0","9","3,0","2",",0","1",",0","29",",0","20",",0","0",",0","0",",0","","","19600219",",,0","19600223","+,3,0","19600221",",,0","","","19600221",",,0","19600215",",,0","-18.9",",0,19,","76","3,,0,23,+","51",",,0,21,","3.8",",,0,21,","7.2",",0,15,","2995.6","0","683.3",",0","6.4",",,,0","76",",,,0","-5.23",",0","-0.87",",,,0","-9.58",",,,0"
"USC00470124","1960-03","44.32684","-91.91933","204.2","ALMA DAM 4, WI US","0.0","0","0.0","1,0","8",",0","0",",0","0",",0","","","","","3","1,0","27","1,0","12","1,0","0","1,0","0","1,0","","","19600305",",1,0","","","","","","","19600330",",,0","19600329",",1,0","-21.7","1,0,05,","","","","","1.5",",,0,30,","16.1","1,0,29,","3667.4","0","671.8","1,0","6.7",",,,0","","","-4.06","1,0","1.46","1,,,0","-9.58","1,,,0"
"USC00470124","1960-04","44.32684","-91.91933","204.2","ALMA DAM 4, WI US","7.2","0","7.2",",0","7",",0","4",",0","0",",0","0",",0","0",",0","0",",0","7",",0","0",",0","4",",0","0",",0","","","19600418",",,0","19600430","+,,0","19600430","+,,0","","","19600426",",,0","19600423",",,0","-7.2",",0,18,","0",",,0,30,+","0",",,0,30,+","23.9",",,0,26,","28.9",",0,23,","3957.9","0","290.5",",0","52.6",",,,0","0",",,,0","8.89",",0","14.34",",,,0","3.44",",,,0"
"USC00470124","1960-05","44.32684","-91.91933","204.2","ALMA DAM 4, WI US","18.6","0","11.4",",0","15",",0","13",",0","2",",0","0",",0","0",",0","0",",0","0",",0","0",",0","20",",0","0",",0","","","19600511","+,,0","19600531","+,,0","19600531","+,,0","","","19600506",",,0","19600515",",,0","1.7",",0,11,+","0",",,0,31,+","0",",,0,31,+","31.2",",,0,06,","28.3",",0,15,","4066.1","0","108.2",",0","153.3",",,,0","0",",,,0","15.21",",0","21.20",",,,0","9.22",",,,0"
"USC00470124","1960-06","44.32684","-91.91933","204.2","ALMA DAM 4, WI US","57.9","0","39.3",",0","14",",0","9",",0","2",",0","0",",0","0",",0","0",",0","0",",0","0",",0","29",",0","0",",0","","","19600617","+,,0","19600630","+,,0","19600630","+,,0","","","19600624",",,0","19600618",",,0","6.7",",0,17,+","0",",,0,30,+","0",",,0,30,+","32.5",",,0,24,","28.9",",0,18,","4086.8","0","20.7",",0","154.6",",,,0","0",",,,0","18.95",",0","25.20",",,,0","12.71",",,,0"
"USC00470124","1960-07","44.32684","-91.91933","204.2","ALMA DAM 4, WI US","182.2","0","124.3",",0","8",",0","4",",0","0",",0","0",",0","0",",0","0",",0","0",",0","0",",0","31",",0","5",",0","","","19600704",",,0","19600731","+,,0","19600731","+,,0","","","19600728",",,0","19600721",",,0","10.6",",0,04,","0",",,0,31,+","0",",,0,31,+","14.7",",,0,28,","34.4",",0,21,","2.2","0","2.2",",0","37.6",",,,0","0",",,,0","22.27",",0","28.38",",,,0","16.16",",,,0"
"USC00470124","1960-08","44.32684","-91.91933","204.2","ALMA DAM 4, WI US","309.7","0","127.5",",0","12",",0","6",",0","0",",0","0",",0","0",",0","0",",0","0",",0","0",",0","31",",0","1",",0","","","19600815",",,0","19600831","+,,0","19600831","+,,0","","","19600819",",,0","19600831",",,0","9.4",",0,15,","0",",,0,31,+","0",",,0,31,+","18.0",",,0,19,","34.4",",0,31,","4.4","0","2.2",",0","68.4",",,,0","0",",,,0","22.37",",0","27.76",",,,0","16.98",",,,0"
"USC00470124","1960-09","44.32684","-91.91933","204.2","ALMA DAM 4, WI US","377.5","0","67.8",",0","10",",0","5",",0","1",",0","0",",0","0",",0","0",",0","0",",0","0",",0","19",",0","6",",0","","","19600930",",,0","19600930","+,,0","19600930","+,,0","","","19600919",",,0","19600901",",,0","3.3",",0,30,","0",",,0,30,+","0",",,0,30,+","28.2",",,0,19,","33.9",",0,01,","91.5","0","87.1",",0","64.2",",,,0","0",",,,0","17.69",",0","23.05",",,,0","12.33",",,,0"
"USC00470124","1960-10","44.32684","-91.91933","204.2","ALMA DAM 4, WI US","379.2","0","1.7",",0","5",",0","3",",0","0",",0","0",",0","0",",0","0",",0","3",",0","0",",0","8",",0","0",",0","","","19601020",",,0","19601031","+,,0","19601031","+,,0","","","19601030",",,0","19601010",",,0","-5.0",",0,20,","0",",,0,31,+","0",",,0,31,+","14.5",",,0,30,","27.2",",0,10,","323.8","0","232.3",",0","24.9",",,,0","0",",,,0","10.89",",0","16.22",",,,0","5.56",",,,0"
"USC00470124","1960-11","44.32684","-91.91933","204.2","ALMA DAM 4, WI US","379.2","0","0.0",",0","8",",0","4",",0","1",",0","0",",0","0",",0","0",",0","19",",0","1",",0","0",",0","0",",0","","","19601130",",,0","19601130","+,,0","19601129","+,,0","","","19601101",",,0","19601121",",,0","-10.6",",0,30,","0",",T,0,30,+","0",",T,0,29,+","34.3",",,0,01,","15.0",",0,21,","760.1","0","436.3",",0","71.7",",,,0","0",",T,,0","3.79",",0","8.42",",,,0","-0.84",",,,0"
"USC00470124","1960-12","44.32684","-91.91933","204.2","ALMA DAM 4, WI US","379.2","0","0.0",",0","3",",0","1",",0","0",",0","0",",0","0",",0","5",",0","30",",0","19",",0","0",",0","0",",0","","","19601223","+,,0","19601231","+,,0","19601229","+,,0","","","19601205",",,0","19601205",",,0","-20.6",",0,23,+","0",",T,0,31,+","0",",T,0,29,+","14.0",",,0,05,","12.8",",0,05,","1511.8","0","751.7",",0","14.6",",,,0","0",",T,,0","-5.91",",0","-0.95",",,,0","-10.87",",,,0"
"USC00470124","1961-01","44.32684","-91.91933","204.2","ALMA DAM 4, WI US","0.0","0","0.0",",0","4",",0","0",",0","0",",0","3",",0","2",",0","7",",0","30",",0","19",",0","0",",0","0",",0","","","19610124","+,,0","19610131",",,0","19610131",",,0","","","19610131",",,0","19610112",",,0","-26.7",",0,24,+","51",",,0,31,","51",",,0,31,","1.5",",,0,31,","8.3",",0,12,","2327.0","0","815.2",",0","2.6",",,,0","76",",,,0","-7.96",",0","-2.95",",,,0","-12.98",",,,0"
"USC00470124","1961-02","44.32684","-91.91933","204.2","ALMA DAM 4, WI US","0.0","0","0.0",",0","4",",0","3",",0","0",",0","13",",0","2",",0","2",",0","25",",0","7",",0","0",",0","0",",0","","","19610204",",,0","19610219",",,0","19610219",",,0","","","19610219",",,0","19610211",",,0","-18.3",",0,04,","203",",,0,19,","102",",,0,19,","9.9",",,0,19,","11.7",",0,11,","2897.9","0","570.9",",0","21.9",",,,0","193",",,,0","-2.06",",0","3.34",",,,0","-7.45",",,,0"
"USC00470124","1961-03","44.32684","-91.91933","204.2","ALMA DAM 4, WI US","0.0","0","0.0",",0","11",",0","8",",0","0",",0","18",",0","6",",0","0",",0","22",",0","0",",0","0",",0","0",",0","","","19610312",",,0","19610311","+,,0","19610308",",,0","","","19610308",",,0","19610327","+,,0","-10.0",",0,12,","305",",,0,11,+","152",",,0,08,","15.2",",,0,08,","15.0",",0,27,+","3406.1","0","508.2",",0","70.6",",,,0","419",",,,0","1.94",",0","6.06",",,,0","-2.18",",,,0"
"USC00470124","1961-04","44.32684","-91.91933","204.2","ALMA DAM 4, WI US","0.0","0","0.0",",0","10",",0","6",",0","0",",0","1",",0","1",",0","0",",0","17",",0","1",",0","0",",0","0",",0","","","19610402",",,0","19610417",",,0","19610417",",,0","","","19610417",",,0","19610421",",,0","-6.1",",0,02,","102",",,0,17,","102",",,0,17,","16.5",",,0,17,","18.9",",0,21,","3791.6","0","385.5",",0","47.1",",,,0","102",",,,0","5.48",",0","10.38",",,,0","0.59",",,,0"
"USC00470124","1961-05","44.32684","-91.91933","204.2","ALMA DAM 4, WI US","12.0","0","12.0",",0","7",",0","4",",0","2",",0","0",",0","0",",0","0",",0","2",",0","0",",0","17",",0","0",",0","","","19610502","+,,0","19610531","+,,0","19610531","+,,0","","","19610515",",,0","19610531",",,0","0.0",",0,02,+","0",",,0,31,+","0",",,0,31,+","32.8",",,0,15,","30.0",",0,31,","3932.2","0","140.6",",0","87.8",",,,0","0",",,,0","14.19",",0","21.22",",,,0","7.15",",,,0"
"USC00470124","1961-06","44.32684","-91.91933","204.2","ALMA DAM 4, WI US","106.7","0","94.7",",0","11",",0","6",",0","1",",0","0",",0","0",",0","0",",0","0",",0","0",",0","30",",0","3",",0","","","19610604",",,0","19610630","+,,0","19610630","+,,0","","","19610613",",,0","19610630","+,,0","6.7",",0,04,","0",",,0,30,+","0",",,0,30,+","39.6",",,0,13,","34.4",",0,30,+","3944.1","0","11.9",",0","116.1",",,,0","0",",,,0","21.09",",0","27.92",",,,0","14.26",",,,0"
"USC00470124","1961-07","44.32684","-91.91933","204.2","ALMA DAM 4, WI US","234.2","0","127.5",",0","15",",0","7",",0","0",",0","0",",0","0",",0","0",",0","0",",0","0",",0","31",",0","4",",0","","","19610709","+,,0","19610731","+,,0","19610731","+,,0","","","19610701",",,0","19610729",",,0","12.2",",0,09,+","0",",,0,31,+","0",",,0,31,+","20.8",",,0,01,","32.8",",0,29,","0.0","0","0.0",",0","75.3",",,,0","0",",,,0","22.45",",0","28.47",",,,0","16.42",",,,0"
"USC00470124","1961-08","44.32684","-91.91933","204.2","ALMA DAM 4, WI US","360.8","0","126.6",",0","8",",0","6",",0","0",",0","0",",0","0",",0","0",",0","0",",0","0",",0","31",",0","7",",0","","","19610806",",,0","19610831","+,,0","19610831","+,,0","","","19610810",",,0","19610830","+,,0","10.0",",0,06,","0",",,0,31,+","0",",,0,31,+","20.3",",,0,10,","32.8",",0,30,+","0.5","0","0.5",",0","61.2",",,,0","0",",,,0","22.40",",0","28.62",",,,0","16.17",",,,0"
"USC00470124","1961-09","44.32684","-91.91933","204.2","ALMA DAM 4, WI US","403.9","0","43.1",",0","12",",0","6",",0","0",",0","0",",0","0",",0","0",",0","1",",0","0",",0","19",",0","0",",0","","","19610928",",,0","19610930","+,,0","19610930","+,,0","","","19610903",",,0","19610907",",,0","-1.1",",0,28,","0",",,0,30,+","0",",,0,30,+","21.3",",,0,03,","31.7",",0,07,","102.9","0","102.4",",0","71.4",",,,0","0",",,,0","16.36",",0","22.48",",,,0","10.24",",,,0"
"USC00470124","1961-10","44.32684","-91.91933","204.2","ALMA DAM 4, WI US","405.9","0","2.0",",0","9",",0","5",",0","0",",0","0",",0","0",",0","0",",0","4",",0","0",",0","11",",0","0",",0","","","19611020",",,0","19611031","+,,0","19611031","+,,0","","","19611011",",,0","19611005",",,0","-2.8",",0,20,","0",",,0,31,+","0",",,0,31,+","19.8",",,0,11,","27.2",",0,05,","315.8","0","212.9",",0","74.4",",,,0","0",",,,0","11.53",",0","17.59",",,,0","5.46",",,,0"
"USC00470124","1961-11","44.32684","-91.91933","204.2","ALMA DAM 4, WI US","405.9","0","0.0","3,0","6",",0","5",",0","0",",0","0",",0","0",",0","0","3,0","20","3,0","1",",0","0",",0","0",",0","","","19611120","+,3,0","19611122","+,,0","19611122","+,,0","","","19611116",",,0","19611111",",,0","-9.4","3,0,20,+","0",",T,0,22,+","0",",T,0,22,+","11.7",",,0,16,","17.2",",0,11,","762.7","0","446.9",",0","37.3",",,,0","0",",T,,0","1.63","3,0","5.83",",,,0","-2.57","3,,,0"
"USC00470124","1961-12","44.32684","-91.91933","204.2","ALMA DAM 4, WI US","405.9","0","0.0","1,0","6","1,0","3","1,0","0","1,0","22","1,0","3","1,0","7","1,0","27","1,0","21","1,0","0","1,0","0","1,0","","","19611213",",1,0","19611216","+,1,0","19611211",",1,0","","","19611217",",1,0","19611204",",1,0","-26.1","1,0,13,","305","1,,0,16,+","178","1,,0,11,","9.4","1,,0,17,","15.0","1,0,04,","1524.3","0","761.6","1,0","22.1","1,,,0","305","1,,,0","-7.05","1,0","-2.63","1,,,0","-11.47","1,,,0"
"USC00470124","1962-01","44.32684","-91.91933","204.2","ALMA DAM 4, WI US","0.0","0","0.0",",0","5",",0","0",",0","0",",0","31",",0","0","2,0","14",",0","31",",0","23",",0","0",",0","0",",0","","","19620117",",,0","19620124","+,,0","19620131","+,2,0","","","19620131",",,0","19620103",",,0","-28.9",",0,17,","152",",,0,24,+","10","2,,0,31,+","0.8",",,0,31,","7.8",",0,03,","2434.4","0","910.1",",0","2.2",",,,0","20","2,,,0","-11.03",",0","-6.01",",,,0","-16.04",",,,0"
"USC00470124","1962-02","44.32684","-91.91933","204.2","ALMA DAM 4, WI US","0.0","0","0.0",",0","10",",0","6",",0","0",",0","28",",0","7",",0","9",",0","28",",0","22",",0","0",",0","0",",0","","","19620228",",,0","19620222",",,0","19620226","+,,0","","","19620226",",,0","19620204",",,0","-27.8",",0,28,","305",",,0,22,","76",",,0,26,+","5.6",",,0,26,","8.3",",0,04,","3171.9","0","737.5",",0","28.3",",,,0","386",",,,0","-8.01",",0","-3.25",",,,0","-12.76",",,,0"
"USC00470124","1962-03","44.32684","-91.91933","204.2","ALMA DAM 4, WI US","0.0","0","0.0",",0","8",",0","5",",0","0",",0","25",",0","4",",0","3",",0","29",",0","8",",0","0",",0","0",",0","","","19620301",",,0","19620308","+,,0","19620304",",,0","","","19620312",",,0","19620328",",,0","-32.8",",0,01,","356",",,0,08,+","102",",,0,04,","19.1",",,0,12,","15.0",",0,28,","3784.0","0","612.1",",0","40.4",",,,0","277",",,,0","-1.41",",0","3.53",",,,0","-6.35",",,,0"
"USC00470124","1962-04","44.32684","-91.91933","204.2","ALMA DAM 4, WI US","7.3","0","7.3",",0","12",",0","5",",0","1",",0","1",",0","1",",0","0",",0","14",",0","0",",0","4",",0","0",",0","","","19620413",",,0","19620413",",,0","19620413",",,0","","","19620430",",,0","19620426",",,0","-6.1",",0,13,","102",",,0,13,","102",",,0,13,","29.2",",,0,30,","28.9",",0,26,","4122.8","0","338.8",",0","56.4",",,,0","102",",,,0","7.28",",0","13.09",",,,0","1.47",",,,0"
"USC00470124","1962-05","44.32684","-91.91933","204.2","ALMA DAM 4, WI US","60.8","0","53.5",",0","13",",0","7",",0","2",",0","0",",0","0",",0","0",",0","0",",0","0",",0","18",",0","0",",0","","","19620508",",,0","19620531","+,,0","19620531","+,,0","","","19620512",",,0","19620516",",,0","5.0",",0,08,","0",",,0,31,+","0",",,0,31,+","47.8",",,0,12,","31.1",",0,16,","4203.1","0","80.3",",0","129.7",",,,0","0",",,,0","17.47",",0","22.57",",,,0","12.37",",,,0"
"USC00470124","1962-06","44.32684","-91.91933","204.2","ALMA DAM 4, WI US","142.8","0","82.0",",0","10",",0","6",",0","1",",0","0",",0","0",",0","0",",0","0",",0","0",",0","26",",0","1",",0","","","19620612",",,0","19620630","+,,0","19620630","+,,0","","","19620617",",,0","19620628",",,0","7.2",",0,12,","0",",,0,30,+","0",",,0,30,+","30.7",",,0,17,","32.8",",0,28,","4224.4","0","21.3",",0","101.3",",,,0","0",",,,0","20.36",",0","26.04",",,,0","14.67",",,,0"
"USC00470124","1962-07","44.32684","-91.91933","204.2","ALMA DAM 4, WI US","234.1","0","91.3",",0","12",",0","9",",0","0",",0","0",",0","0",",0","0",",0","0",",0","0",",0","31",",0","0",",0","","","19620726",",,0","19620731","+,,0","19620731","+,,0","","","19620719",",,0","19620707",",,0","10.0",",0,26,","0",",,0,31,+","0",",,0,31,+","17.8",",,0,19,","31.1",",0,07,","2.2","0","2.2",",0","103.3",",,,0","0",",,,0","21.21",",0","26.61",",,,0","15.80",",,,0"
"USC00470124","1962-08","44.32684","-91.91933","204.2","ALMA DAM 4, WI US","347.2","0","113.1",",0","8",",0","8",",0","1",",0","0",",0","0",",0","0",",0","0",",0","0",",0","30",",0","3",",0","","","19620817",",,0","19620831","+,,0","19620831","+,,0","","","19620831",",,0","19620819",",,0","9.4",",0,17,","0",",,0,31,+","0",",,0,31,+","83.1",",,0,31,","33.9",",0,19,","2.7","0","0.5",",0","162.1",",,,0","0",",,,0","21.96",",0","28.26",",,,0","15.66",",,,0"
"USC00470124","1962-09","44.32684","-91.91933","204.2","ALMA DAM 4, WI US","366.0","0","18.8",",0","11",",0","8",",0","1",",0","0",",0","0",",0","0",",0","0",",0","0",",0","13",",0","0",",0","","","19620929","+,,0","19620930","+,,0","19620930","+,,0","","","19620901",",,0","19620912",",,0","3.3",",0,29,+","0",",,0,30,+","0",",,0,30,+","46.2",",,0,01,","27.8",",0,12,","105.0","0","102.3",",0","98.3",",,,0","0",",,,0","15.55",",0","21.15",",,,0","9.95",",,,0"
"USC00470124","1962-10","44.32684","-91.91933","204.2","ALMA DAM 4, WI US","376.6","0","10.6",",0","8",",0","6",",0","0",",0","0",",0","0",",0","0",",0","5",",0","0",",0","9",",0","0",",0","","","19621026",",,0","19621031","+,,0","19621031","+,,0","","","19621004",",,0","19621014","+,,0","-6.7",",0,26,","0",",,0,31,+","0",",,0,31,+","14.7",",,0,04,","26.7",",0,14,+","308.9","0","203.9",",0","40.8",",,,0","0",",,,0","12.10",",0","17.35",",,,0","6.84",",,,0"
"USC00470124","1962-11","44.32684","-91.91933","204.2","ALMA DAM 4, WI US","376.6","0","0.0",",0","2",",0","2",",0","0",",0","1",",0","0",",0","0",",0","21",",0","0",",0","0",",0","0",",0","","","19621124","+,,0","19621124",",,0","19621124",",,0","","","19621105",",,0","19621130",",,0","-5.6",",0,24,+","25",",,0,24,","23",",,0,24,","3.6",",,0,05,","15.6",",0,30,","756.8","0","447.9",",0","6.1",",,,0","23",",,,0","3.40",",0","7.98",",,,0","-1.18",",,,0"
"USC00470124","1962-12","44.32684","-91.91933","204.2","ALMA DAM 4, WI US","376.6","0","0.0",",0","3",",0","1",",0","0",",0","9",",0","1","1,0","6",",0","27",",0","19",",0","0",",0","0",",0","","","19621226",",,0","19621230","+,,0","19621225",",1,0","","","19621225",",,0","19621201",",,0","-27.8",",0,26,","76",",,0,30,+","51","1,,0,25,","3.6",",,0,25,","16.1",",0,01,","1508.2","0","751.4",",0","7.4",",,,0","51","1,,,0","-5.91",",0","-1.13",",,,0","-10.69",",,,0"
"USC00470124","1963-01","44.32684","-91.91933","204.2","ALMA DAM 4, WI US","0.0","0","0.0",",0","8",",0","1",",0","0",",0","27",",0","2",",0","19",",0","31",",0","27",",0","0",",0","0",",0","","","19630123",",,0","19630122",",,0","19630112",",,0","","","19630112",",,0","19630109",",,0","-32.8",",0,23,","178",",,0,22,","94",",,0,12,","7.4",",,0,12,","5.6",",0,09,","2502.1","0","993.9",",0","12.4",",,,0","164",",,,0","-13.73",",0","-9.28",",,,0","-18.17",",,,0"
"USC00470124","1963-02","44.32684","-91.91933","204.2","ALMA DAM 4, WI US","0.0","0","0.0","1,0","7",",0","0",",0","0",",0","16",",0","0",",0","12",",0","28",",0","21","1,0","0","1,0","0","1,0","","","19630221",",,0","19630203","+,,0","19630210","+,,0","","","19630228",",,0","19630205",",1,0","-27.2",",0,21,","152",",,0,03,+","18",",,0,10,+","1.8",",,0,28,","6.1","1,0,05,","3236.7","0","734.6","1,0","6.4",",,,0","67",",,,0","-8.93","1,0","-3.13","1,,,0","-14.73",",,,0"
"USC00470124","1963-03","44.32684","-91.91933","204.2","ALMA DAM 4, WI US","0.0","0","0.0",",0","10",",0","5",",0","0",",0","10",",0","2",",0","2",",0","22",",0","3",",0","2",",0","0",",0","","","19630310","+,,0","19630310","+,,0","19630306",",,0","","","19630326",",,0","19630330",",,0","-18.3",",0,10,+","152",",,0,10,+","117",",,0,06,","21.1",",,0,26,","22.8",",0,30,","3742.3","0","505.6",",0","48.1",",,,0","188",",,,0","2.02",",0","7.63",",,,0","-3.58",",,,0"
"USC00470124","1963-04","44.32684","-91.91933","204.2","ALMA DAM 4, WI US","1.1","0","1.1",",0","9",",0","4",",0","0",",0","0",",0","0",",0","0",",0","9",",0","0",",0","8",",0","0",",0","","","19630418","+,,0","19630423",",,0","19630423",",,0","","","19630419",",,0","19630416",",,0","-2.8",",0,18,+","0",",T,0,23,","0",",T,0,23,","15.2",",,0,19,","25.0",",0,16,","3996.9","0","254.6",",0","52.8",",,,0","0",",T,,0","9.89",",0","16.23",",,,0","3.54",",,,0"
"USC00470124","1963-05","44.32684","-91.91933","204.2","ALMA DAM 4, WI US","17.5","0","16.4",",0","10",",0","4",",0","1",",0","0",",0","0",",0","0",",0","1",",0","0",",0","15",",0","0",",0","","","19630501",",,0","19630531","+,,0","19630531","+,,0","","","19630510",",,0","19630507",",,0","0.0",",0,01,","0",",,0,31,+","0",",,0,31,+","35.6",",,0,10,","30.6",",0,07,","4127.5","0","130.6",",0","84.6",",,,0","0",",,,0","14.65",",0","20.34",",,,0","8.96",",,,0"
"USC00470124","1963-06","44.32684","-91.91933","204.2","ALMA DAM 4, WI US","161.7","0","144.2",",0","10",",0","6",",0","1",",0","0",",0","0",",0","0",",0","0",",0","0",",0","29",",0","6",",0","","","19630621",",,0","19630630","+,,0","19630630","+,,0","","","19630628",",,0","19630630",",,0","7.8",",0,21,","0",",,0,30,+","0",",,0,30,+","30.5",",,0,28,","35.0",",0,30,","4138.3","0","10.8",",0","80.9",",,,0","0",",,,0","22.78",",0","29.01",",,,0","16.55",",,,0"
"USC00470124","1963-07","44.32684","-91.91933","204.2","ALMA DAM 4, WI US","338.6","0","176.9",",0","7",",0","4",",0","2",",0","0",",0","0",",0","0",",0","0",",0","0",",0","31",",0","5",",0","","","19630704",",,0","19630731","+,,0","19630731","+,,0","","","19630717",",,0","19630701",",,0","12.2",",0,04,","0",",,0,31,+","0",",,0,31,+","42.2",",,0,17,","35.0",",0,01,","0.0","0","0.0",",0","113.8",",,,0","0",",,,0","24.04",",0","30.14",",,,0","17.94",",,,0"
"USC00470124","1963-08","44.32684","-91.91933","204.2","ALMA DAM 4, WI US","443.8","0","105.2",",0","10",",0","7",",0","2",",0","0",",0","0",",0","0",",0","0",",0","0",",0","29",",0","3",",0","","","19630817",",,0","19630831","+,,0","19630831","+,,0","","","19630807",",,0","19630808","+,,0","8.9",",0,17,","0",",,0,31,+","0",",,0,31,+","85.9",",,0,07,","32.2",",0,08,+","7.2","0","7.2",",0","161.9",",,,0","0",",,,0","21.49",",0","27.23",",,,0","15.75",",,,0"
"USC00470124","1963-09","44.32684","-91.91933","204.2","ALMA DAM 4, WI US","483.7","0","39.9",",0","10",",0","4",",0","1",",0","0",",0","0",",0","0",",0","0",",0","0",",0","23",",0","0",",0","","","19630913",",,0","19630930","+,,0","19630930","+,,0","","","19630902",",,0","19630918","+,,0","3.3",",0,13,","0",",,0,30,+","0",",,0,30,+","27.9",",,0,02,","28.9",",0,18,+","51.7","0","44.5",",0","68.2",",,,0","0",",,,0","18.18",",0","23.37",",,,0","12.99",",,,0"
"USC00470124","1963-10","44.32684","-91.91933","204.2","ALMA DAM 4, WI US","507.4","0","23.7",",0","7",",0","4",",0","0",",0","0",",0","0",",0","0",",0","1",",0","0",",0","19",",0","0",",0","","","19631029",",,0","19631031","+,,0","19631031","+,,0","","","19631025","+,,0","19631006",",,0","0.0",",0,29,","0",",,0,31,+","0",",,0,31,+","7.4",",,0,25,+","30.0",",0,06,","131.0","0","79.3",",0","24.2",",,,0","0",",,,0","16.54",",0","21.38",",,,0","11.70",",,,0"
"USC00470124","1963-11","44.32684","-91.91933","204.2","ALMA DAM 4, WI US","507.4","0","0.0",",0","7",",0","3",",0","1",",0","0",",0","0",",0","0",",0","15",",0","1",",0","0",",0","0",",0","","","19631124",",,0","19631130",",,0","19631130",",,0","","","19631123",",,0","19631103",",,0","-6.7",",0,24,","0",",T,0,30,","0",",T,0,30,","27.9",",,0,23,","16.1",",0,03,","523.7","0","392.7",",0","49.6",",,,0","0",",T,,0","5.24",",0","9.60",",,,0","0.89",",,,0"
"USC00470124","1963-12","44.32684","-91.91933","204.2","ALMA DAM 4, WI US","507.4","0","0.0",",0","8",",0","3",",0","0",",0","25",",0","3",",0","12",",0","31",",0","23",",0","0",",0","0",",0","","","19631220",",,0","19631224","+,,0","19631218",",,0","","","19631212","+,,0","19631207",",,0","-27.2",",0,20,","102",",,0,24,+","41",",,0,18,","2.8",",,0,12,+","7.2",",0,07,","1414.0","0","890.3",",0","11.0",",,,0","148",",,,0","-10.39",",0","-6.20",",,,0","-14.57",",,,0"
"USC00470124","1964-01","44.32684","-91.91933","204.2","ALMA DAM 4, WI US","0.0","0","0.0",",0","6",",0","2",",0","0",",0","15",",0","2",",0","5",",0","31",",0","11",",0","0",",0","0",",0","","","19640128","+,,0","19640128","+,,0","19640125",",,0","","","19640109",",,0","19640121",",,0","-20.6",",0,28,+","51",",,0,28,+","61",",,0,25,","4.6",",,0,09,","11.1",",0,21,","2112.5","0","698.5",",0","8.5",",,,0","132",",,,0","-4.20",",0","0.90",",,,0","-9.30",",,,0"
"USC00470124","1964-02","44.32684","-91.91933","204.2","ALMA DAM 4, WI US","0.0","0","0.0",",0","1",",0","0",",0","0",",0","0",",0","0",",0","0",",0","27",",0","7",",0","0",",0","0",",0","","","19640224",",,0","19640223","+,,0","19640223","+,,0","","","19640223",",,0","19640229",",,0","-16.7",",0,24,","0",",T,0,23,+","0",",T,0,23,+","0.3",",,0,23,","13.3",",0,29,","2715.3","0","602.8",",0","0.3",",,,0","0",",T,,0","-2.45",",0","3.32",",,,0","-8.22",",,,0"
"USC00470124","1964-03","44.32684","-91.91933","204.2","ALMA DAM 4, WI US","0.0","0","0.0",",0","8",",0","3",",0","0",",0","11",",0","5",",0","1",",0","27",",0","6",",0","0",",0","0",",0","","","19640317",",,0","19640304",",,0","19640304",",,0","","","19640304",",,0","19640302",",,0","-17.8",",0,17,","127",",,0,04,","132",",,0,04,","14.7",",,0,04,","12.8",",0,02,","3309.1","0","593.8",",0","35.0",",,,0","312",",,,0","-0.82",",0","4.05",",,,0","-5.70",",,,0"
"USC00470124","1964-04","44.32684","-91.91933","204.2","ALMA DAM 4, WI US","2.5","0","2.5",",0","11",",0","6",",0","0",",0","0",",0","0",",0","0",",0","8",",0","0",",0","5",",0","0",",0","","","19640404",",,0","19640408",",,0","19640408",",,0","","","19640413",",,0","19640416",",,0","-5.6",",0,04,","0",",T,0,08,","0",",T,0,08,","11.4",",,0,13,","30.0",",0,16,","3579.8","0","270.7",",0","54.4",",,,0","0",",T,,0","9.40",",0","14.88",",,,0","3.91",",,,0"
"USC00470124","1964-05","44.32684","-91.91933","204.2","ALMA DAM 4, WI US","50.1","0","47.6",",0","10",",0","5",",0","0",",0","0",",0","0",",0","0",",0","0",",0","0",",0","23",",0","1",",0","","","19640529",",,0","19640531","+,,0","19640531","+,,0","","","19640524",",,0","19640522",",,0","1.7",",0,29,","0",",,0,31,+","0",",,0,31,+","24.4",",,0,24,","32.2",",0,22,","3649.8","0","70.0",",0","68.3",",,,0","0",",,,0","17.61",",0","23.68",",,,0","11.54",",,,0"
"USC00470124","1964-06","44.32684","-91.91933","204.2","ALMA DAM 4, WI US","152.8","0","102.7",",0","9",",0","3",",0","0",",0","0",",0","0",",0","0",",0","0",",0","0",",0","26",",0","5",",0","","","19640604","+,,0","19640630","+,,0","19640630","+,,0","","","19640623",",,0","19640625",",,0","6.1",",0,04,+","0",",,0,30,+","0",",,0,30,+","10.4",",,0,23,","35.0",",0,25,","3676.5","0","26.7",",0","22.8",",,,0","0",",,,0","20.86",",0","27.17",",,,0","14.56",",,,0"
"USC00470124","1964-07","44.32684","-91.91933","204.2","ALMA DAM 4, WI US","348.1","0","195.3","1,0","10",",0","5",",0","1",",0","0",",0","0",",0","0",",0","0",",0","0","1,0","30","1,0","12","1,0","","","19640713","+,,0","19640731","+,,0","19640731","+,,0","","","19640701",",,0","19640720","+,1,0","11.7",",0,13,+","0",",,0,31,+","0",",,0,31,+","30.0",",,0,01,","36.1","1,0,20,+","0.3","0","0.3","1,0","56.3",",,,0","0",",,,0","24.78","1,0","30.83","1,,,0","18.74",",,,0"
"USC00470124","1964-08","44.32684","-91.91933","204.2","ALMA DAM 4, WI US","456.1","0","108.0",",0","10",",0","6",",0","0",",0","0",",0","0",",0","0",",0","0",",0","0",",0","28",",0","5",",0","","","19640814",",,0","19640831","+,,0","19640831","+,,0","","","19640823",",,0","19640802",",,0","6.7",",0,14,","0",",,0,31,+","0",",,0,31,+","14.5",",,0,23,","37.2",",0,02,","20.7","0","20.4",",0","47.6",",,,0","0",",,,0","21.16",",0","26.83",",,,0","15.49",",,,0"
"USC00470124","1964-09","44.32684","-91.91933","204.2","ALMA DAM 4, WI US","492.1","0","36.0",",0","14",",0","9",",0","2",",0","0",",0","0",",0","0",",0","0",",0","0",",0","14",",0","0",",0","","","19640928",",,0","19640930","+,,0","19640930","+,,0","","","19640908",",,0","19640902",",,0","3.3",",0,28,","0",",,0,30,+","0",",,0,30,+","76.2",",,0,08,","31.1",",0,02,","113.4","0","92.7",",0","189.7",",,,0","0",",,,0","16.45",",0","21.30",",,,0","11.59",",,,0"
"USC00470124","1964-10","44.32684","-91.91933","204.2","ALMA DAM 4, WI US","493.1","0","1.0",",0","5",",0","2",",0","0",",0","0",",0","0",",0","0",",0","5",",0","0",",0","7",",0","0",",0","","","19641010",",,0","19641031","+,,0","19641031","+,,0","","","19641002",",,0","19641016",",,0","-2.8",",0,10,","0",",,0,31,+","0",",,0,31,+","8.9",",,0,02,","24.4",",0,16,","363.7","0","250.3",",0","13.8",",,,0","0",",,,0","10.29",",0","15.55",",,,0","5.03",",,,0"
"USC00470124","1964-11","44.32684","-91.91933","204.2","ALMA DAM 4, WI US","493.1","0","0.0","1,0","7",",0","3",",0","1",",0","2",",0","1",",0","2","1,0","15","1,0","5",",0","1",",0","0",",0","","","19641130",",1,0","19641128","+,,0","19641128",",,0","","","19641104",",,0","19641103",",,0","-21.7","1,0,30,","25",",,0,28,+","30",",,0,28,","28.4",",,0,04,","21.1",",0,03,","799.8","0","436.1",",0","39.6",",,,0","43",",,,0","3.38","1,0","7.97",",,,0","-1.21","1,,,0"
"USC00470124","1964-12","44.32684","-91.91933","204.2","ALMA DAM 4, WI US","493.1","0","0.0",",0","9",",0","2",",0","0",",0","12",",0","2",",0","5",",0","30",",0","22",",0","0",",0","0",",0","","","19641217",",,0","19641231","+,,0","19641220",",,0","","","19641211",",,0","19641212","+,,0","-23.9",",0,17,","76",",,0,31,+","46",",,0,20,","10.2",",,0,11,","3.9",",0,12,+","1606.9","0","807.1",",0","20.3",",,,0","123",",,,0","-7.70",",0","-3.20",",,,0","-12.21",",,,0"
"USC00470124","1965-01","44.32684","-91.91933","204.2","ALMA DAM 4, WI US","0.0","0","0.0",",0","5",",0","1",",0","0",",0","25",",0","3",",0","13",",0","29",",0","22",",0","0",",0","0",",0","","","19650114",",,0","19650131","+,,0","19650124","+,,0","","","19650124",",,0","19650121",",,0","-31.1",",0,14,","76",",,0,31,+","51",",,0,24,+","4.3",",,0,24,","6.7",",0,21,","2498.5","0","891.6",",0","9.1",",,,0","140",",,,0","-10.43",",0","-5.11",",,,0","-15.75",",,,0"
"USC00470124","1965-02","44.32684","-91.91933","204.2","ALMA DAM 4, WI US","0.0","0","0.0",",0","3",",0","3",",0","0",",0","22",",0","2",",0","11",",0","27",",0","18",",0","0",",0","0",",0","","","19650202",",,0","19650216","+,,0","19650212",",,0","","","19650212",",,0","19650227","+,,0","-33.9",",0,02,","254",",,0,16,+","254",",,0,12,","16.5",",,0,12,","7.8",",0,27,+","3269.8","0","771.3",",0","34.8",",,,0","356",",,,0","-9.21",",0","-3.33",",,,0","-15.10",",,,0"
"USC00470124","1965-03","44.32684","-91.91933","204.2","ALMA DAM 4, WI US","0.0","0","0.0",",0","10",",0","5",",0","0",",0","30",",0","9",",0","4",",0","31",",0","16",",0","0",",0","0",",0","","","19650320",",,0","19650318",",,0","19650318",",,0","","","19650318",",,0","19650301",",,0","-21.7",",0,20,","279",",,0,18,","229",",,0,18,","17.8",",,0,18,","6.1",",0,01,","3982.4","0","712.6",",0","54.5",",,,0","506",",,,0","-4.65",",0","-0.48",",,,0","-8.82",",,,0"
"USC00470124","1965-04","44.32684","-91.91933","204.2","ALMA DAM 4, WI US","0.0","0","0.0",",0","15",",0","12",",0","1",",0","6",",0","0",",0","0",",0","9",",0","0",",0","2",",0","0",",0","","","19650428","+,,0","19650404","+,,0","19650408",",,0","","","19650426",",,0","19650430",",,0","-1.7",",0,28,+","51",",,0,04,+","0",",T,0,08,","26.7",",,0,26,","23.9",",0,30,","4343.8","0","361.4",",0","114.4",",,,0","0",",T,,0","6.29",",0","10.54",",,,0","2.03",",,,0"
"USC00470124","1965-05","44.32684","-91.91933","204.2","ALMA DAM 4, WI US","29.8","0","29.8",",0","12",",0","7",",0","3",",0","0",",0","0",",0","0",",0","0",",0","0",",0","24",",0","0",",0","","","19650529",",,0","19650531","+,,0","19650531","+,,0","","","19650516",",,0","19650502",",,0","2.2",",0,29,","0",",,0,31,+","0",",,0,31,+","30.0",",,0,16,","28.9",",0,02,","4413.3","0","69.5",",0","114.1",",,,0","0",",,,0","17.05",",0","22.45",",,,0","11.65",",,,0"
"USC00470124","1965-06","44.32684","-91.91933","204.2","ALMA DAM 4, WI US","80.5","0","50.7",",0","8",",0","4",",0","0",",0","0",",0","0",",0","0",",0","0",",0","0",",0","28",",0","0",",0","","","19650617",",,0","19650630","+,,0","19650630","+,,0","","","19650623",",,0","19650627",",,0","10.0",",0,17,","0",",,0,30,+","0",",,0,30,+","22.4",",,0,23,","29.4",",0,27,","4421.4","0","8.1",",0","47.8",",,,0","0",",,,0","19.75",",0","25.06",",,,0","14.45",",,,0"
"USC00470124","1965-07","44.32684","-91.91933","204.2","ALMA DAM 4, WI US","194.1","0","113.6",",0","8",",0","8",",0","3",",0","0",",0","0",",0","0",",0","0",",0","0",",0","31",",0","2",",0","","","19650706",",,0","19650731","+,,0","19650731","+,,0","","","19650713",",,0","19650723",",,0","9.4",",0,06,","0",",,0,31,+","0",",,0,31,+","37.6",",,0,13,","36.1",",0,23,","3.1","0","3.1",",0","149.6",",,,0","0",",,,0","21.90",",0","27.54",",,,0","16.26",",,,0"
"USC00470124","1965-08","44.32684","-91.91933","204.2","ALMA DAM 4, WI US","285.0","0","90.9",",0","11",",0","8",",0","0",",0","0",",0","0",",0","0",",0","0",",0","0",",0","27",",0","4",",0","","","19650829","+,,0","19650831","+,,0","19650831","+,,0","","","19650831",",,0","19650805",",,0","7.2",",0,29,+","0",",,0,31,+","0",",,0,31,+","20.6",",,0,31,","33.9",",0,05,","22.9","0","19.8",",0","78.1",",,,0","0",",,,0","20.63",",0","25.88",",,,0","15.37",",,,0"
"USC00470124","1965-09","44.32684","-91.91933","204.2","ALMA DAM 4, WI US","293.1","0","8.1",",0","16",",0","11",",0","2",",0","0",",0","0",",0","0",",0","0",",0","0",",0","6",",0","0",",0","","","19650926",",,0","19650930","+,,0","19650930","+,,0","","","19650919",",,0","19650909",",,0","0.6",",0,26,","0",",,0,30,+","0",",,0,30,+","31.5",",,0,19,","27.8",",0,09,","167.3","0","144.4",",0","147.3",",,,0","0",",,,0","13.79",",0","18.09",",,,0","9.49",",,,0"
"USC00470124","1965-10","44.32684","-91.91933","204.2","ALMA DAM 4, WI US","299.5","0","6.4",",0","5",",0","4",",0","0",",0","0",",0","0",",0","0",",0","4",",0","0",",0","6",",0","0",",0","","","19651028",",,0","19651031","+,,0","19651031","+,,0","","","19651007",",,0","19651018",",,0","-2.2",",0,28,","0",",,0,31,+","0",",,0,31,+","10.2",",,0,07,","26.7",",0,18,","384.0","0","216.7",",0","27.6",",,,0","0",",,,0","11.55",",0","16.81",",,,0","6.28",",,,0"
"USC00470124","1965-11","44.32684","-91.91933","204.2","ALMA DAM 4, WI US","299.5","0","0.0",",0","8",",0","5",",0","0",",0","0",",0","0",",0","0",",0","21",",0","3",",0","0",",0","0",",0","","","19651127",",,0","19651130","+,,0","19651130","+,,0","","","19651112",",,0","19651102",",,0","-11.1",",0,27,","0",",,0,30,+","0",",,0,30,+","23.9",",,0,12,","19.4",",0,02,","864.3","0","480.3",",0","60.6",",,,0","0",",,,0","2.32",",0","6.66",",,,0","-2.02",",,,0"
"USC00470124","1965-12","44.32684","-91.91933","204.2","ALMA DAM 4, WI US","299.5","0","0.0",",0","5",",0","3",",0","1",",0","1","1,0","1",",0","0",",0","28",",0","11",",0","0",",0","0",",0","","","19651227",",,0","19651220",",1,0","19651220",",,0","","","19651212",",,0","19651231",",,0","-16.1",",0,27,","25","1,,0,20,","25",",,0,20,","37.6",",,0,12,","12.8",",0,31,","1460.3","0","596.0",",0","58.9",",,,0","25",",,,0","-0.89",",0","2.35",",,,0","-4.14",",,,0"
"USC00470124","1966-01","44.32684","-91.91933","204.2","ALMA DAM 4, WI US","0.0","0","0.0",",0","7",",0","3",",0","0",",0","30",",0","4",",0","21",",0","31",",0","26",",0","0",",0","0",",0","","","19660129",",,0","19660131","+,,0","19660102",",,0","","","19660102",",,0","19660101",",,0","-32.8",",0,29,","203",",,0,31,+","102",",,0,02,","9.7",",,0,02,","4.4",",0,01,","2484.0","0","1023.7",",0","22.2",",,,0","281",",,,0","-14.69",",0","-9.18",",,,0","-20.20",",,,0"
"USC00470124","1966-02","44.32684","-91.91933","204.2","ALMA DAM 4, WI US","0.0","0","0.0",",0","3","2,0","1","2,0","0","2,0","18",",0","1",",0","10",",0","25",",0","15",",0","0",",0","0",",0","","","19660220",",,0","19660206","+,,0","19660218",",,0","","","19660218",",2,0","19660209",",,0","-27.8",",0,20,","203",",,0,06,+","76",",,0,18,","2.5","2,,0,18,","11.1",",0,09,","3200.5","0","716.5",",0","19.2",",a,,0","91",",,,0","-7.26",",0","-1.73",",,,0","-12.78",",,,0"
"USC00470124","1966-03","44.32684","-91.91933","204.2","ALMA DAM 4, WI US","0.0","0","0.0","1,0","8",",0","4",",0","1",",0","7",",0","1",",0","0","1,0","18","1,0","5",",0","0",",0","0",",0","","","19660324",",1,0","19660326","+,,0","19660323",",,0","","","19660323",",,0","19660317",",,0","-12.2","1,0,24,","152",",,0,26,+","152",",,0,23,","43.2",",,0,23,","18.9",",0,17,","3648.9","0","448.4",",0","70.7",",,,0","152",",,,0","3.25","1,0","7.99",",,,0","-1.48","1,,,0"
"USC00470124","1966-04","44.32684","-91.91933","204.2","ALMA DAM 4, WI US","0.0","0","0.0",",0","10",",0","4",",0","0",",0","0",",0","0",",0","0",",0","8",",0","0",",0","0",",0","0",",0","","","19660421",",,0","19660430","+,,0","19660430","+,,0","","","19660420",",,0","19660425",",,0","-2.2",",0,21,","0",",,0,30,+","0",",,0,30,+","16.5",",,0,20,","19.4",",0,25,","3989.3","0","340.4",",0","41.0",",,,0","0",",,,0","6.99",",0","11.53",",,,0","2.45",",,,0"
"USC00470124","1966-05","44.32684","-91.91933","204.2","ALMA DAM 4, WI US","14.3","0","14.3",",0","8",",0","7",",0","0",",0","0",",0","0",",0","0",",0","3",",0","0",",0","11",",0","1",",0","","","19660509",",,0","19660531","+,,0","19660531","+,,0","","","19660511",",,0","19660526",",,0","-3.3",",0,09,","0",",,0,31,+","0",",,0,31,+","8.6",",,0,11,","32.2",",0,26,","4163.4","0","174.1",",0","38.7",",,,0","0",",,,0","13.18",",0","19.36",",,,0","7.00",",,,0"
"USC00470124","1966-06","44.32684","-91.91933","204.2","ALMA DAM 4, WI US","109.3","0","95.0",",0","11",",0","10",",0","2",",0","0",",0","0",",0","0",",0","0",",0","0",",0","30",",0","3",",0","","","19660610",",,0","19660630","+,,0","19660630","+,,0","","","19660606",",,0","19660625",",,0","7.8",",0,10,","0",",,0,30,+","0",",,0,30,+","41.9",",,0,06,","33.3",",0,25,","4176.4","0","13.0",",0","127.0",",,,0","0",",,,0","21.07",",0","26.74",",,,0","15.40",",,,0"
"USC00470124","1966-07","44.32684","-91.91933","204.2","ALMA DAM 4, WI US","287.9","0","178.6","1,0","7",",0","6",",0","1",",0","0",",0","0",",0","0","1,0","0","1,0","0",",0","31",",0","10",",0","","","19660720",",1,0","19660731","+,,0","19660731","+,,0","","","19660711",",,0","19660711",",,0","11.1","1,0,20,","0",",,0,31,+","0",",,0,31,+","33.0",",,0,11,","35.6",",0,11,","0.3","0","0.3",",0","106.4",",,,0","0",",,,0","24.34","1,0","30.00",",,,0","18.69","1,,,0"
"USC00470124","1966-08","44.32684","-91.91933","204.2","ALMA DAM 4, WI US","374.6","0","86.7",",0","9",",0","6",",0","2",",0","0",",0","0",",0","0",",0","0",",0","0",",0","28",",0","2",",0","","","19660823",",,0","19660831","+,,0","19660831","+,,0","","","19660807",",,0","19660817","+,,0","10.0",",0,23,","0",",,0,31,+","0",",,0,31,+","26.9",",,0,07,","32.2",",0,17,+","15.1","0","14.8",",0","96.6",",,,0","0",",,,0","20.65",",0","26.05",",,,0","15.25",",,,0"
"USC00470124","1966-09","44.32684","-91.91933","204.2","ALMA DAM 4, WI US","408.0","0","33.4",",0","6",",0","5",",0","1",",0","0",",0","0",",0","0",",0","0",",0","0",",0","21",",0","0",",0","","","19660930","+,,0","19660930","+,,0","19660930","+,,0","","","19660902",",,0","19660901",",,0","3.3",",0,30,+","0",",,0,30,+","0",",,0,30,+","38.1",",,0,02,","30.6",",0,01,","96.8","0","81.7",",0","60.2",",,,0","0",",,,0","16.72",",0","22.47",",,,0","10.97",",,,0"
"USC00470124","1966-10","44.32684","-91.91933","204.2","ALMA DAM 4, WI US","411.6","0","3.6",",0","7",",0","5",",0","1",",0","0",",0","0",",0","0",",0","5",",0","0",",0","7",",0","0",",0","","","19661025","+,,0","19661031","+,,0","19661031","+,,0","","","19661015",",,0","19661008","+,,0","-1.7",",0,25,+","0",",,0,31,+","0",",,0,31,+","135.9",",,0,15,","26.7",",0,08,+","344.6","0","247.8",",0","153.0",",,,0","0",",,,0","10.46",",0","16.08",",,,0","4.84",",,,0"
"USC00470124","1966-11","44.32684","-91.91933","204.2","ALMA DAM 4, WI US","411.6","0","0.0",",0","6",",0","3",",0","0",",0","2",",0","1",",0","0",",0","20",",0","4",",0","0",",0","0",",0","","","19661112",",,0","19661113","+,,0","19661112",",,0","","","19661123",",,0","19661122",",,0","-12.8",",0,12,","51",",,0,13,+","56",",,0,12,","5.1",",,0,23,","12.8",",0,22,","848.7","0","504.1",",0","13.2",",,,0","56",",,,0","1.53",",0","5.48",",,,0","-2.42",",,,0"
"USC00470124","1966-12","44.32684","-91.91933","204.2","ALMA DAM 4, WI US","411.6","0","0.0",",0","9",",0","5",",0","0",",0","","","3","1,0","2",",0","29",",0","18",",0","0",",0","0",",0","","","19661230",",,0","","","19661229",",1,0","","","19661229",",,0","19661216",",,0","-18.9",",0,30,","","","127","1,,0,29,","8.9",",,0,29,","8.3",",0,16,","1585.8","0","737.1",",0","29.2",",,,0","267","1,,,0","-5.44",",0","-1.45",",,,0","-9.44",",,,0"
"USC00470124","1967-01","44.32684","-91.91933","204.2","ALMA DAM 4, WI US","0.0","0","0.0",",0","14",",0","6",",0","1",",0","31",",0","8",",0","7",",0","31",",0","18",",0","0",",0","0",",0","","","19670118",",,0","19670110","+,,0","19670107",",,0","","","19670125",",,0","19670123","+,,0","-33.9",",0,18,","381",",,0,10,+","152",",,0,07,","34.0",",,0,25,","6.7",",0,23,+","2373.6","0","787.8",",0","85.0",",,,0","502",",,,0","-7.08",",0","-1.83",",,,0","-12.33",",,,0"
"USC00470124","1967-02","44.32684","-91.91933","204.2","ALMA DAM 4, WI US","0.0","0","0.0",",0","8",",0","3",",0","0",",0","28",",0","4",",0","12",",0","28",",0","21",",0","0",",0","0",",0","","","19670225",",,0","19670224","+,,0","19670216",",,0","","","19670216",",,0","19670214",",,0","-30.6",",0,25,","356",",,0,24,+","203",",,0,16,","6.9",",,0,16,","8.3",",0,14,","3179.9","0","806.3",",0","20.2",",,,0","511",",,,0","-10.46",",0","-4.37",",,,0","-16.56",",,,0"
"USC00470124","1967-03","44.32684","-91.91933","204.2","ALMA DAM 4, WI US","0.5","0","0.5",",0","6",",0","5",",0","0",",0","14",",0","2",",0","2",",0","23",",0","6",",0","2",",0","0",",0","","","19670308",",,0","19670303","+,,0","19670321",",,0","","","19670327",",,0","19670330",",,0","-19.4",",0,08,","203",",,0,03,+","76",",,0,21,","23.6",",,0,27,","24.4",",0,30,","3724.9","0","545.0",",0","44.9",",,,0","101",",,,0","0.77",",0","5.72",",,,0","-4.18",",,,0"
"USC00470124","1967-04","44.32684","-91.91933","204.2","ALMA DAM 4, WI US","0.5","0","0.0",",0","12",",0","8",",0","1",",0","0",",0","0",",0","0",",0","9",",0","0",",0","2",",0","0",",0","","","19670423","+,,0","19670430","+,,0","19670430","+,,0","","","19670402",",,0","19670416",",,0","-2.2",",0,23,+","0",",,0,30,+","0",",,0,30,+","35.3",",,0,02,","21.7",",0,16,","4016.0","0","291.1",",0","112.0",",,,0","0",",,,0","8.63",",0","13.43",",,,0","3.83",",,,0"
"USC00470124","1967-05","44.32684","-91.91933","204.2","ALMA DAM 4, WI US","14.9","0","14.4",",0","7",",0","5",",0","1",",0","0",",0","0",",0","0",",0","2",",0","0",",0","10",",0","0",",0","","","19670503",",,0","19670531","+,,0","19670531","+,,0","","","19670501",",,0","19670526",",,0","-4.4",",0,03,","0",",,0,31,+","0",",,0,31,+","27.2",",,0,01,","31.7",",0,26,","4211.3","0","195.3",",0","65.8",",,,0","0",",,,0","12.50",",0","18.34",",,,0","6.65",",,,0"
"USC00470124","1967-06","44.32684","-91.91933","204.2","ALMA DAM 4, WI US","84.4","0","69.5",",0","18",",0","14",",0","5",",0","0",",0","0",",0","0",",0","0",",0","0",",0","29",",0","0",",0","","","19670601",",,0","19670630","+,,0","19670630","+,,0","","","19670616",",,0","19670630",",,0","8.9",",0,01,","0",",,0,30,+","0",",,0,30,+","41.1",",,0,16,","31.1",",0,30,","4216.8","0","5.5",",0","276.9",",,,0","0",",,,0","20.46",",0","25.53",",,,0","15.40",",,,0"
"USC00470124","1967-07","44.32684","-91.91933","204.2","ALMA DAM 4, WI US","195.1","0","110.7",",0","7",",0","5",",0","1",",0","0",",0","0",",0","0",",0","0",",0","0",",0","28",",0","0",",0","","","19670704",",,0","19670731","+,,0","19670731","+,,0","","","19670709",",,0","19670721",",,0","8.9",",0,04,","0",",,0,31,+","0",",,0,31,+","25.4",",,0,09,","31.7",",0,21,","14.1","0","14.1",",0","48.8",",,,0","0",",,,0","21.45",",0","26.68",",,,0","16.22",",,,0"
"USC00470124","1967-08","44.32684","-91.91933","204.2","ALMA DAM 4, WI US","272.0","0","76.9",",0","7",",0","4",",0","1",",0","0",",0","0",",0","0",",0","0",",0","0",",0","30",",0","0",",0","","","19670819",",,0","19670831","+,,0","19670831","+,,0","","","19670815",",,0","19670816",",,0","6.1",",0,19,","0",",,0,31,+","0",",,0,31,+","36.3",",,0,15,","30.6",",0,16,","34.5","0","20.4",",0","79.0",",,,0","0",",,,0","20.15",",0","25.75",",,,0","14.56",",,,0"
"USC00470124","1967-09","44.32684","-91.91933","204.2","ALMA DAM 4, WI US","293.4","0","21.4",",0","4",",0","3",",0","1",",0","0",",0","0",",0","0",",0","1",",0","0",",0","23",",0","0",",0","","","19670929",",,0","19670930","+,,0","19670930","+,,0","","","19670914",",,0","19670907",",,0","0.0",",0,29,","0",",,0,30,+","0",",,0,30,+","41.1",",,0,14,","26.7",",0,07,","103.4","0","68.9",",0","52.6",",,,0","0",",,,0","16.75",",0","22.61",",,,0","10.89",",,,0"
"USC00470124","1967-10","44.32684","-91.91933","204.2","ALMA DAM 4, WI US","298.1","0","4.7",",0","10",",0","6",",0","0",",0","0",",0","0",",0","0",",0","4",",0","0",",0","7",",0","0",",0","","","19671028",",,0","19671031","+,,0","19671028",",,0","","","19671008",",,0","19671002",",,0","-5.6",",0,28,","0",",,0,31,+","0",",T,0,28,","24.1",",,0,08,","27.2",",0,02,","368.5","0","265.1",",0","60.1",",,,0","0",",T,,0","9.93",",0","14.66",",,,0","5.20",",,,0"
"USC00470124","1967-11","44.32684","-91.91933","204.2","ALMA DAM 4, WI US","298.1","0","0.0",",0","2",",0","0",",0","0",",0","1",",0","0",",0","0",",0","22",",0","4",",0","0",",0","0",",0","","","19671128",",,0","19671130",",,0","19671130",",,0","","","19671130",",,0","19671111",",,0","-13.3",",0,28,","25",",,0,30,","13",",,0,30,","1.8",",,0,30,","16.7",",0,11,","885.9","0","517.4",",0","2.3",",,,0","13",",,,0","1.09",",0","4.63",",,,0","-2.46",",,,0"
"USC00470124","1967-12","44.32684","-91.91933","204.2","ALMA DAM 4, WI US","298.1","0","0.0",",0","4",",0","0",",0","0",",0","0",",0","0",",0","4",",0","27",",0","14",",0","0",",0","0",",0","","","19671231",",,0","19671230","+,,0","19671230","+,,0","","","19671217",",,0","19671221","+,,0","-28.3",",0,31,","0",",T,0,30,+","0",",T,0,30,+","2.0",",,0,17,","11.1",",0,21,+","1569.2","0","683.3",",0","3.5",",,,0","0",",T,,0","-3.71",",0","0.38",",,,0","-7.80",",,,0"
"USC00470124","1968-01","44.32684","-91.91933","204.2","ALMA DAM 4, WI US","0.0","0","0.0",",0","5",",0","3",",0","0",",0","","","","","9",",0","31",",0","17",",0","0",",0","0",",0","","","19680107",",,0","","","","","","","19680129",",,0","19680120",",,0","-27.2",",0,07,","","","","","11.4",",,0,29,","9.4",",0,20,","2368.1","0","798.9",",0","19.1",",,,0","","","-7.44",",0","-2.66",",,,0","-12.22",",,,0"
"USC00470124","1968-02","44.32684","-91.91933","204.2","ALMA DAM 4, WI US","0.0","0","0.0",",0","2",",0","0",",0","0",",0","","","0",",0","7",",0","29",",0","19",",0","0",",0","0",",0","","","19680221",",,0","","","19680227","+,,0","","","19680201",",,0","19680205",",,0","-22.8",",0,21,","","","0",",T,0,27,+","1.3",",,0,01,","9.4",",0,05,","3122.6","0","754.5",",0","1.8",",,,0","0",",T,,0","-7.68",",0","-2.56",",,,0","-12.81",",,,0"
"USC00470124","1968-03","44.32684","-91.91933","204.2","ALMA DAM 4, WI US","0.0","0","0.0",",0","8",",0","2",",0","0",",0","0",",0","0",",0","0",",0","18",",0","3",",0","3",",0","0",",0","","","19680312",",,0","19680331","+,,0","19680322","+,,0","","","19680328",",,0","19680330",",,0","-12.2",",0,12,","0",",,0,31,+","0",",T,0,22,+","9.1",",,0,28,","23.9",",0,30,","3541.3","0","418.7",",0","17.5",",,,0","0",",T,,0","4.83",",0","11.13",",,,0","-1.47",",,,0"
"USC00470124","1968-04","44.32684","-91.91933","204.2","ALMA DAM 4, WI US","1.4","0","1.4",",0","11",",0","7",",0","1",",0","0",",0","0","3,0","0",",0","7",",0","0",",0","5",",0","0",",0","","","19680405",",,0","19680430","+,,0","19680430","+,3,0","","","19680423",",,0","19680430",",,0","-6.1",",0,05,","0",",,0,30,+","0","3,,0,30,+","46.2",",,0,23,","28.3",",0,30,","3777.8","0","236.5",",0","121.6",",,,0","0","3,,,0","10.50",",0","16.41",",,,0","4.58",",,,0"
"USC00470124","1968-05","44.32684","-91.91933","204.2","ALMA DAM 4, WI US","7.2","0","5.8",",0","15",",0","11",",0","1",",0","0",",0","0",",0","0",",0","0",",0","0",",0","6",",0","0",",0","","","19680505",",,0","19680531","+,,0","19680531","+,,0","","","19680516",",,0","19680515",",,0","0.6",",0,05,","0",",,0,31,+","0",",,0,31,+","30.5",",,0,16,","28.9",",0,15,","3937.9","0","160.1",",0","130.3",",,,0","0",",,,0","13.36",",0","18.67",",,,0","8.04",",,,0"
"USC00470124","1968-06","44.32684","-91.91933","204.2","ALMA DAM 4, WI US","88.9","0","81.7",",0","15",",0","12",",0","3",",0","0",",0","0",",0","0",",0","0",",0","0",",0","27",",0","3",",0","","","19680628",",,0","19680630","+,,0","19680630","+,,0","","","19680621",",,0","19680604",",,0","7.8",",0,28,","0",",,0,30,+","0",",,0,30,+","56.6",",,0,21,","33.3",",0,04,","3965.2","0","27.3",",0","205.8",",,,0","0",",,,0","20.15",",0","25.46",",,,0","14.83",",,,0"
"USC00470124","1968-07","44.32684","-91.91933","204.2","ALMA DAM 4, WI US","202.6","0","113.7",",0","13",",0","11",",0","2",",0","0",",0","0",",0","0",",0","0",",0","0",",0","31",",0","1",",0","","","19680710",",,0","19680731","+,,0","19680731","+,,0","","","19680727",",,0","19680713",",,0","10.0",",0,10,","0",",,0,31,+","0",",,0,31,+","61.7",",,0,27,","32.2",",0,13,","4.2","0","4.2",",0","225.7",",,,0","0",",,,0","21.87",",0","27.05",",,,0","16.68",",,,0"
"USC00470124","1968-08","44.32684","-91.91933","204.2","ALMA DAM 4, WI US","331.6","0","129.0",",0","9",",0","4",",0","0",",0","0",",0","0",",0","0",",0","0",",0","0",",0","31",",0","6",",0","","","19680827",",,0","19680831","+,,0","19680831","+,,0","","","19680820",",,0","19680823",",,0","10.0",",0,27,","0",",,0,31,+","0",",,0,31,+","24.6",",,0,20,","33.9",",0,23,","10.8","0","6.6",",0","70.9",",,,0","0",",,,0","22.28",",0","27.42",",,,0","17.15",",,,0"
"USC00470124","1968-09","44.32684","-91.91933","204.2","ALMA DAM 4, WI US","352.4","0","20.8",",0","12",",0","10",",0","2",",0","0",",0","0",",0","0",",0","0",",0","0",",0","17",",0","0",",0","","","19680926",",,0","19680930","+,,0","19680930","+,,0","","","19680904",",,0","19680903",",,0","5.6",",0,26,","0",",,0,30,+","0",",,0,30,+","37.3",",,0,04,","30.0",",0,03,","76.0","0","65.2",",0","147.9",",,,0","0",",,,0","16.85",",0","21.98",",,,0","11.72",",,,0"
"USC00470124","1968-10","44.32684","-91.91933","204.2","ALMA DAM 4, WI US","363.5","0","11.1",",0","12",",0","8",",0","1",",0","0",",0","0",",0","0",",0","2",",0","0",",0","6",",0","0",",0","","","19681025","+,,0","19681031","+,,0","19681031","+,,0","","","19681009",",,0","19681015",",,0","0.0",",0,25,+","0",",,0,31,+","0",",,0,31,+","27.7",",,0,09,","27.8",",0,15,","286.0","0","210.0",",0","101.6",",,,0","0",",,,0","11.92",",0","16.56",",,,0","7.27",",,,0"
"USC00470124","1968-11","44.32684","-91.91933","204.2","ALMA DAM 4, WI US","363.5","0","0.0",",0","5",",0","3",",0","0",",0","0",",0","0",",0","0",",0","19",",0","2",",0","1",",0","0",",0","","","19681120",",,0","19681130","+,,0","19681118","+,,0","","","19681126",",,0","19681101",",,0","-6.1",",0,20,","0",",,0,30,+","0",",T,0,18,+","11.4",",,0,26,","21.1",",0,01,","753.7","0","467.7",",0","23.6",",,,0","0",",T,,0","2.74",",0","5.91",",,,0","-0.42",",,,0"
"USC00470124","1968-12","44.32684","-91.91933","204.2","ALMA DAM 4, WI US","363.5","0","0.0",",0","13",",0","7",",0","0",",0","12","3,0","7","2,0","7",",0","26",",0","20",",0","0",",0","0",",0","","","19681225",",,0","19681231",",3,0","19681219",",2,0","","","19681219",",,0","19681212",",,0","-31.7",",0,25,","483","3,,0,31,","203","2,,0,19,","20.3",",,0,19,","16.1",",0,12,","1517.8","0","764.1",",0","61.0",",,,0","572","2,,,0","-6.31",",0","-2.25",",,,0","-10.38",",,,0"
"USC00470124","1969-01","44.32684","-91.91933","204.2","ALMA DAM 4, WI US","0.0","0","0.0",",0","11",",0","6",",0","0",",0","31",",0","7",",0","15",",0","31",",0","26",",0","0",",0","0",",0","","","19690131",",,0","19690131","+,,0","19690130",",,0","","","19690116",",,0","19690122","+,,0","-28.9",",0,31,","584",",,0,31,+","127",",,0,30,","20.8",",,0,16,","2.8",",0,22,+","2432.2","0","914.4",",0","62.1",",,,0","483",",,,0","-11.16",",0","-6.49",",,,0","-15.84",",,,0"
"USC00470124","1969-02","44.32684","-91.91933","204.2","ALMA DAM 4, WI US","0.0","0","0.0",",0","1",",0","0",",0","0",",0","28",",0","0","2,0","7",",0","28",",0","15",",0","0",",0","0",",0","","","19690204",",,0","19690205","+,,0","19690228","+,2,0","","","19690207",",,0","19690225","+,,0","-27.2",",0,04,","584",",,0,05,+","0","2,,0,28,+","0.5",",,0,07,","5.6",",0,25,+","3099.4","0","667.2",",0","0.5",",,,0","0","2,,,0","-5.50",",0","-0.48",",,,0","-10.52",",,,0"
"USC00470124","1969-03","44.32684","-91.91933","204.2","ALMA DAM 4, WI US","0.0","0","0.0",",0","6",",0","3",",0","0",",0","27",",0","1","2,0","3",",0","29",",0","10",",0","0",",0","0",",0","","","19690329",",,0","19690301",",,0","19690306",",2,0","","","19690320",",,0","19690319","+,,0","-19.4",",0,29,","254",",,0,01,","25","2,,0,06,","22.1",",,0,20,","11.7",",0,19,+","3761.3","0","661.9",",0","52.6",",,,0","25","2,,,0","-3.02",",0","2.10",",,,0","-8.13",",,,0"
"USC00470124","1969-04","44.32684","-91.91933","204.2","ALMA DAM 4, WI US","0.0","0","0.0",",0","8",",0","3",",0","0",",0","1",",0","0",",0","0",",0","3",",0","0",",0","3",",0","0",",0","","","19690406","+,,0","19690401",",,0","19690430","+,,0","","","19690427",",,0","19690426","+,,0","-1.7",",0,06,+","51",",,0,01,","0",",,0,30,+","9.9",",,0,27,","21.7",",0,26,+","4002.0","0","240.7",",0","23.6",",,,0","0",",,,0","10.31",",0","15.60",",,,0","5.02",",,,0"
"USC00470124","1969-05","44.32684","-91.91933","204.2","ALMA DAM 4, WI US","35.1","0","35.1",",0","9",",0","6",",0","1",",0","0",",0","0",",0","0",",0","0",",0","0",",0","18",",0","2",",0","","","19690512",",,0","19690531","+,,0","19690531","+,,0","","","19690517",",,0","19690527",",,0","0.6",",0,12,","0",",,0,31,+","0",",,0,31,+","33.3",",,0,17,","33.3",",0,27,","4108.3","0","106.3",",0","80.3",",,,0","0",",,,0","16.04",",0","21.80",",,,0","10.27",",,,0"
"USC00470124","1969-06","44.32684","-91.91933","204.2","ALMA DAM 4, WI US","55.3","0","20.2",",0","17",",0","12",",0","2",",0","0",",0","0",",0","0",",0","0",",0","0",",0","20",",0","0",",0","","","19690613",",,0","19690630","+,,0","19690630","+,,0","","","19690627",",,0","19690605",",,0","4.4",",0,13,","0",",,0,30,+","0",",,0,30,+","34.5",",,0,27,","30.0",",0,05,","4176.6","0","68.3",",0","161.0",",,,0","0",",,,0","16.73",",0","21.97",",,,0","11.49",",,,0"
"USC00470124","1969-07","44.32684","-91.91933","204.2","ALMA DAM 4, WI US","188.4","0","133.1",",0","14",",0","11",",0","2",",0","0",",0","0",",0","0",",0","0",",0","0",",0","31",",0","3",",0","","","19690701",",,0","19690731","+,,0","19690731","+,,0","","","19690718",",,0","19690711",",,0","9.4",",0,01,","0",",,0,31,+","0",",,0,31,+","69.1",",,0,18,","33.3",",0,11,","3.1","0","3.1",",0","201.0",",,,0","0",",,,0","22.53",",0","27.85",",,,0","17.20",",,,0"
"USC00470124","1969-08","44.32684","-91.91933","204.2","ALMA DAM 4, WI US","336.4","0","148.0",",0","4",",0","3",",0","0",",0","0",",0","0",",0","0",",0","0",",0","0",",0","31",",0","2",",0","","","19690821","+,,0","19690831","+,,0","19690831","+,,0","","","19690819",",,0","19690830","+,,0","13.3",",0,21,+","0",",,0,31,+","0",",,0,31,+","8.4",",,0,19,","32.2",",0,30,+","3.1","0","0.0",",0","19.1",",,,0","0",",,,0","23.11",",0","29.01",",,,0","17.20",",,,0"
"USC00470124","1969-09","44.32684","-91.91933","204.2","ALMA DAM 4, WI US","373.9","0","37.5",",0","7",",0","4",",0","0",",0","0",",0","0",",0","0",",0","0",",0","0",",0","20",",0","0",",0","","","19690928",",,0","19690930","+,,0","19690930","+,,0","","","19690923",",,0","19690912",",,0","4.4",",0,28,","0",",,0,30,+","0",",,0,30,+","17.8",",,0,23,","28.9",",0,12,","69.0","0","65.9",",0","36.8",",,,0","0",",,,0","17.39",",0","22.74",",,,0","12.04",",,,0"
"USC00470124","1969-10","44.32684","-91.91933","204.2","ALMA DAM 4, WI US","380.3","0","6.4",",0","9",",0","6",",0","1",",0","0",",0","0",",0","0",",0","7",",0","0",",0","7",",0","0",",0","","","19691028",",,0","19691031","+,,0","19691031","+,,0","","","19691013",",,0","19691004",",,0","-5.6",",0,28,","0",",,0,31,+","0",",,0,31,+","31.2",",,0,13,","28.9",",0,04,","354.0","0","285.0",",0","93.7",",,,0","0",",,,0","9.35",",0","13.94",",,,0","4.75",",,,0"
"USC00470124","1969-11","44.32684","-91.91933","204.2","ALMA DAM 4, WI US","380.3","0","0.0",",0","5",",0","2",",0","0",",0","","","","","0",",0","19",",0","6",",0","0",",0","0",",0","","","19691120",",,0","","","","","","","19691118",",,0","19691107","+,,0","-13.9",",0,20,","","","","","13.7",",,0,18,","18.3",",0,07,+","846.5","0","492.5",",0","23.4",",,,0","","","1.92",",0","6.38",",,,0","-2.55",",,,0"
"USC00470124","1969-12","44.32684","-91.91933","204.2","ALMA DAM 4, WI US","380.3","0","0.0",",0","11",",0","8",",0","0",",0","25",",0","8",",0","1",",0","30",",0","21",",0","0",",0","0",",0","","","19691222",",,0","19691231","+,,0","19691228",",,0","","","19691208",",,0","19691213",",,0","-18.9",",0,22,","432",",,0,31,+","152",",,0,28,","10.2",",,0,08,","8.3",",0,13,","1571.8","0","725.3",",0","45.3",",,,0","648",",,,0","-5.06",",0","-1.32",",,,0","-8.81",",,,0"
"USC00470124","1970-01","44.32684","-91.91933","204.2","ALMA DAM 4, WI US","0.0","0","0.0",",0","7",",0","2",",0","0",",0","31",",0","5",",0","16",",0","30",",0","25",",0","0",",0","0",",0","","","19700119",",,0","19700110","+,,0","19700127","+,,0","","","19700117",",,0","19700128",",,0","-34.4",",0,19,","457",",,0,10,+","51",",,0,27,+","3.0",",,0,17,","5.0",",0,28,","2539.8","0","968.0",",0","10.7",",,,0","203",",,,0","-12.89",",0","-7.82",",,,0","-17.96",",,,0"
"USC00470124","1970-02","44.32684","-91.91933","204.2","ALMA DAM 4, WI US","0.0","0","0.0","1,0","1",",0","0",",0","0",",0","23",",0","0",",0","8",",0","28",",0","13","1,0","0","1,0","0","1,0","","","19700203",",,0","19700202","+,,0","19700213",",,0","","","19700213",",,0","19700221",",1,0","-28.3",",0,03,","279",",,0,02,+","13",",,0,13,","0.3",",,0,13,","6.7","1,0,21,","3229.9","0","690.1","1,0","0.3",",,,0","13",",,,0","-7.00","1,0","-1.23","1,,,0","-12.78",",,,0"
"USC00470124","1970-03","44.32684","-91.91933","204.2","ALMA DAM 4, WI US","0.0","0","0.0",",0","5",",0","4",",0","0",",0","4",",0","1","5,0","0",",0","29",",0","7",",0","0",",0","0",",0","","","19700328",",,0","19700320","+,,0","19700301",",5,0","","","19700303",",,0","19700318",",,0","-13.9",",0,28,","102",",,0,20,+","102","5,,0,01,","22.1",",,0,03,","9.4",",0,18,","3850.3","0","620.4",",0","55.4",",,,0","102","5,,,0","-1.68",",0","2.95",",,,0","-6.30",",,,0"
"USC00470124","1970-04","44.32684","-91.91933","204.2","ALMA DAM 4, WI US","8.7","0","8.7",",0","8",",0","6",",0","0",",0","0",",0","0",",0","0",",0","7",",0","0",",0","6",",0","0",",0","","","19700402",",,0","19700430","+,,0","19700430","+,,0","","","19700420",",,0","19700429",",,0","-8.3",",0,02,","0",",,0,30,+","0",",,0,30,+","20.3",",,0,20,","30.0",",0,29,","4141.2","0","290.9",",0","59.0",",,,0","0",",,,0","8.93",",0","14.58",",,,0","3.28",",,,0"
"USC00470124","1970-05","44.32684","-91.91933","204.2","ALMA DAM 4, WI US","43.8","0","35.1",",0","15",",0","11",",0","1",",0","0",",0","0",",0","0",",0","0",",0","0",",0","16",",0","0",",0","","","19700502",",,0","19700531","+,,0","19700531","+,,0","","","19700528",",,0","19700521",",,0","1.1",",0,02,","0",",,0,31,+","0",",,0,31,+","85.1",",,0,28,","31.7",",0,21,","4258.4","0","117.2",",0","186.3",",,,0","0",",,,0","15.69",",0","21.55",",,,0","9.82",",,,0"
"USC00470124","1970-06","44.32684","-91.91933","204.2","ALMA DAM 4, WI US","152.7","0","108.9",",0","10",",0","8",",0","0",",0","0",",0","0",",0","0",",0","0",",0","0",",0","29",",0","3",",0","","","19700619",",,0","19700630","+,,0","19700630","+,,0","","","19700616",",,0","19700629",",,0","4.4",",0,19,","0",",,0,30,+","0",",,0,30,+","20.3",",,0,16,","36.1",",0,29,","4275.9","0","17.5",",0","73.7",",,,0","0",",,,0","21.38",",0","27.46",",,,0","15.30",",,,0"
"USC00470124","1970-07","44.32684","-91.91933","204.2","ALMA DAM 4, WI US","312.9","0","160.2",",0","8",",0","7",",0","1",",0","0",",0","0",",0","0",",0","0",",0","0",",0","31",",0","9",",0","","","19700720",",,0","19700731","+,,0","19700731","+,,0","","","19700729",",,0","19700701",",,0","6.1",",0,20,","0",",,0,31,+","0",",,0,31,+","30.2",",,0,29,","35.0",",0,01,","2.8","0","2.8",",0","128.2",",,,0","0",",,,0","23.41",",0","29.88",",,,0","16.94",",,,0"
"USC00470124","1970-08","44.32684","-91.91933","204.2","ALMA DAM 4, WI US","431.7","0","118.8",",0","7",",0","4",",0","1",",0","0",",0","0",",0","0",",0","0",",0","0",",0","31",",0","2",",0","","","19700820","+,,0","19700831","+,,0","19700831","+,,0","","","19700829",",,0","19700826",",,0","10.0",",0,20,+","0",",,0,31,+","0",",,0,31,+","29.7",",,0,29,","32.8",",0,26,","4.7","0","1.9",",0","42.9",",,,0","0",",,,0","22.10",",0","28.07",",,,0","16.13",",,,0"
"USC00470124","1970-09","44.32684","-91.91933","204.2","ALMA DAM 4, WI US","476.4","0","44.7",",0","11",",0","9",",0","2",",0","0",",0","0",",0","0",",0","0",",0","0",",0","17",",0","0",",0","","","19700926",",,0","19700930","+,,0","19700930","+,,0","","","19700906",",,0","19700904",",,0","3.9",",0,26,","0",",,0,30,+","0",",,0,30,+","36.1",",,0,06,","30.6",",0,04,","98.5","0","93.8",",0","128.4",",,,0","0",",,,0","16.70",",0","21.90",",,,0","11.50",",,,0"
"USC00470124","1970-10","44.32684","-91.91933","204.2","ALMA DAM 4, WI US","480.3","0","3.9",",0","10",",0","8",",0","2",",0","0",",0","0",",0","0",",0","3",",0","0",",0","4",",0","0",",0","","","19701016","+,,0","19701031","+,,0","19701031","+,,0","","","19701008",",,0","19701005",",,0","-1.7",",0,16,+","0",",,0,31,+","0",",,0,31,+","48.3",",,0,08,","27.2",",0,05,","328.9","0","230.4",",0","158.0",",,,0","0",",,,0","11.03",",0","16.04",",,,0","6.02",",,,0"
"USC00470124","1970-11","44.32684","-91.91933","204.2","ALMA DAM 4, WI US","480.3","0","0.0",",0","9",",0","7",",0","0",",0","3",",","","","0",",0","19",",0","3",",0","0",",0","0",",0","","","19701124",",,0","19701128","+,,0","","","","","19701120",",,0","19701106",",,0","-13.9",",0,24,","25",",,0,28,+","","","24.4",",,0,20,","12.8",",0,06,","834.9","0","506.0",",0","92.7",",,,0","","","1.47",",0","5.45",",,,0","-2.52",",,,0"
"USC00470124","1970-12","44.32684","-91.91933","204.2","ALMA DAM 4, WI US","480.3","0","0.0",",0","5",",0","2",",0","0",",0","21",",","","","10",",0","30",",0","19",",0","0",",0","0",",0","","","19701224",",,0","19701231","+,,0","","","","","19701211",",,0","19701201",",,0","-21.7",",0,24,","203",",,0,31,+","","","15.7",",,0,11,","14.4",",0,01,","1597.7","0","762.8",",0","24.8",",,,0","","","-6.27",",0","-1.34",",,,0","-11.21",",,,0"
"USC00470124","1971-01","44.32684","-91.91933","204.2","ALMA DAM 4, WI US","0.0","0","0.0",",0","11",",0","3",",0","0",",0","31",",0","8",",0","15",",0","31",",0","29",",0","0",",0","0",",0","","","19710127",",,0","19710131","+,,0","19710104",",,0","","","19710104",",,0","19710101",",,0","-27.8",",0,27,","432",",,0,31,+","279",",,0,04,","17.0",",,0,04,","2.8",",0,01,","2569.4","0","971.7",",0","32.8",",,,0","667",",,,0","-13.01",",0","-7.73",",,,0","-18.30",",,,0"
"USC00470124","1971-02","44.32684","-91.91933","204.2","ALMA DAM 4, WI US","0.0","0","0.0",",0","6",",0","4",",0","0",",0","28",",0","3",",0","7",",0","27",",0","17",",0","0",",0","0",",0","","","19710208",",,0","19710210","+,,0","19710205",",,0","","","19710205",",,0","19710226",",,0","-35.6",",0,08,","533",",,0,10,+","191",",,0,05,","13.5",",,0,05,","8.3",",0,26,","3297.3","0","727.9",",0","38.3",",,,0","331",",,,0","-7.66",",0","-2.70",",,,0","-12.62",",,,0"
"USC00470124","1971-03","44.32684","-91.91933","204.2","ALMA DAM 4, WI US","0.0","0","0.0",",0","6",",0","4",",0","0",",0","22",",0","2",",0","1",",0","29",",0","10",",0","0",",0","0",",0","","","19710303",",,0","19710322","+,,0","19710319",",,0","","","19710319",",,0","19710331",",,0","-17.8",",0,03,","152",",,0,22,+","152",",,0,19,","14.7",",,0,19,","19.4",",0,31,","3932.6","0","635.3",",0","38.5",",,,0","254",",,,0","-2.16",",0","2.72",",,,0","-7.04",",,,0"
"USC00470124","1971-04","44.32684","-91.91933","204.2","ALMA DAM 4, WI US","0.0","0","0.0","1,0","6",",0","3",",0","0",",0","1",",0","0",",0","0",",0","9",",0","1","1,0","9","1,0","0","1,0","","","19710402",",,0","19710402",",,0","19710402",",,0","","","19710428",",,0","19710420",",1,0","-8.3",",0,02,","25",",,0,02,","13",",,0,02,","7.6",",,0,28,","26.1","1,0,20,","4206.2","0","273.6","1,0","18.5",",,,0","13",",,,0","8.82","1,0","15.61","1,,,0","2.02",",,,0"
"USC00470124","1971-05","44.32684","-91.91933","204.2","ALMA DAM 4, WI US","2.8","0","2.8",",0","10",",0","7",",0","2",",0","0",",0","0",",0","0",",0","0",",0","0",",0","13",",0","0",",0","","","19710512",",,0","19710531","+,,0","19710531","+,,0","","","19710525",",,0","19710530","+,,0","0.6",",0,12,","0",",,0,31,+","0",",,0,31,+","35.8",",,0,25,","26.1",",0,30,+","4369.9","0","163.7",",0","120.4",",,,0","0",",,,0","13.14",",0","20.13",",,,0","6.15",",,,0"
"USC00470124","1971-06","44.32684","-91.91933","204.2","ALMA DAM 4, WI US","140.3","0","137.5",",0","11",",0","11",",0","2",",0","0",",0","0",",0","0",",0","0",",0","0",",0","29",",0","4",",0","","","19710609","+,,0","19710630","+,,0","19710630","+,,0","","","19710608",",,0","19710627",",,0","7.2",",0,09,+","0",",,0,30,+","0",",,0,30,+","42.7",",,0,08,","35.0",",0,27,","4380.8","0","10.9",",0","161.3",",,,0","0",",,,0","22.55",",0","28.35",",,,0","16.76",",,,0"
"USC00470124","1971-07","44.32684","-91.91933","204.2","ALMA DAM 4, WI US","219.1","0","78.8",",0","12",",0","7",",0","2",",0","0",",0","0",",0","0",",0","0",",0","0",",0","31",",0","0",",0","","","19710714",",,0","19710731","+,,0","19710731","+,,0","","","19710728",",,0","19710721",",,0","9.4",",0,14,","0",",,0,31,+","0",",,0,31,+","28.4",",,0,28,","31.1",",0,21,","6.4","0","6.4",",0","128.5",",,,0","0",",,,0","20.67",",0","26.69",",,,0","14.65",",,,0"
"USC00470124","1971-08","44.32684","-91.91933","204.2","ALMA DAM 4, WI US","304.3","0","85.2",",0","3",",0","1",",0","0",",0","0",",0","0",",0","0",",0","0",",0","0",",0","30",",0","2",",0","","","19710827",",,0","19710831","+,,0","19710831","+,,0","","","19710819",",,0","19710822","+,,0","8.9",",0,27,","0",",,0,31,+","0",",,0,31,+","5.1",",,0,19,","33.3",",0,22,+","18.6","0","12.2",",0","7.6",",,,0","0",",,,0","20.69",",0","26.75",",,,0","14.63",",,,0"
"USC00470124","1971-09","44.32684","-91.91933","204.2","ALMA DAM 4, WI US","359.8","0","55.5",",0","12",",0","9",",0","1",",0","0",",0","0",",0","0",",0","0",",0","0",",0","19",",0","0",",0","","","19710923","+,,0","19710930","+,,0","19710930","+,,0","","","19710905",",,0","19710902",",,0","5.0",",0,23,+","0",",,0,30,+","0",",,0,30,+","26.7",",,0,05,","31.7",",0,02,","94.6","0","76.0",",0","106.2",",,,0","0",",,,0","17.65",",0","23.24",",,,0","12.06",",,,0"
"USC00470124","1971-10","44.32684","-91.91933","204.2","ALMA DAM 4, WI US","369.0","0","9.2",",0","9",",0","7",",0","0",",0","0",",0","0",",0","0",",0","1",",0","0",",0","9",",0","0",",0","","","19711031",",,0","19711031","+,,0","19711031","+,,0","","","19711030",",,0","19711001",",,0","-2.2",",0,31,","0",",,0,31,+","0",",,0,31,+","11.4",",,0,30,","26.7",",0,01,","260.7","0","166.1",",0","64.3",",,,0","0",",,,0","13.27",",0","18.54",",,,0","8.00",",,,0"
"USC00470124","1971-11","44.32684","-91.91933","204.2","ALMA DAM 4, WI US","369.0","0","0.0",",0","9",",0","7",",0","0",",0","6",",0","4",",0","0",",0","21",",0","7",",0","0",",0","0",",0","","","19711106",",,0","19711130","+,,0","19711124",",,0","","","19711126",",,0","19711117","+,,0","-11.1",",0,06,","76",",,0,30,+","51",",,0,24,","17.8",",,0,26,","15.6",",0,17,+","744.3","0","483.6",",0","57.8",",,,0","126",",,,0","2.21",",0","6.33",",,,0","-1.91",",,,0"
"USC00470124","1971-12","44.32684","-91.91933","204.2","ALMA DAM 4, WI US","369.0","0","0.0",",0","11",",0","4",",0","0",",0","27",",0","6",",0","2",",0","30",",0","18",",0","0",",0","0",",0","","","19711217",",,0","19711231","+,,0","19711230",",,0","","","19711230",",,0","19711223","+,,0","-18.3",",0,17,","152",",,0,31,+","102",",,0,30,","6.1",",,0,30,","3.9",",0,23,+","1469.8","0","725.5",",0","26.4",",,,0","292",",,,0","-5.07",",0","-0.85",",,,0","-9.30",",,,0"
"USC00470124","1972-01","44.32684","-91.91933","204.2","ALMA DAM 4, WI US","0.0","0","0.0",",0","7",",0","2",",0","0",",0","30",",0","5",",0","16",",0","31",",0","22",",0","0",",0","0",",0","","","19720115",",,0","19720131",",,0","19720125","+,,0","","","19720125",",,0","19720109","+,,0","-32.2",",0,15,","203",",,0,31,","76",",,0,25,+","15.0",",,0,25,","5.6",",0,09,+","2412.5","0","942.7",",0","29.6",",,,0","269",",,,0","-12.08",",0","-6.34",",,,0","-17.81",",,,0"
"USC00470124","1972-02","44.32684","-91.91933","204.2","ALMA DAM 4, WI US","0.0","0","0.0","1,0","3",",0","2",",0","0",",0","29",",0","1",",0","11","1,0","28","1,0","20",",0","0",",0","0",",0","","","19720208",",1,0","19720210","+,,0","19720203",",,0","","","19720203",",,0","19720229","+,,0","-32.2","1,0,08,","229",",,0,10,+","51",",,0,03,","3.3",",,0,03,","3.3",",0,29,+","3207.6","0","795.1",",0","7.1",",,,0","64",",,,0","-9.94","1,0","-4.13",",,,0","-15.75","1,,,0"
"USC00470124","1972-03","44.32684","-91.91933","204.2","ALMA DAM 4, WI US","0.0","0","0.0",",0","7",",0","5",",0","0",",0","15",",0","4",",0","3",",0","28",",0","6",",0","0",",0","0",",0","","","19720305",",,0","19720304",",,0","19720304",",,0","","","19720304",",,0","19720320",",,0","-22.8",",0,05,","152",",,0,04,","140",",,0,04,","11.4",",,0,04,","12.8",",0,20,","3837.7","0","630.1",",0","34.2",",,,0","292",",,,0","-1.99",",0","3.39",",,,0","-7.38",",,,0"
"USC00470124","1972-04","44.32684","-91.91933","204.2","ALMA DAM 4, WI US","0.0","0","0.0",",0","10",",0","5",",0","0",",0","3",",0","2",",0","0",",0","14",",0","0",",0","2",",0","0",",0","","","19720408",",,0","19720407",",,0","19720407",",,0","","","19720422",",,0","19720417",",,0","-10.0",",0,08,","51",",,0,07,","51",",,0,07,","16.5",",,0,22,","23.3",",0,17,","4204.1","0","366.4",",0","37.8",",,,0","84",",,,0","6.12",",0","11.69",",,,0","0.55",",,,0"
"USC00470124","1972-05","44.32684","-91.91933","204.2","ALMA DAM 4, WI US","54.0","0","54.0",",0","8",",0","7",",0","0",",0","0",",0","0",",0","0",",0","0",",0","0",",0","19",",0","0",",0","","","19720508",",,0","19720531","+,,0","19720531","+,,0","","","19720529",",,0","19720523",",,0","1.7",",0,08,","0",",,0,31,+","0",",,0,31,+","14.0",",,0,29,","31.7",",0,23,","4297.2","0","93.1",",0","41.6",",,,0","0",",,,0","17.07",",0","23.60",",,,0","10.55",",,,0"
"USC00470124","1972-06","44.32684","-91.91933","204.2","ALMA DAM 4, WI US","113.8","0","59.8",",0","9",",0","7",",0","1",",0","0",",0","0",",0","0",",0","0",",0","0",",0","28",",0","0",",0","","","19720610",",,0","19720630","+,,0","19720630","+,,0","","","19720613",",,0","19720612",",,0","3.3",",0,10,","0",",,0,30,+","0",",,0,30,+","44.2",",,0,13,","31.7",",0,12,","4329.2","0","32.0",",0","105.4",",,,0","0",",,,0","19.26",",0","26.15",",,,0","12.36",",,,0"
"USC00470124","1972-07","44.32684","-91.91933","204.2","ALMA DAM 4, WI US","219.3","0","105.5",",0","12",",0","11",",0","2",",0","0",",0","0",",0","0",",0","0",",0","0",",0","30",",0","2",",0","","","19720704",",,0","19720731","+,,0","19720731","+,,0","","","19720709",",,0","19720701",",,0","7.8",",0,04,","0",",,0,31,+","0",",,0,31,+","44.5",",,0,09,","32.8",",0,01,","10.3","0","10.3",",0","181.2",",,,0","0",",,,0","21.40",",0","26.82",",,,0","15.99",",,,0"
"USC00470124","1972-08","44.32684","-91.91933","204.2","ALMA DAM 4, WI US","344.0","0","124.7",",0","9",",0","7",",0","2",",0","0",",0","0",",0","0",",0","0",",0","0",",0","25",",0","3",",0","","","19720809",",,0","19720831","+,,0","19720831","+,,0","","","19720819",",,0","19720817","+,,0","10.0",",0,09,","0",",,0,31,+","0",",,0,31,+","45.7",",,0,19,","35.0",",0,17,+","26.1","0","15.8",",0","111.3",",,,0","0",",,,0","21.85",",0","26.66",",,,0","17.03",",,,0"
"USC00470124","1972-09","44.32684","-91.91933","204.2","ALMA DAM 4, WI US","357.7","0","13.7",",0","10",",0","8",",0","4",",0","0",",0","0",",0","0",",0","1",",0","0",",0","19",",0","0",",0","","","19720930",",,0","19720930","+,,0","19720930","+,,0","","","19720926",",,0","19720916",",,0","-1.7",",0,30,","0",",,0,30,+","0",",,0,30,+","36.8",",,0,26,","29.4",",0,16,","109.1","0","83.0",",0","175.5",",,,0","0",",,,0","16.02",",0","21.30",",,,0","10.74",",,,0"
"USC00470124","1972-10","44.32684","-91.91933","204.2","ALMA DAM 4, WI US","357.7","0","0.0",",0","9",",0","8",",0","1",",0","0",",0","0",",0","0",",0","9",",0","0",",0","3",",0","0",",0","","","19721019",",,0","19721031","+,,0","19721031","+,,0","","","19721023",",,0","19721002",",,0","-6.7",",0,19,","0",",,0,31,+","0",",,0,31,+","33.0",",,0,23,","23.3",",0,02,","425.7","0","316.6",",0","98.2",",,,0","0",",,,0","8.12",",0","13.23",",,,0","3.02",",,,0"
"USC00470124","1972-11","44.32684","-91.91933","204.2","ALMA DAM 4, WI US","357.7","0","0.0",",0","7",",0","3",",0","0",",0","0",",0","0",",0","0",",0","19",",0","4",",0","0",",0","0",",0","","","19721129","+,,0","19721129","+,,0","19721128","+,,0","","","19721102",",,0","19721105",",,0","-9.4",",0,29,+","0",",T,0,29,+","0",",T,0,28,+","16.8",",,0,02,","14.4",",0,05,","944.3","0","518.6",",0","41.5",",,,0","0",",T,,0","1.05",",0","4.22",",,,0","-2.13",",,,0"
"USC00470124","1972-12","44.32684","-91.91933","204.2","ALMA DAM 4, WI US","357.7","0","0.0",",0","11",",0","5",",0","0",",0","31",",0","10",",0","13",",0","30",",0","21",",0","0",",0","0",",0","","","19721207",",,0","19721218","+,,0","19721213",",,0","","","19721230",",,0","19721230",",,0","-28.9",",0,07,","254",",,0,18,+","152",",,0,13,","19.3",",,0,30,","9.4",",0,30,","1797.8","0","853.5",",0","49.8",",,,0","429",",,,0","-9.20",",0","-4.60",",,,0","-13.80",",,,0"
"USC00470124","1973-01","44.32684","-91.91933","204.2","ALMA DAM 4, WI US","0.0","0","0.0",",0","3",",0","2",",0","1",",0","24",",0","3",",0","9",",0","28",",0","17",",0","0",",0","0",",0","","","19730107","+,,0","19730106","+,,0","19730104",",,0","","","19730104",",,0","19730126","+,,0","-31.1",",0,07,+","356",",,0,06,+","254",",,0,04,","38.1",",,0,04,","8.9",",0,26,+","2574.5","0","776.7",",0","43.7",",,,0","330",",,,0","-6.72",",0","-1.65",",,,0","-11.79",",,,0"
"USC00470124","1973-02","44.32684","-91.91933","204.2","ALMA DAM 4, WI US","0.0","0","0.0",",0","4",",0","3",",0","0",",0","22",",0","3",",0","6",",0","28",",0","8",",0","0",",0","0",",0","","","19730216",",,0","19730215","+,,0","19730214","+,,0","","","19730202",",,0","19730204","+,,0","-23.9",",0,16,","76",",,0,15,+","76",",,0,14,+","10.9",",,0,02,","5.6",",0,04,+","3224.3","0","649.8",",0","25.6",",,,0","216",",,,0","-4.87",",0","0.07",",,,0","-9.82",",,,0"
"USC00470124","1973-03","44.32684","-91.91933","204.2","ALMA DAM 4, WI US","0.0","0","0.0",",0","8",",0","5",",0","1",",0","1",",0","0",",0","0",",0","16",",0","0",",0","0",",0","0",",0","","","19730318",",,0","19730301",",,0","19730316","+,,0","","","19730311",",,0","19730330","+,,0","-6.7",",0,18,","25",",,0,01,","0",",T,0,16,+","36.1",",,0,11,","17.2",",0,30,+","3633.7","0","409.4",",0","77.0",",,,0","0",",T,,0","5.13",",0","9.89",",,,0","0.36",",,,0"
"USC00470124","1973-04","44.32684","-91.91933","204.2","ALMA DAM 4, WI US","0.0","0","0.0",",0","16",",0","9",",0","1",",0","6",",0","3",",0","0",",0","9",",0","1",",0","3",",0","0",",0","","","19730411",",,0","19730410",",,0","19730409",",,0","","","19730416",",,0","19730420","+,,0","-5.6",",0,11,","229",",,0,10,","152",",,0,09,","46.7",",,0,16,","21.7",",0,20,+","3955.9","0","322.2",",0","143.4",",,,0","279",",,,0","7.59",",0","12.25",",,,0","2.93",",,,0"
"USC00470124","1973-05","44.32684","-91.91933","204.2","ALMA DAM 4, WI US","1.7","0","1.7","1,0","15",",0","12",",0","2",",0","0",",0","0",",0","0","1,0","3","1,0","0",",0","12",",0","0",",0","","","19730502",",1,0","19730531","+,,0","19730531","+,,0","","","19730501",",,0","19730531",",,0","-2.8","1,0,02,","0",",,0,31,+","0",",,0,31,+","46.2",",,0,01,","28.3",",0,31,","4118.7","0","162.8",",0","158.8",",,,0","0",",,,0","13.01","1,0","18.98",",,,0","7.04","1,,,0"
"USC00470124","1973-06","44.32684","-91.91933","204.2","ALMA DAM 4, WI US","81.6","0","79.9",",0","10",",0","7",",0","0",",0","0",",0","0",",0","0",",0","0",",0","0",",0","30",",0","3",",0","","","19730605",",,0","19730630","+,,0","19730630","+,,0","","","19730605",",,0","19730610",",,0","7.8",",0,05,","0",",,0,30,+","0",",,0,30,+","19.3",",,0,05,","34.4",",0,10,","4127.1","0","8.4",",0","92.4",",,,0","0",",,,0","20.72",",0","27.05",",,,0","14.38",",,,0"
"USC00470124","1973-07","44.32684","-91.91933","204.2","ALMA DAM 4, WI US","214.3","0","132.7",",0","6",",0","4",",0","1",",0","0",",0","0",",0","0",",0","0",",0","0",",0","31",",0","3",",0","","","19730731","+,,0","19730731","+,,0","19730731","+,,0","","","19730730",",,0","19730712","+,,0","12.2",",0,31,+","0",",,0,31,+","0",",,0,31,+","49.0",",,0,30,","33.9",",0,12,+","0.0","0","0.0",",0","88.3",",,,0","0",",,,0","22.61",",0","28.42",",,,0","16.81",",,,0"
"USC00470124","1973-08","44.32684","-91.91933","204.2","ALMA DAM 4, WI US","341.8","0","127.5",",0","9",",0","7",",0","2",",0","0",",0","0",",0","0",",0","0",",0","0",",0","30",",0","4",",0","","","19730801",",,0","19730831","+,,0","19730831","+,,0","","","19730823",",,0","19730827",",,0","8.9",",0,01,","0",",,0,31,+","0",",,0,31,+","61.5",",,0,23,","35.0",",0,27,","4.1","0","4.1",",0","118.2",",,,0","0",",,,0","22.31",",0","28.01",",,,0","16.62",",,,0"
"USC00470124","1973-09","44.32684","-91.91933","204.2","ALMA DAM 4, WI US","361.3","0","19.5",",0","15",",0","8",",0","1",",0","0",",0","0",",0","0",",0","1",",0","0",",0","18",",0","0",",0","","","19730920",",,0","19730930","+,,0","19730930","+,,0","","","19730926",",,0","19730901",",,0","-3.3",",0,20,","0",",,0,30,+","0",",,0,30,+","28.4",",,0,26,","30.6",",0,01,","109.1","0","105.0",",0","107.8",",,,0","0",",,,0","15.48",",0","21.48",",,,0","9.48",",,,0"
"USC00470124","1973-10","44.32684","-91.91933","204.2","ALMA DAM 4, WI US","367.7","0","6.4",",0","9",",0","6",",0","0",",0","0",",0","0",",0","0",",0","1",",0","0",",0","15",",0","0",",0","","","19731029",",,0","19731031","+,,0","19731031","+,,0","","","19731004",",,0","19731008",",,0","0.0",",0,29,","0",",,0,31,+","0",",,0,31,+","13.7",",,0,04,","26.1",",0,08,","287.4","0","178.3",",0","53.1",",,,0","0",",,,0","12.79",",0","19.09",",,,0","6.49",",,,0"
"USC00470124","1973-11","44.32684","-91.91933","204.2","ALMA DAM 4, WI US","367.7","0","0.0",",0","7",",0","5",",0","1",",0","0",",0","0",",0","0",",0","18",",0","2",",0","0",",0","0",",0","","","19731110",",,0","19731130","+,,0","19731130","+,,0","","","19731115",",,0","19731113",",,0","-10.6",",0,10,","0",",,0,30,+","0",",,0,30,+","28.4",",,0,15,","16.7",",0,13,","761.9","0","474.5",",0","65.9",",,,0","0",",,,0","2.52",",0","7.02",",,,0","-1.99",",,,0"
"USC00470124","1973-12","44.32684","-91.91933","204.2","ALMA DAM 4, WI US","367.7","0","0.0",",0","7",",0","6",",0","0",",0","27",",0","6",",0","5",",0","30",",0","21",",0","0",",0","0",",0","","","19731231",",,0","19731231","+,,0","19731205",",,0","","","19731225",",,0","19731202",",,0","-27.8",",0,31,","178",",,0,31,+","127",",,0,05,","10.2",",,0,25,","9.4",",0,02,","1538.7","0","776.8",",0","32.6",",,,0","355",",,,0","-6.72",",0","-2.65",",,,0","-10.80",",,,0"
"USC00470124","1974-01","44.32684","-91.91933","204.2","ALMA DAM 4, WI US","0.0","0","0.0",",0","4",",0","1",",0","0",",0","31",",0","0","2,0","14",",0","30",",0","15",",0","0",",0","0",",0","","","19740101",",,0","19740114","+,,0","19740109",",2,0","","","19740121",",,0","19740116",",,0","-30.6",",0,01,","127",",,0,14,+","13","2,,0,09,","7.6",",,0,21,","8.9",",0,16,","2369.3","0","830.6",",0","11.0",",,,0","13","2,,,0","-8.46",",0","-3.91",",,,0","-13.01",",,,0"
"USC00470124","1974-02","44.32684","-91.91933","204.2","ALMA DAM 4, WI US","0.0","0","0.0",",0","10",",0","4",",0","0",",0","20",",0","6",",0","6",",0","28",",0","16",",0","0",",0","0",",0","","","19740204",",,0","19740211","+,,0","19740205","+,,0","","","19740222",",,0","19740227","+,,0","-27.2",",0,04,","127",",,0,11,+","51",",,0,05,+","6.1",",,0,22,","6.1",",0,27,+","3078.5","0","709.2",",0","23.4",",,,0","241",",,,0","-7.00",",0","-1.02",",,,0","-12.97",",,,0"
"USC00470124","1974-03","44.32684","-91.91933","204.2","ALMA DAM 4, WI US","0.0","0","0.0",",0","7",",0","4",",0","0",",0","4",",0","3",",0","2",",0","28",",0","5",",0","0",",0","0",",0","","","19740324",",,0","19740330",",,0","19740330",",,0","","","19740330",",,0","19740306",",,0","-21.1",",0,24,","102",",,0,30,","102",",,0,30,","15.2",",,0,30,","16.1",",0,06,","3647.4","0","568.9",",0","31.3",",,,0","178",",,,0","-0.02",",0","4.96",",,,0","-5.00",",,,0"
"USC00470124","1974-04","44.32684","-91.91933","204.2","ALMA DAM 4, WI US","0.6","0","0.6",",0","14",",0","9",",0","1",",0","0",",0","0",",0","0",",0","14",",0","0",",0","6",",0","0",",0","","","19740408",",,0","19740415","+,,0","19740415","+,,0","","","19740404",",,0","19740428","+,,0","-5.0",",0,08,","0",",T,0,15,+","0",",T,0,15,+","31.5",",,0,04,","26.7",",0,28,+","3936.4","0","289.0",",0","78.0",",,,0","0",",T,,0","8.72",",0","15.23",",,,0","2.21",",,,0"
"USC00470124","1974-05","44.32684","-91.91933","204.2","ALMA DAM 4, WI US","9.3","0","8.7","1,0","10",",0","9",",0","0",",0","0",",0","0",",0","0",",0","6",",0","0","1,0","15","1,0","0","1,0","","","19740506",",,0","19740531","+,,0","19740531","+,,0","","","19740511",",,0","19740521","+,1,0","-2.8",",0,06,","0",",,0,31,+","0",",,0,31,+","22.4",",,0,11,","28.9","1,0,21,+","4118.3","0","181.9","1,0","95.7",",,,0","0",",,,0","12.62","1,0","19.23","1,,,0","6.00",",,,0"
"USC00470124","1974-06","44.32684","-91.91933","204.2","ALMA DAM 4, WI US","56.3","0","47.0",",0","12",",0","8",",0","2",",0","0",",0","0",",0","0",",0","0",",0","0",",0","26",",0","0",",0","","","19740616",",,0","19740630","+,,0","19740630","+,,0","","","19740610",",,0","19740630",",,0","6.1",",0,16,","0",",,0,30,+","0",",,0,30,+","48.8",",,0,10,","30.0",",0,30,","4150.8","0","32.5",",0","149.3",",,,0","0",",,,0","18.82",",0","25.46",",,,0","12.17",",,,0"
"USC00470124","1974-07","44.32684","-91.91933","204.2","ALMA DAM 4, WI US","245.8","0","189.5",",0","6",",0","5",",0","0",",0","0",",0","0",",0","0",",0","0",",0","0",",0","31",",0","11",",0","","","19740731","+,,0","19740731","+,,0","19740731","+,,0","","","19740726",",,0","19740713",",,0","12.2",",0,31,+","0",",,0,31,+","0",",,0,31,+","18.3",",,0,26,","37.2",",0,13,","0.0","0","0.0",",0","38.1",",,,0","0",",,,0","24.45",",0","30.74",",,,0","18.15",",,,0"
"USC00470124","1974-08","44.32684","-91.91933","204.2","ALMA DAM 4, WI US","318.0","0","72.2",",0","11",",0","9",",0","0",",0","0",",0","0",",0","0",",0","0",",0","0",",0","29",",0","0",",0","","","19740831",",,0","19740831","+,,0","19740831","+,,0","","","19740802",",,0","19740820",",,0","6.7",",0,31,","0",",,0,31,+","0",",,0,31,+","13.5",",,0,02,","31.1",",0,20,","15.9","0","15.9",",0","65.8",",,,0","0",",,,0","20.15",",0","26.34",",,,0","13.96",",,,0"
"USC00470124","1974-09","44.32684","-91.91933","204.2","ALMA DAM 4, WI US","324.9","0","6.9",",0","7",",0","4",",0","0",",0","0",",0","0",",0","0",",0","1",",0","0",",0","16",",0","0",",0","","","19740922",",,0","19740930","+,,0","19740930","+,,0","","","19740912",",,0","19740926","+,,0","-1.1",",0,22,","0",",,0,30,+","0",",,0,30,+","11.7",",,0,12,","27.2",",0,26,+","152.9","0","137.0",",0","35.3",",,,0","0",",,,0","14.00",",0","20.60",",,,0","7.39",",,,0"
"USC00470124","1974-10","44.32684","-91.91933","204.2","ALMA DAM 4, WI US","324.9","0","0.0","1,0","7",",0","7",",0","0",",0","0",",0","0",",0","0",",0","5",",0","0","1,0","5","1,0","0","1,0","","","19741002",",,0","19741031","+,,0","19741031","+,,0","","","19741030",",,0","19741010",",1,0","-4.4",",0,02,","0",",,0,31,+","0",",,0,31,+","15.5",",,0,30,","23.9","1,0,10,","384.9","0","232.0","1,0","59.7",",,,0","0",",,,0","10.58","1,0","16.41","1,,,0","4.74",",,,0"
"USC00470124","1974-11","44.32684","-91.91933","204.2","ALMA DAM 4, WI US","324.9","0","0.0",",0","8",",0","4",",0","0",",0","0",",0","0",",0","0",",0","22",",0","3",",0","0",",0","0",",0","","","19741125","+,,0","19741130","+,,0","19741130","+,,0","","","19741101",",,0","19741101",",,0","-9.4",",0,25,+","0",",,0,30,+","0",",,0,30,+","8.6",",,0,01,","19.4",",0,01,","865.7","0","480.8",",0","28.7",",,,0","0",",,,0","2.31",",0","6.85",",,,0","-2.24",",,,0"
"USC00470124","1974-12","44.32684","-91.91933","204.2","ALMA DAM 4, WI US","324.9","0","0.0",",0","4",",0","4",",0","0",",0","19",",0","3",",0","0",",0","31",",0","12",",0","0",",0","0",",0","","","19741225",",,0","19741223","+,,0","19741218","+,,0","","","19741216",",,0","19741210",",,0","-15.0",",0,25,","76",",,0,23,+","51",",,0,18,+","8.4",",,0,16,","6.1",",0,10,","1533.4","0","667.7",",0","18.0",",,,0","153",",,,0","-3.21",",0","0.53",",,,0","-6.94",",,,0"
"USC00470124","1975-01","44.32684","-91.91933","204.2","ALMA DAM 4, WI US","0.0","0","0.0",",0","12",",0","7",",0","0",",0","31",",0","9",",0","8",",0","31",",0","22",",0","0",",0","0",",0","","","19750114",",,0","19750131","+,,0","19750103",",,0","","","19750121",",,0","19750109",",,0","-23.3",",0,14,","229",",,0,31,+","102",",,0,03,","6.6",",,0,21,","5.6",",0,09,","2350.1","0","816.7",",0","39.5",",,,0","431",",,,0","-8.01",",0","-2.85",",,,0","-13.17",",,,0"
"USC00470124","1975-02","44.32684","-91.91933","204.2","ALMA DAM 4, WI US","0.0","0","0.0",",0","5",",0","3",",0","0",",0","28",",0","4",",0","7",",0","28",",0","17",",0","0",",0","0",",0","","","19750209",",,0","19750213","+,,0","19750205",",,0","","","19750205",",,0","19750222",",,0","-28.9",",0,09,","305",",,0,13,+","76",",,0,05,","8.4",",,0,05,","3.3",",0,22,","3079.3","0","729.2",",0","18.5",",,,0","190",",,,0","-7.71",",0","-2.66",",,,0","-12.76",",,,0"
"USC00470124","1975-03","44.32684","-91.91933","204.2","ALMA DAM 4, WI US","0.0","0","0.0",",0","9",",0","6",",0","0",",0","29",",0","7",",0","4",",0","29",",0","13",",0","0",",0","0",",0","","","19750314","+,,0","19750307","+,,0","19750306",",,0","","","19750324",",,0","19750320","+,,0","-18.3",",0,14,+","305",",,0,07,+","64",",,0,06,","12.7",",,0,24,","10.0",",0,20,+","3761.2","0","681.9",",0","48.9",",,,0","385",",,,0","-3.66",",0","1.33",",,,0","-8.65",",,,0"
"USC00470124","1975-04","44.32684","-91.91933","204.2","ALMA DAM 4, WI US","0.0","0","0.0",",0","8",",0","5",",0","3",",0","5",",0","0",",0","0",",0","17",",0","2",",0","0",",0","0",",0","","","19750402","+,,0","19750404","+,,0","19750410","+,,0","","","19750428",",,0","19750425",",,0","-11.7",",0,02,+","51",",,0,04,+","0",",T,0,10,+","56.4",",,0,28,","17.2",",0,25,","4170.9","0","409.7",",0","138.6",",,,0","0",",T,,0","4.68",",0","10.00",",,,0","-0.65",",,,0"
"USC00470124","1975-05","44.32684","-91.91933","204.2","ALMA DAM 4, WI US","34.6","0","34.6",",0","10",",0","7",",0","0",",0","0",",0","0",",0","0",",0","0",",0","0",",0","19",",0","2",",0","","","19750501",",,0","19750531","+,,0","19750531","+,,0","","","19750508",",,0","19750520","+,,0","1.7",",0,01,","0",",,0,31,+","0",",,0,31,+","13.0",",,0,08,","32.2",",0,20,+","4265.5","0","94.6",",0","56.8",",,,0","0",",,,0","16.40",",0","22.58",",,,0","10.21",",,,0"
"USC00470124","1975-06","44.32684","-91.91933","204.2","ALMA DAM 4, WI US","106.2","0","71.6",",0","15",",0","10",",0","1",",0","0",",0","0",",0","0",",0","0",",0","0",",0","28",",0","1",",0","","","19750601",",,0","19750630","+,,0","19750630","+,,0","","","19750615",",,0","19750621",",,0","7.2",",0,01,","0",",,0,30,+","0",",,0,30,+","30.5",",,0,15,","32.2",",0,21,","4294.2","0","28.7",",0","163.6",",,,0","0",",,,0","19.77",",0","25.72",",,,0","13.81",",,,0"
"USC00470124","1975-07","44.32684","-91.91933","204.2","ALMA DAM 4, WI US","272.9","0","166.7",",0","3",",0","2",",0","0",",0","0",",0","0",",0","0",",0","0",",0","0",",0","30",",0","11",",0","","","19750713","+,,0","19750731","+,,0","19750731","+,,0","","","19750724",",,0","19750728","+,,0","8.9",",0,13,+","0",",,0,31,+","0",",,0,31,+","22.4",",,0,24,","33.3",",0,28,+","10.2","0","10.2",",0","43.5",",,,0","0",",,,0","23.38",",0","29.59",",,,0","17.18",",,,0"
"USC00470124","1975-08","44.32684","-91.91933","204.2","ALMA DAM 4, WI US","373.5","0","100.6",",0","11",",0","9",",0","1",",0","0",",0","0",",0","0",",0","0",",0","0",",0","31",",0","3",",0","","","19750827",",,0","19750831","+,,0","19750831","+,,0","","","19750823",",,0","19750812","+,,0","10.0",",0,27,","0",",,0,31,+","0",",,0,31,+","75.9",",,0,23,","32.2",",0,12,+","13.0","0","2.8",",0","163.8",",,,0","0",",,,0","21.49",",0","27.86",",,,0","15.11",",,,0"
"USC00470124","1975-09","44.32684","-91.91933","204.2","ALMA DAM 4, WI US","380.8","0","7.3",",0","8",",0","6",",0","0",",0","0",",0","0",",0","0",",0","0",",0","0",",0","14",",0","0",",0","","","19750925","+,,0","19750930","+,,0","19750930","+,,0","","","19750911",",,0","19750910",",,0","1.7",",0,25,+","0",",,0,30,+","0",",,0,30,+","17.3",",,0,11,","28.3",",0,10,","146.5","0","133.5",",0","46.3",",,,0","0",",,,0","14.13",",0","19.93",",,,0","8.32",",,,0"
"USC00470124","1975-10","44.32684","-91.91933","204.2","ALMA DAM 4, WI US","387.0","0","6.2",",0","5",",0","1",",0","0",",0","0",",0","0",",0","0",",0","7",",0","0",",0","12",",0","0",",0","","","19751029",",,0","19751031","+,,0","19751031","+,,0","","","19751025",",,0","19751013",",,0","-3.3",",0,29,","0",",,0,31,+","0",",,0,31,+","20.3",",,0,25,","28.9",",0,13,","359.3","0","212.8",",0","25.6",",,,0","0",",,,0","11.67",",0","18.53",",,,0","4.80",",,,0"
"USC00470124","1975-11","44.32684","-91.91933","204.2","ALMA DAM 4, WI US","387.0","0","0.0",",0","8",",0","7",",0","1",",0","8",",0","4",",0","0",",0","17",",0","6",",0","1",",0","0",",0","","","19751126",",,0","19751128","+,,0","19751129","+,,0","","","19751110",",,0","19751104",",,0","-14.4",",0,26,","51",",,0,28,+","51",",,0,29,+","66.0",",,0,10,","22.8",",0,04,","797.2","0","437.9",",0","135.1",",,,0","178",",,,0","3.74",",0","9.43",",,,0","-1.96",",,,0"
"USC00470124","1975-12","44.32684","-91.91933","204.2","ALMA DAM 4, WI US","387.0","0","0.0","1,0","3",",0","2",",0","1",",0","5",",0","2",",0","5",",0","30",",0","19","1,0","0","1,0","0","1,0","","","19751218",",,0","19751203","+,,0","19751220","+,,0","","","19751214",",,0","19751205",",1,0","-23.3",",0,18,","51",",,0,03,+","25",",,0,20,+","25.4",",,0,14,","12.8","1,0,05,","1523.9","0","726.7","1,0","29.2",",,,0","50",",,,0","-5.88","1,0","-1.87","1,,,0","-9.90",",,,0"
"USC00470124","1976-01","44.32684","-91.91933","204.2","ALMA DAM 4, WI US","0.0","0","0.0",",0","7","1,0","4","1,0","0","1,0","30",",0","6",",0","15",",0","31",",0","26",",0","0",",0","0",",0","","","19760117",",,0","19760122","+,,0","19760116",",,0","","","19760121",",1,0","19760128",",,0","-31.7",",0,17,","178",",,0,22,+","76",",,0,16,","5.8","1,,0,21,","5.0",",0,28,","2436.6","0","912.7",",0","19.5","1,,,0","253",",,,0","-11.11",",0","-4.66",",,,0","-17.56",",,,0"
"USC00470124","1976-02","44.32684","-91.91933","204.2","ALMA DAM 4, WI US","0.0","0","0.0",",0","3",",0","2",",0","0",",0","12",",0","1",",0","5",",0","27",",0","6",",0","0",",0","0",",0","","","19760202",",,0","19760207","+,,0","19760204",",,0","","","19760215",",,0","19760227","+,,0","-26.7",",0,02,","127",",,0,07,+","25",",,0,04,","5.6",",,0,15,","12.8",",0,27,+","3042.8","0","606.2",",0","8.6",",,,0","25",",,,0","-2.57",",0","2.84",",,,0","-7.98",",,,0"
"USC00470124","1976-03","44.32684","-91.91933","204.2","ALMA DAM 4, WI US","0.0","0","0.0",",0","10",",0","7",",0","1",",0","11",",","","","0",",0","20",",0","7",",0","0",",0","0",",0","","","19760307","+,,0","19760307","+,,0","","","","","19760330",",,0","19760319",",,0","-15.6",",0,07,+","127",",,0,07,+","","","36.8",",,0,30,","19.4",",0,19,","3578.4","0","535.6",",0","93.0",",,,0","","","1.06",",0","6.02",",,,0","-3.91",",,,0"
"USC00470124","1976-04","44.32684","-91.91933","204.2","ALMA DAM 4, WI US","1.4","0","1.4","1,0","7",",0","6",",0","0",",0","0",",0","0",",0","0",",0","6",",0","0","1,0","4","1,0","0","1,0","","","19760411",",,0","19760430","+,,0","19760430","+,,0","","","19760425",",,0","19760416",",1,0","-1.1",",0,11,","0",",,0,30,+","0",",,0,30,+","18.0",",,0,25,","26.7","1,0,16,","3797.1","0","218.7","1,0","58.5",",,,0","0",",,,0","10.82","1,0","16.73","1,,,0","4.91",",,,0"
"USC00470124","1976-05","44.32684","-91.91933","204.2","ALMA DAM 4, WI US","7.9","0","6.5","2,0","7",",0","5",",0","0",",0","0",",0","0",",0","0",",0","0",",0","0","2,0","16","2,0","0","2,0","","","19760506","+,,0","19760531","+,,0","19760503",",,0","","","19760516",",,0","19760509",",2,0","1.1",",0,06,+","0",",,0,31,+","0",",T,0,03,","19.1",",,0,16,","26.7","2,0,09,","3915.3","0","118.2","2,0","41.2",",,,0","0",",T,,0","14.57","2,0","20.77","2,,,0","8.38",",,,0"
"USC00470124","1976-06","44.32684","-91.91933","204.2","ALMA DAM 4, WI US","102.7","0","94.8","1,0","8",",0","5",",0","0",",0","0",",0","0",",0","0",",0","0",",0","0","1,0","28","1,0","0","1,0","","","19760619",",,0","19760630","+,,0","19760630","+,,0","","","19760613",",,0","19760612","+,1,0","10.6",",0,19,","0",",,0,30,+","0",",,0,30,+","14.0",",,0,13,","31.1","1,0,12,+","3918.9","0","3.6","1,0","48.6",",,,0","0",",,,0","21.47","1,0","27.07","1,,,0","15.87",",,,0"
"USC00470124","1976-07","44.32684","-91.91933","204.2","ALMA DAM 4, WI US","274.1","0","171.4",",0","6",",0","6",",0","1",",0","0",",0","0",",0","0",",0","0",",0","0",",0","31",",0","7",",0","","","19760701",",,0","19760731","+,,0","19760731","+,,0","","","19760728",",,0","19760710",",,0","10.0",",0,01,","0",",,0,31,+","0",",,0,31,+","34.3",",,0,28,","35.6",",0,10,","0.5","0","0.5",",0","72.9",",,,0","0",",,,0","23.84",",0","29.67",",,,0","18.01",",,,0"
"USC00470124","1976-08","44.32684","-91.91933","204.2","ALMA DAM 4, WI US","400.5","0","126.4",",0","6",",0","3",",0","0",",0","0",",0","0",",0","0",",0","0",",0","0",",0","31",",0","0",",0","","","19760816",",,0","19760831","+,,0","19760831","+,,0","","","19760805",",,0","19760822","+,,0","9.4",",0,16,","0",",,0,31,+","0",",,0,31,+","24.4",",,0,05,","31.7",",0,22,+","7.5","0","7.0",",0","43.8",",,,0","0",",,,0","22.18",",0","27.42",",,,0","16.95",",,,0"
"USC00470124","1976-09","44.32684","-91.91933","204.2","ALMA DAM 4, WI US","430.6","0","30.1",",0","6",",0","4",",0","0",",0","0",",0","0",",0","0",",0","0",",0","0",",0","19",",0","1",",0","","","19760924",",,0","19760930","+,,0","19760930","+,,0","","","19760920",",,0","19760907",",,0","1.7",",0,24,","0",",,0,30,+","0",",,0,30,+","11.4",",,0,20,","32.2",",0,07,","94.0","0","86.5",",0","26.8",",,,0","0",",,,0","16.45",",0","22.57",",,,0","10.33",",,,0"
"USC00470124","1976-10","44.32684","-91.91933","204.2","ALMA DAM 4, WI US","433.1","0","2.5","1,0","3",",0","2",",0","0",",0","0",",0","0",",0","0",",0","15",",0","0","1,0","7","1,0","0","1,0","","","19761027",",,0","19761031","+,,0","19761021","+,,0","","","19761019","+,,0","19761001",",1,0","-6.7",",0,27,","0",",,0,31,+","0",",T,0,21,+","3.3",",,0,19,+","28.3","1,0,01,","428.2","0","334.2","1,0","7.4",",,,0","0",",T,,0","7.40","1,0","12.39","1,,,0","2.41",",,,0"
"USC00470124","1976-11","44.32684","-91.91933","204.2","ALMA DAM 4, WI US","433.1","0","0.0","1,0","0",",0","0",",0","0",",0","0",",0","0",",0","3",",0","27",",0","10","1,0","0","1,0","0","1,0","","","19761130","+,,0","19761130",",,0","19761130","+,,0","","","19761130","+,,0","19761101",",1,0","-20.0",",0,30,+","0",",T,0,30,","0",",T,0,30,+","0.0",",T,0,30,+","14.4","1,0,01,","1004.6","0","576.4","1,0","0.0",",T,,0","0",",T,,0","-1.46","1,0","2.97","1,,,0","-5.88",",,,0"
"USC00470124","1976-12","44.32684","-91.91933","204.2","ALMA DAM 4, WI US","433.1","0","0.0","1,0","7",",0","1",",0","0",",0","21",",0","5",",0","13",",0","31",",0","23","1,0","0","1,0","0","1,0","","","19761231",",,0","19761231","+,,0","19761206",",,0","","","19761206",",,0","19761218",",1,0","-30.0",",0,31,","76",",,0,31,+","51",",,0,06,","3.6",",,0,06,","7.2","1,0,18,","1856.0","0","851.4","1,0","9.5",",,,0","151",",,,0","-10.25","1,0","-4.80","1,,,0","-15.70",",,,0"
"USC00470124","1977-01","44.32684","-91.91933","204.2","ALMA DAM 4, WI US","0.0","0","0.0",",0","7",",0","2",",0","0",",0","31",",0","4",",0","24",",0","31",",0","30",",0","0",",0","0",",0","","","19770109",",,0","19770123","+,,0","19770120",",,0","","","19770120",",,0","19770123",",,0","-36.7",",0,09,","254",",,0,23,+","102",",,0,20,","5.8",",,0,20,","0.6",",0,23,","2948.9","0","1092.9",",0","12.8",",,,0","270",",,,0","-16.92",",0","-11.55",",,,0","-22.30",",,,0"
"USC00470124","1977-02","44.32684","-91.91933","204.2","ALMA DAM 4, WI US","0.0","0","0.0","1,0","5",",0","3",",0","0",",0","8","3,0","3",",0","4",",0","28",",0","17","1,0","0","1,0","0","1,0","","","19770206",",,0","19770205",",3,0","19770204",",,0","","","19770224",",,0","19770211",",1,0","-27.2",",0,06,","178","3,,0,05,","51",",,0,04,","17.0",",,0,24,","10.6","1,0,11,","3580.3","0","631.4","1,0","28.4",",,,0","101",",,,0","-5.02","1,0","0.08","1,,,0","-10.12",",,,0"
"USC00470124","1977-03","44.32684","-91.91933","204.2","ALMA DAM 4, WI US","0.0","0","0.0",",0","9",",0","7",",0","1",",0","3",",0","2",",0","0",",0","18",",0","3",",0","0",",0","0",",0","","","19770301",",,0","19770303",",,0","19770303",",,0","","","19770312",",,0","19770326","+,,0","-12.2",",0,01,","127",",,0,03,","127",",,0,03,","38.1",",,0,12,","17.8",",0,26,+","4014.8","0","434.5",",0","106.8",",,,0","203",",,,0","4.32",",0","8.38",",,,0","0.25",",,,0"
"USC00470124","1977-04","44.32684","-91.91933","204.2","ALMA DAM 4, WI US","12.8","0","12.8","1,0","11",",0","8",",0","1",",0","0",",0","0",",0","0",",0","7",",0","0","1,0","13","1,0","0","1,0","","","19770406",",,0","19770430","+,,0","19770430","+,,0","","","19770421",",,0","19770410",",1,0","-3.9",",0,06,","0",",,0,30,+","0",",,0,30,+","29.2",",,0,21,","29.4","1,0,10,","4191.7","0","176.9","1,0","96.0",",,,0","0",",,,0","12.70","1,0","18.21","1,,,0","7.20",",,,0"
"USC00470124","1977-05","44.32684","-91.91933","204.2","ALMA DAM 4, WI US","97.9","0","85.1","3,0","9",",0","8",",0","0",",0","0",",0","0",",0","0",",0","0",",0","0","3,0","27","3,0","0","3,0","","","19770510",",,0","19770531","+,,0","19770531","+,,0","","","19770505",",,0","19770525","+,3,0","4.4",",0,10,","0",",,0,31,+","0",",,0,31,+","16.3",",,0,05,","30.6","3,0,25,+","4213.5","0","21.8","3,0","57.2",",,,0","0",",,,0","20.38","3,0","26.16","3,,,0","14.59",",,,0"
"USC00470124","1977-06","44.32684","-91.91933","204.2","ALMA DAM 4, WI US","173.7","0","75.8","1,0","10",",0","9",",0","1",",0","0",",0","0",",0","0",",0","0",",0","0","1,0","27","1,0","2","1,0","","","19770609",",,0","19770630","+,,0","19770630","+,,0","","","19770628",",,0","19770626",",1,0","7.8",",0,09,","0",",,0,30,+","0",",,0,30,+","38.9",",,0,28,","32.8","1,0,26,","4227.5","0","14.0","1,0","123.5",",,,0","0",",,,0","20.51","1,0","25.62","1,,,0","15.40",",,,0"
"USC00470124","1977-07","44.32684","-91.91933","204.2","ALMA DAM 4, WI US","331.4","0","157.7","4,0","11",",0","7",",0","0",",0","0",",0","0",",0","0",",0","0",",0","0","4,0","27","4,0","5","4,0","","","19770726",",,0","19770731","+,,0","19770731","+,,0","","","19770718",",,0","19770719","+,4,0","14.4",",0,26,","0",",,0,31,+","0",",,0,31,+","17.3",",,0,18,","34.4","4,0,19,+","0.0","0","0.0","4,0","76.0",",,,0","0",",,,0","24.40","4,0","29.04","4,,,0","19.75",",,,0"
"USC00470124","1977-08","44.32684","-91.91933","204.2","ALMA DAM 4, WI US","404.5","0","73.1","1,0","11",",0","6",",0","1",",0","0",",0","0",",0","0",",0","0",",0","0","1,0","30","1,0","0","1,0","","","19770818",",,0","19770831","+,,0","19770831","+,,0","","","19770810",",,0","19770827",",1,0","8.9",",0,18,","0",",,0,31,+","0",",,0,31,+","30.5",",,0,10,","31.1","1,0,27,","9.6","0","9.6","1,0","63.4",",,,0","0",",,,0","20.45","1,0","25.12","1,,,0","15.77",",,,0"
"USC00470124","1977-09","44.32684","-91.91933","204.2","ALMA DAM 4, WI US","425.4","0","20.9","1,0","9",",0","6",",0","1",",0","0",",0","0",",0","0",",0","0",",0","0","1,0","17","1,0","0","1,0","","","19770930","+,,0","19770930","+,,0","19770930","+,,0","","","19770924",",,0","19770908",",1,0","6.7",",0,30,+","0",",,0,30,+","0",",,0,30,+","32.5",",,0,24,","27.2","1,0,08,","58.9","0","49.3","1,0","68.0",",,,0","0",",,,0","17.28","1,0","21.60","1,,,0","12.96",",,,0"
"USC00470124","1977-10","44.32684","-91.91933","204.2","ALMA DAM 4, WI US","425.4","0","0.0",",0","10",",0","5",",0","1",",0","0",",0","0",",0","0",",0","2",",0","0",",0","0",",0","0",",0","","","19771013",",,0","19771031","+,,0","19771031","+,,0","","","19771008",",,0","19771020",",,0","-3.3",",0,13,","0",",,0,31,+","0",",,0,31,+","25.9",",,0,08,","20.6",",0,20,","348.1","0","289.2",",0","86.0",",,,0","0",",,,0","9.00",",0","14.73",",,,0","3.28",",,,0"
"USC00470124","1977-11","44.32684","-91.91933","204.2","ALMA DAM 4, WI US","425.4","0","0.0",",0","10",",0","5",",0","0",",0","8",",0","4",",0","3",",0","22",",0","7",",0","0",",0","0",",0","","","19771126",",,0","19771130","+,,0","19771125",",,0","","","19771128",",,0","19771109",",,0","-23.3",",0,26,","152",",,0,30,+","64",",,0,25,","5.8",",,0,28,","16.7",",0,09,","870.6","0","522.5",",0","28.7",",,,0","178",",,,0","0.92",",0","5.41",",,,0","-3.58",",,,0"
"USC00470124","1977-12","44.32684","-91.91933","204.2","ALMA DAM 4, WI US","425.4","0","0.0",",0","12",",0","5",",0","0",",0","29",",0","","","9",",0","28",",0","22",",0","0",",0","0",",0","","","19771210",",,0","19771212","+,,0","","","","","19771218",",,0","19771217",",,0","-27.8",",0,10,","203",",,0,12,+","","","11.7",",,0,18,","7.2",",0,17,","1686.7","0","816.1",",0","43.9",",,,0","","","-7.99",",0","-3.83",",,,0","-12.16",",,,0"
"USC00470124","1978-01","44.32684","-91.91933","204.2","ALMA DAM 4, WI US","0.0","0","0.0",",0","7",",0","3",",0","0",",0","31",",0","3","3,0","21",",0","31",",0","29",",0","0",",0","0",",0","","","19780120","+,,0","19780131","+,,0","19780126","+,3,0","","","19780101",",,0","19780106",",,0","-27.8",",0,20,+","330",",,0,31,+","51","3,,0,26,+","10.2",",,0,01,","1.7",",0,06,","2690.4","0","1003.7",",0","22.6",",,,0","138","3,,,0","-14.04",",0","-8.56",",,,0","-19.52",",,,0"
"USC00470124","1978-02","44.32684","-91.91933","204.2","ALMA DAM 4, WI US","0.0","0","0.0",",0","4",",0","0",",0","0",",0","28",",0","0",",0","19",",0","28",",0","27",",0","0",",0","0",",0","","","19780206",",,0","19780228","+,,0","19780223","+,,0","","","19780202",",,0","19780224",",,0","-30.0",",0,06,","356",",,0,28,+","13",",,0,23,+","1.8",",,0,02,","1.7",",0,24,","3544.4","0","854.0",",0","5.7",",,,0","52",",,,0","-12.17",",0","-5.54",",,,0","-18.79",",,,0"
"USC00470124","1978-03","44.32684","-91.91933","204.2","ALMA DAM 4, WI US","0.0","0","0.0",",0","3",",0","2",",0","0",",0","22",",0","3",",0","6",",0","28",",0","8",",0","1",",0","0",",0","","","19780301",",,0","19780306","+,,0","19780303",",,0","","","19780314",",,0","19780331",",,0","-26.1",",0,01,","406",",,0,06,+","76",",,0,03,","6.4",",,0,14,","24.4",",0,31,","4166.1","0","621.7",",0","13.2",",,,0","126",",,,0","-1.72",",0","4.49",",,,0","-7.94",",,,0"
"USC00470124","1978-04","44.32684","-91.91933","204.2","ALMA DAM 4, WI US","0.0","0","0.0",",0","14",",0","10",",0","1",",0","0",",0","0",",0","0",",0","10",",0","0",",0","2",",0","0",",0","","","19780421","+,,0","19780403",",,0","19780403","+,,0","","","19780406",",,0","19780428","+,,0","-3.9",",0,21,+","0",",T,0,03,","0",",T,0,03,+","25.9",",,0,06,","22.2",",0,28,+","4491.3","0","325.2",",0","96.4",",,,0","0",",T,,0","7.49",",0","13.28",",,,0","1.70",",,,0"
"USC00470124","1978-05","44.32684","-91.91933","204.2","ALMA DAM 4, WI US","24.0","0","24.0","1,0","7",",0","6",",0","0",",0","0",",0","0",",0","0","1,0","2","1,0","0",",0","19",",0","0",",0","","","19780501",",1,0","19780531","+,,0","19780531","+,,0","","","19780529",",,0","19780526",",,0","-2.2","1,0,01,","0",",,0,31,+","0",",,0,31,+","23.6",",,0,29,","31.7",",0,26,","4604.1","0","112.8",",0","77.0",",,,0","0",",,,0","15.42","1,0","22.25",",,,0","8.59","1,,,0"
"USC00470124","1978-06","44.32684","-91.91933","204.2","ALMA DAM 4, WI US","91.9","0","67.9",",0","14",",0","10",",0","3",",0","0",",0","0",",0","0",",0","0",",0","0",",0","28",",0","2",",0","","","19780608",",,0","19780630","+,,0","19780630","+,,0","","","19780601",",,0","19780629","+,,0","3.9",",0,08,","0",",,0,30,+","0",",,0,30,+","40.6",",,0,01,","32.2",",0,29,+","4634.7","0","30.6",",0","154.0",",,,0","0",",,,0","19.58",",0","26.20",",,,0","12.95",",,,0"
"USC00470124","1978-07","44.32684","-91.91933","204.2","ALMA DAM 4, WI US","186.4","0","94.5",",0","15",",0","10",",0","3",",0","0",",0","0",",0","0",",0","0",",0","0",",0","31",",0","2",",0","","","19780708",",,0","19780731","+,,0","19780731","+,,0","","","19780706",",,0","19780717","+,,0","8.9",",0,08,","0",",,0,31,+","0",",,0,31,+","120.7",",,0,06,","32.2",",0,17,+","4.5","0","4.5",",0","323.9",",,,0","0",",,,0","21.24",",0","27.06",",,,0","15.41",",,,0"
"USC00470124","1978-08","44.32684","-91.91933","204.2","ALMA DAM 4, WI US","294.6","0","108.2",",0","8",",0","7",",0","0",",0","0",",0","0",",0","0",",0","0",",0","0",",0","31",",0","3",",0","","","19780804",",,0","19780831","+,,0","19780831","+,,0","","","19780816",",,0","19780814","+,,0","7.2",",0,04,","0",",,0,31,+","0",",,0,31,+","20.1",",,0,16,","32.8",",0,14,+","8.8","0","4.3",",0","53.0",",,,0","0",",,,0","21.69",",0","28.05",",,,0","15.32",",,,0"
"USC00470124","1978-09","44.32684","-91.91933","204.2","ALMA DAM 4, WI US","369.8","0","75.2",",0","8",",0","6",",0","1",",0","0",",0","0",",0","0",",0","0",",0","0",",0","25",",0","5",",0","","","19780922","+,,0","19780930","+,,0","19780930","+,,0","","","19780913",",,0","19780907",",,0","3.9",",0,22,+","0",",,0,30,+","0",",,0,30,+","100.1",",,0,13,","36.1",",0,07,","73.5","0","64.7",",0","143.7",",,,0","0",",,,0","18.69",",0","25.68",",,,0","11.69",",,,0"
"USC00470124","1978-10","44.32684","-91.91933","204.2","ALMA DAM 4, WI US","369.8","0","0.0",",0","7",",0","3",",0","0",",0","0",",0","0",",0","0",",0","12",",0","0",",0","3",",0","0",",0","","","19781029",",,0","19781031","+,,0","19781031","+,,0","","","19781010",",,0","19781020",",,0","-3.9",",0,29,","0",",,0,31,+","0",",,0,31,+","7.6",",,0,10,","23.9",",0,20,","358.7","0","285.2",",0","22.9",",,,0","0",",,,0","9.13",",0","15.35",",,,0","2.92",",,,0"
"USC00470124","1978-11","44.32684","-91.91933","204.2","ALMA DAM 4, WI US","369.8","0","0.0","3,0","8",",0","4",",0","0",",0","14",",0","5",",0","1","3,0","22","3,0","10",",0","2",",0","0",",0","","","19781128",",3,0","19781130","+,,0","19781123",",,0","","","19781113",",,0","19781103",",,0","-20.6","3,0,28,","152",",,0,30,+","76",",,0,23,","17.0",",,0,13,","22.8",",0,03,","874.8","0","516.1",",0","53.1",",,,0","189",",,,0","-0.08","3,0","6.00",",,,0","-6.16","3,,,0"
"USC00470124","1978-12","44.32684","-91.91933","204.2","ALMA DAM 4, WI US","369.8","0","0.0","2,0","6",",0","2",",0","0",",0","31",",0","2",",0","9","2,0","29","2,0","21","1,0","0","1,0","0","1,0","","","19781210",",2,0","19781205","+,,0","19781230","+,,0","","","19781203",",,0","19781215",",1,0","-27.2","2,0,10,","229",",,0,05,+","76",",,0,30,+","7.1",",,0,03,","6.1","1,0,15,","1662.3","0","787.5","1,0","17.0",",,,0","180",",,,0","-8.87","2,0","-4.33","1,,,0","-13.41","2,,,0"
"USC00470124","1979-01","44.32684","-91.91933","204.2","ALMA DAM 4, WI US","0.0","0","0.0","1,0","8","2,0","5","2,0","0","2,0","31",",0","9","1,0","21","1,0","30","1,0","30","1,0","0","1,0","0","1,0","","","19790111",",1,0","19790131","+,,0","19790126","+,1,0","","","19790123",",2,0","19790129",",1,0","-32.2","1,0,11,","584",",,0,31,+","51","1,,0,26,+","5.8","2,,0,23,","-2.2","1,0,29,","2704.8","0","1042.5","1,0","22.3","2,,,0","355","1,,,0","-16.42","1,0","-11.54","1,,,0","-21.30","1,,,0"
"USC00470124","1979-02","44.32684","-91.91933","204.2","ALMA DAM 4, WI US","0.0","0","0.0",",0","5",",0","2",",0","0",",0","28",",0","2",",0","16",",0","28",",0","21",",0","0",",0","0",",0","","","19790217","+,,0","19790221",",,0","19790212",",,0","","","19790212",",,0","19790227",",,0","-33.3",",0,17,+","737",",,0,21,","102",",,0,12,","7.1",",,0,12,","5.0",",0,27,","3571.8","0","867.0",",0","16.6",",,,0","178",",,,0","-12.63",",0","-5.96",",,,0","-19.30",",,,0"
"USC00470124","1979-03","44.32684","-91.91933","204.2","ALMA DAM 4, WI US","0.0","0","0.0",",0","9",",0","4",",0","0",",0","21",",0","2",",0","1",",0","23",",0","7",",0","0",",0","0",",0","","","19790310",",,0","19790305","+,,0","19790324",",,0","","","19790324",",,0","19790319",",,0","-20.0",",0,10,","406",",,0,05,+","127",",,0,24,","19.1",",,0,24,","12.2",",0,19,","4176.6","0","604.8",",0","50.9",",,,0","170",",,,0","-1.18",",0","3.33",",,,0","-5.68",",,,0"
"USC00470124","1979-04","44.32684","-91.91933","204.2","ALMA DAM 4, WI US","0.0","0","0.0",",0","12",",0","7",",0","0",",0","1",",0","1",",0","0",",0","10",",0","1",",0","2",",0","0",",0","","","19790406",",,0","19790402",",,0","19790402",",,0","","","19790420",",,0","19790424",",,0","-12.2",",0,06,","25",",,0,02,","25",",,0,02,","16.8",",,0,20,","23.3",",0,24,","4543.7","0","367.1",",0","61.0",",,,0","25",",,,0","6.10",",0","11.83",",,,0","0.37",",,,0"
"USC00470124","1979-05","44.32684","-91.91933","204.2","ALMA DAM 4, WI US","5.3","0","5.3",",0","10",",0","7",",0","2",",0","0",",0","0",",0","0",",0","2",",0","0",",0","13",",0","0",",0","","","19790503",",,0","19790531","+,,0","19790531","+,,0","","","19790531",",,0","19790517",",,0","-2.2",",0,03,","0",",,0,31,+","0",",,0,31,+","31.2",",,0,31,","28.9",",0,17,","4707.5","0","163.8",",0","131.9",",,,0","0",",,,0","13.22",",0","19.77",",,,0","6.67",",,,0"
"USC00470124","1979-06","44.32684","-91.91933","204.2","ALMA DAM 4, WI US","51.0","0","45.7",",0","14",",0","9",",0","0",",0","0",",0","0",",0","0",",0","0",",0","0",",0","29",",0","0",",0","","","19790623","+,,0","19790630","+,,0","19790630","+,,0","","","19790608",",,0","19790615","+,,0","6.7",",0,23,+","0",",,0,30,+","0",",,0,30,+","11.9",",,0,08,","30.0",",0,15,+","4725.3","0","17.8",",0","72.5",",,,0","0",",,,0","19.27",",0","25.69",",,,0","12.84",",,,0"
"USC00470124","1979-07","44.32684","-91.91933","204.2","ALMA DAM 4, WI US","152.9","0","101.9",",0","7",",0","6",",0","1",",0","0",",0","0",",0","0",",0","0",",0","0",",0","31",",0","0",",0","","","19790717",",,0","19790731","+,,0","19790731","+,,0","","","19790730",",,0","19790722",",,0","9.4",",0,17,","0",",,0,31,+","0",",,0,31,+","27.4",",,0,30,","31.7",",0,22,","1.4","0","1.4",",0","88.9",",,,0","0",",,,0","21.57",",0","27.97",",,,0","15.18",",,,0"
"USC00470124","1979-08","44.32684","-91.91933","204.2","ALMA DAM 4, WI US","225.4","0","72.5","3,0","11",",0","10",",0","1",",0","0",",0","0",",0","0","3,0","0","3,0","0",",0","28",",0","0",",0","","","19790815",",3,0","19790831","+,,0","19790831","+,,0","","","19790822",",,0","19790803",",,0","6.1","3,0,15,","0",",,0,31,+","0",",,0,31,+","71.1",",,0,22,","30.6",",0,03,","24.7","0","23.3",",0","161.5",",,,0","0",",,,0","20.03","3,0","25.49",",,,0","14.56","3,,,0"
"USC00470124","1979-09","44.32684","-91.91933","204.2","ALMA DAM 4, WI US","249.5","0","24.1",",0","2",",0","2",",0","0",",0","0",",0","0",",0","0",",0","0",",0","0",",0","24",",0","0",",0","","","19790922",",,0","19790930","+,,0","19790930","+,,0","","","19790912",",,0","19790904",",,0","3.9",",0,22,","0",",,0,30,+","0",",,0,30,+","3.3",",,0,12,","29.4",",0,04,","81.4","0","56.7",",0","6.3",",,,0","0",",,,0","17.25",",0","23.22",",,,0","11.28",",,,0"
"USC00470124","1979-10","44.32684","-91.91933","204.2","ALMA DAM 4, WI US","250.6","0","1.1",",0","12",",0","6",",0","2",",0","0",",0","0",",0","0",",0","14",",0","0",",0","2",",0","0",",0","","","19791023",",,0","19791031","+,,0","19791031","+,,0","","","19791023",",,0","19791020",",,0","-5.6",",0,23,","0",",,0,31,+","0",",,0,31,+","49.5",",,0,23,","23.9",",0,20,","390.2","0","308.8",",0","158.3",",,,0","0",",,,0","8.41",",0","14.17",",,,0","2.65",",,,0"
"USC00470124","1979-11","44.32684","-91.91933","204.2","ALMA DAM 4, WI US","250.6","0","0.0",",0","7",",0","5",",0","0",",0","2",",0","0",",0","0",",0","25",",0","5",",0","0",",0","0",",0","","","19791110",",,0","19791110","+,,0","19791109",",,0","","","19791106",",,0","19791117",",,0","-13.3",",0,10,","25",",,0,10,+","13",",,0,09,","15.2",",,0,06,","16.1",",0,17,","922.7","0","532.5",",0","36.0",",,,0","13",",,,0","0.58",",0","5.33",",,,0","-4.17",",,,0"
"USC00470124","1979-12","44.32684","-91.91933","204.2","ALMA DAM 4, WI US","250.6","0","0.0",",0","1",",0","1",",0","0",",0","1",",","","","2",",0","31",",0","12",",0","0",",0","0",",0","","","19791216",",,0","19791207",",,0","","","","","19791223",",,0","19791210",",,0","-21.1",",0,16,","25",",,0,07,","","","4.6",",,0,23,","12.2",",0,10,","1571.5","0","648.8",",0","4.6",",,,0","","","-2.60",",0","2.12",",,,0","-7.31",",,,0"
"USC00470124","1980-01","44.32684","-91.91933","204.2","ALMA DAM 4, WI US","0.0","0","0.0",",0","8",",0","5",",0","0",",0","15",",","","","13",",0","31",",0","22",",0","0",",0","0",",0","","","19800129",",,0","19800108","+,,0","","","","","19800107",",,0","19800111",",,0","-26.1",",0,29,","127",",,0,08,+","","","8.9",",,0,07,","6.7",",0,11,","2426.4","0","854.9",",0","25.4",",,,0","","","-9.24",",0","-4.59",",,,0","-13.89",",,,0"
"USC00470124","1980-02","44.32684","-91.91933","204.2","ALMA DAM 4, WI US","0.0","0","0.0",",0","4",",0","2",",0","0",",0","29",",0","1","1,0","12",",0","28",",0","25",",0","0",",0","0",",0","","","19800201",",,0","19800215","+,,0","19800205",",1,0","","","19800222",",,0","19800221","+,,0","-28.9",",0,01,","102",",,0,15,+","51","1,,0,05,","4.6",",,0,22,","3.3",",0,21,+","3216.9","0","790.5",",0","9.9",",,,0","51","1,,,0","-8.92",",0","-3.78",",,,0","-14.07",",,,0"
"USC00470124","1980-03","44.32684","-91.91933","204.2","ALMA DAM 4, WI US","0.0","0","0.0","1,0","7",",0","4",",0","0",",0","18",",0","4",",0","3","1,0","28","1,0","10",",0","0",",0","0",",0","","","19800311",",1,0","19800313",",,0","19800323","+,,0","","","19800323",",,0","19800319",",,0","-20.6","1,0,11,","152",",,0,13,","51",",,0,23,+","5.8",",,0,23,","12.2",",0,19,","3835.0","0","618.1",",0","21.2",",,,0","204",",,,0","-2.42","1,0","3.08",",,,0","-7.93","1,,,0"
"USC00470124","1980-04","44.32684","-91.91933","204.2","ALMA DAM 4, WI US","6.9","0","6.9",",0","3","1,0","2","1,0","0","1,0","5",",0","3",",0","0",",0","15",",0","0",",0","8",",0","0",",0","","","19800401",",,0","19800411","+,,0","19800409",",,0","","","19800409",",1,0","19800421",",,0","-5.0",",0,01,","102",",,0,11,+","76",",,0,09,","15.7","1,,0,09,","31.7",",0,21,","4123.2","0","288.2",",0","26.1","1,,,0","152",",,,0","8.96",",0","15.88",",,,0","2.04",",,,0"
"USC00470124","1980-05","44.32684","-91.91933","204.2","ALMA DAM 4, WI US","35.2","0","28.3","1,0","9",",0","7",",0","0",",0","0",",0","0",",0","0",",0","0",",0","0","1,0","21","1,0","0","1,0","","","19800509",",,0","19800531","+,,0","19800531","+,,0","1","","19800530",",,0","19800527","+,1,0","1.1",",0,09,","0",",,0,31,+","0",",,0,31,+","22.4",",,0,30,","30.6","1,0,27,+","4207.9","0","84.7","1,0","86.6",",,,0","0",",,,0","16.38","1,0","24.05","1,,,0","8.71",",,,0"
"USC00470124","1980-06","44.32684","-91.91933","204.2","ALMA DAM 4, WI US","116.8","0","81.6",",0","8",",0","4",",0","2",",0","0",",0","0",",0","0",",0","0",",0","0",",0","29",",0","0",",0","","","19800616",",,0","19800630","+,,0","19800630","+,,0","3","","19800606",",,0","19800626","+,,0","5.6",",0,16,","0",",,0,30,+","0",",,0,30,+","33.0",",,0,06,","31.7",",0,26,+","4231.0","0","23.1",",0","98.7",",,,0","0",",,,0","20.29",",0","26.39",",,,0","14.18",",,,0"
"USC00470124","1980-07","44.32684","-91.91933","204.2","ALMA DAM 4, WI US","294.3","0","177.5",",0","7",",0","2",",0","0",",0","0",",0","0",",0","0",",0","0",",0","0",",0","31",",0","9",",0","","","19800702",",,0","19800731","+,,0","19800731","+,,0","","","19800716",",,0","19800710","+,,0","11.7",",0,02,","0",",,0,31,+","0",",,0,31,+","5.6",",,0,16,","34.4",",0,10,+","0.0","0","0.0",",0","17.3",",,,0","0",",,,0","24.06",",0","30.41",",,,0","17.71",",,,0"
"USC00470124","1980-08","44.32684","-91.91933","204.2","ALMA DAM 4, WI US","388.4","0","94.1","3,0","19",",0","14",",0","3",",0","0",",0","0",",0","0","2,0","0","2,0","0","1,0","29","1,0","1","1,0","","","19800817",",2,0","19800831","+,,0","19800831","+,,0","","","19800808",",,0","19800801",",1,0","10.0","2,0,17,","0",",,0,31,+","0",",,0,31,+","55.4",",,0,08,","33.3","1,0,01,","4.7","0","4.7","1,0","231.5",",,,0","0",",,,0","21.46","3,0","27.38","1,,,0","15.54","2,,,0"
"USC00470124","1980-09","44.32684","-91.91933","204.2","ALMA DAM 4, WI US","410.6","0","22.2",",0","12",",0","10",",0","3",",0","0",",0","0",",0","0",",0","0",",0","0",",0","19",",0","0",",0","","","19800917",",,0","19800930","+,,0","19800930","+,,0","","","19800907",",,0","19800908",",,0","2.8",",0,17,","0",",,0,30,+","0",",,0,30,+","85.6",",,0,07,","31.7",",0,08,","85.0","0","80.3",",0","227.2",",,,0","0",",,,0","16.40",",0","22.80",",,,0","9.99",",,,0"
"USC00470124","1980-10","44.32684","-91.91933","204.2","ALMA DAM 4, WI US","410.6","0","0.0",",0","7",",0","3",",0","1",",0","0",",0","0",",0","0",",0","11",",0","0",",0","2",",0","0",",0","","","19801029",",,0","19801031","+,,0","19801031","+,,0","","","19801024",",,0","19801007",",,0","-5.6",",0,29,","0",",,0,31,+","0",",,0,31,+","32.5",",,0,24,","26.7",",0,07,","410.5","0","325.5",",0","53.3",",,,0","0",",,,0","7.83",",0","12.97",",,,0","2.69",",,,0"
"USC00470124","1980-11","44.32684","-91.91933","204.2","ALMA DAM 4, WI US","410.6","0","0.0",",0","2",",0","0",",0","0",",0","0",",0","0",",0","0",",0","24",",0","0",",0","0",",0","0",",0","","","19801125",",,0","19801129",",,0","19801129",",,0","","","19801112",",,0","19801106",",,0","-10.0",",0,25,","0",",T,0,29,","0",",T,0,29,","1.0",",,0,12,","18.3",",0,06,","875.5","0","465.0",",0","1.5",",,,0","0",",T,,0","2.83",",0","7.95",",,,0","-2.29",",,,0"
"USC00470124","1980-12","44.32684","-91.91933","204.2","ALMA DAM 4, WI US","410.6","0","0.0",",0","3",",0","2",",0","0",",0","10",",0","2",",0","4",",0","31",",0","18",",0","0",",0","0",",0","","","19801225",",,0","19801204","+,,0","19801202",",,0","","","19801202",",,0","19801212",",,0","-21.1",",0,25,","127",",,0,04,+","127",",,0,02,","6.9",",,0,02,","6.1",",0,12,","1624.2","0","748.7",",0","13.0",",,,0","152",",,,0","-5.82",",0","-1.70",",,,0","-9.94",",,,0"
"USC00470124","1981-01","44.32684","-91.91933","204.2","ALMA DAM 4, WI US","0.0","0","0.0",",0","1",",0","0",",0","0",",0","9",",0","1",",0","7",",0","30",",0","20",",0","0",",0","0",",0","","","19810111","+,,0","19810122","+,,0","19810114",",,0","","","19810114",",,0","19810125",",,0","-23.3",",0,11,+","25",",,0,22,+","25",",,0,14,","2.0",",,0,14,","12.8",",0,25,","2403.8","0","779.6",",0","2.0",",,,0","25",",,,0","-6.82",",0","-1.16",",,,0","-12.47",",,,0"
"USC00470124","1981-02","44.32684","-91.91933","204.2","ALMA DAM 4, WI US","0.0","0","0.0",",0","11",",0","5",",0","0",",0","16",",0","5",",0","9",",0","23",",0","12",",0","0",",0","0",",0","","","19810211",",,0","19810213","+,,0","19810207",",,0","","","19810223",",,0","19810218","+,,0","-26.7",",0,11,","254",",,0,13,+","76",",,0,07,","6.4",",,0,23,","16.1",",0,18,+","3037.8","0","634.0",",0","27.7",",,,0","261",",,,0","-4.31",",0","0.44",",,,0","-9.06",",,,0"
"USC00470124","1981-03","44.32684","-91.91933","204.2","ALMA DAM 4, WI US","0.0","0","0.0",",0","5",",0","1",",0","0",",0","1",",0","1",",0","0",",0","23",",0","1",",0","1",",0","0",",0","","","19810303",",,0","19810311",",,0","19810311",",,0","","","19810330",",,0","19810328",",,0","-16.1",",0,03,","25",",,0,11,","25",",,0,11,","7.9",",,0,30,","21.1",",0,28,","3532.3","0","494.5",",0","11.7",",,,0","25",",,,0","2.38",",0","8.49",",,,0","-3.73",",,,0"
"USC00470124","1981-04","44.32684","-91.91933","204.2","ALMA DAM 4, WI US","0.0","0","0.0","2,0","15",",0","7",",0","0",",0","0",",0","0",",0","0","1,0","6","1,0","0","1,0","5","1,0","0","1,0","","","19810420",",1,0","19810430","+,,0","19810430","+,,0","","","19810404",",,0","19810402",",1,0","-4.4","1,0,20,","0",",,0,30,+","0",",,0,30,+","22.9",",,0,04,","23.9","1,0,02,","3758.6","0","226.3","1,0","70.3",",,,0","0",",,,0","10.26","2,0","16.04","1,,,0","4.48","1,,,0"
"USC00470124","1981-05","44.32684","-91.91933","204.2","ALMA DAM 4, WI US","6.2","0","6.2",",0","8",",0","6",",0","1",",0","0",",0","0",",0","0",",0","1",",0","0",",0","15",",0","0",",0","","","19810510",",,0","19810531","+,,0","19810531","+,,0","","","19810504",",,0","19810521",",,0","-3.3",",0,10,","0",",,0,31,+","0",",,0,31,+","26.2",",,0,04,","26.7",",0,21,","3901.4","0","142.8",",0","66.7",",,,0","0",",,,0","13.93",",0","20.68",",,,0","7.17",",,,0"
"USC00470124","1981-06","44.32684","-91.91933","204.2","ALMA DAM 4, WI US","62.4","0","56.2",",0","12",",0","9",",0","1",",0","0",",0","0",",0","0",",0","0",",0","0",",0","29",",0","0",",0","","","19810606","+,,0","19810630","+,,0","19810630","+,,0","","","19810629",",,0","19810628",",,0","9.4",",0,06,+","0",",,0,30,+","0",",,0,30,+","30.0",",,0,29,","30.0",",0,28,","3914.5","0","13.1",",0","118.9",",,,0","0",",,,0","19.77",",0","25.90",",,,0","13.64",",,,0"
"USC00470124","1981-07","44.32684","-91.91933","204.2","ALMA DAM 4, WI US","181.8","0","119.4",",0","7",",0","6",",0","1",",0","0",",0","0",",0","0",",0","0",",0","0",",0","31",",0","2",",0","","","19810727",",,0","19810731","+,,0","19810731","+,,0","","","19810712",",,0","19810708",",,0","10.6",",0,27,","0",",,0,31,+","0",",,0,31,+","28.4",",,0,12,","32.8",",0,08,","4.4","0","4.4",",0","92.7",",,,0","0",",,,0","22.04",",0","27.79",",,,0","16.29",",,,0"
"USC00470124","1981-08","44.32684","-91.91933","204.2","ALMA DAM 4, WI US","267.9","0","86.1",",0","12",",0","10",",0","2",",0","0",",0","0",",0","0",",0","0",",0","0",",0","30",",0","0",",0","","","19810827","+,,0","19810831","+,,0","19810831","+,,0","","","19810814",",,0","19810812",",,0","11.1",",0,27,+","0",",,0,31,+","0",",,0,31,+","35.8",",,0,14,","31.1",",0,12,","9.7","0","5.3",",0","157.3",",,,0","0",",,,0","20.94",",0","26.52",",,,0","15.36",",,,0"
"USC00470124","1981-09","44.32684","-91.91933","204.2","ALMA DAM 4, WI US","283.7","0","15.8",",0","9",",0","4",",0","0",",0","0",",0","0",",0","0",",0","0",",0","0",",0","17",",0","0",",0","","","19810928",",,0","19810930","+,,0","19810930","+,,0","","","19810924",",,0","19810910",",,0","1.7",",0,28,","0",",,0,30,+","0",",,0,30,+","19.6",",,0,24,","30.0",",0,10,","100.6","0","90.9",",0","57.0",",,,0","0",",,,0","15.83",",0","21.66",",,,0","9.99",",,,0"
"USC00470124","1981-10","44.32684","-91.91933","204.2","ALMA DAM 4, WI US","283.7","0","0.0",",0","9",",0","8",",0","0",",0","1",",0","1",",0","0",",0","10",",0","0",",0","0",",0","0",",0","","","19811023",",,0","19811025",",,0","19811025",",,0","","","19811004",",,0","19811030",",,0","-6.1",",0,23,","25",",,0,25,","25",",,0,25,","20.8",",,0,04,","20.0",",0,30,","407.7","0","307.1",",0","73.6",",,,0","25",",,,0","8.43",",0","13.89",",,,0","2.96",",,,0"
"USC00470124","1981-11","44.32684","-91.91933","204.2","ALMA DAM 4, WI US","283.7","0","0.0",",0","5",",0","2",",0","0",",0","6",",0","1",",0","0",",0","20",",0","4",",0","0",",0","0",",0","","","19811122",",,0","19811125","+,,0","19811120",",,0","","","19811124",",,0","19811105","+,,0","-11.7",",0,22,","25",",,0,25,+","25",",,0,20,","3.3",",,0,24,","18.9",",0,05,+","852.3","0","444.6",",0","10.9",",,,0","25",",,,0","3.51",",0","8.58",",,,0","-1.56",",,,0"
"USC00470124","1981-12","44.32684","-91.91933","204.2","ALMA DAM 4, WI US","283.7","0","0.0",",0","6",",0","4",",0","0",",0","28",",0","4","1,0","7",",0","31",",0","21",",0","0",",0","0",",0","","","19811219",",,0","19811231","+,,0","19811227","+,1,0","","","19811221",",,0","19811207",",,0","-24.4",",0,19,","152",",,0,31,+","38","1,,0,27,+","6.4",",,0,21,","3.3",",0,07,","1638.5","0","786.2",",0","21.1",",,,0","147","1,,,0","-7.03",",0","-2.77",",,,0","-11.29",",,,0"
"USC00470124","1982-01","44.32684","-91.91933","204.2","ALMA DAM 4, WI US","0.0","0","0.0","3,0","11",",0","5",",0","0",",0","31",",0","8",",0","19",",0","31",",0","26","3,0","0","3,0","0","3,0","","","19820110",",,0","19820131","+,,0","19820121",",,0","","","19820103",",,0","19820127",",3,0","-32.2",",0,10,","508",",,0,31,+","254",",,0,21,","7.1",",,0,03,","1.7","3,0,27,","2559.1","0","920.6","3,0","32.4",",,,0","666",",,,0","-14.77","3,0","-8.65","3,,,0","-20.90",",,,0"
"USC00470124","1982-02","44.32684","-91.91933","204.2","ALMA DAM 4, WI US","0.0","0","0.0","1,0","3",",0","0",",0","0",",0","28",",0","1",",0","11",",0","28",",0","16","1,0","0","1,0","0","1,0","","","19820206",",,0","19820214","+,,0","19820224",",,0","","","19820224",",,0","19820222",",1,0","-32.2",",0,06,","483",",,0,14,+","51",",,0,24,","2.0",",,0,24,","8.3","1,0,22,","3288.2","0","729.1","1,0","5.1",",,,0","64",",,,0","-8.46","1,0","-3.03","1,,,0","-13.90",",,,0"
"USC00470124","1982-03","44.32684","-91.91933","204.2","ALMA DAM 4, WI US","0.0","0","0.0","1,0","7",",0","3",",0","0",",0","14",",0","2",",0","1",",0","23",",0","9","1,0","0","1,0","0","1,0","","","19820307",",,0","19820301",",,0","19820309",",,0","","","19820320",",,0","19820330",",1,0","-18.9",",0,07,","178",",,0,01,","51",",,0,09,","8.1",",,0,20,","15.6","1,0,30,","3850.1","0","561.9","1,0","28.2",",,,0","76",",,,0","-0.43","1,0","3.48","1,,,0","-4.33",",,,0"
"USC00470124","1982-04","44.32684","-91.91933","204.2","ALMA DAM 4, WI US","0.0","0","0.0",",0","10",",0","8",",0","0",",0","2",",0","2",",0","0",",0","13",",0","3",",0","2",",0","0",",0","","","19820406",",,0","19820406",",,0","19820406",",,0","","","19820417",",,0","19820424",",,0","-13.3",",0,06,","76",",,0,06,","76",",,0,06,","21.6",",,0,17,","22.2",",0,24,","4216.5","0","366.4",",0","64.8",",,,0","114",",,,0","6.12",",0","12.11",",,,0","0.12",",,,0"
"USC00470124","1982-05","44.32684","-91.91933","204.2","ALMA DAM 4, WI US","19.6","0","19.6",",0","13",",0","10",",0","3",",0","0",",0","0",",0","0",",0","0",",0","0",",0","25",",0","0",",0","","","19820501",",,0","19820531","+,,0","19820531","+,,0","","","19820518",",,0","19820530",",,0","2.8",",0,01,","0",",,0,31,+","0",",,0,31,+","32.5",",,0,18,","27.8",",0,30,","4279.0","0","62.5",",0","169.0",",,,0","0",",,,0","16.95",",0","23.05",",,,0","10.85",",,,0"
"USC00470124","1982-06","44.32684","-91.91933","204.2","ALMA DAM 4, WI US","39.4","0","19.8",",0","10",",0","7",",0","1",",0","0",",0","0",",0","0",",0","0",",0","0",",0","26",",0","0",",0","","","19820604",",,0","19820630","+,,0","19820630","+,,0","","","19820615",",,0","19820628",",,0","4.4",",0,04,","0",",,0,30,+","0",",,0,30,+","33.5",",,0,15,","30.6",",0,28,","4326.6","0","47.6",",0","77.9",",,,0","0",",,,0","17.41",",0","24.12",",,,0","10.69",",,,0"
"USC00470124","1982-08","44.32684","-91.91933","204.2","ALMA DAM 4, WI US","","","100.5","2,0","10",",0","7",",0","3",",0","","","0",",0","0","1,0","0","1,0","0","1,0","28","1,0","4","1,0","","","19820827",",1,0","","","19820831","+,,0","","","19820824",",,0","19820803",",1,0","6.1","1,0,27,","","","0",",,0,31,+","33.0",",,0,24,","35.0","1,0,03,","","","16.4","1,0","121.9",",,,0","0",",,,0","21.28","2,0","27.69","1,,,0","14.86","1,,,0"
"USC00470124","1982-09","44.32684","-91.91933","204.2","ALMA DAM 4, WI US","","","23.4","1,0","10",",0","9",",0","1",",0","0",",0","0",",0","0",",0","0",",0","0","1,0","16","1,0","0","1,0","","","19820928",",,0","19820930","+,,0","19820930","+,,0","","","19820913",",,0","19820911",",1,0","1.1",",0,28,","0",",,0,30,+","0",",,0,30,+","40.6",",,0,13,","30.0","1,0,11,","","","107.0","1,0","129.1",",,,0","0",",,,0","15.48","1,0","21.10","1,,,0","9.86",",,,0"
"USC00470124","1982-10","44.32684","-91.91933","204.2","ALMA DAM 4, WI US","","","0.0","1,0","10",",0","7",",0","1",",0","0",",0","0",",0","0",",0","3",",0","0","1,0","5","1,0","0","1,0","","","19821022",",,0","19821031","+,,0","19821031","+,,0","","","19821020",",,0","19821009","+,1,0","-2.8",",0,22,","0",",,0,31,+","0",",,0,31,+","40.9",",,0,20,","23.3","1,0,09,+","","","223.1","1,0","93.1",",,,0","0",",,,0","10.91","1,0","15.94","1,,,0","5.88",",,,0"
"USC00470124","1982-11","44.32684","-91.91933","204.2","ALMA DAM 4, WI US","","","0.0","1,0","6",",0","2",",0","1",",0","2","1,0","1","1,0","0","1,0","23","1,0","6",",0","0",",0","0",",0","","","19821127","+,1,0","19821114",",1,0","19821114",",1,0","","","19821110",",,0","19821120",",,0","-12.8","1,0,27,+","51","1,,0,14,","38","1,,0,14,","37.3",",,0,10,","15.6",",0,20,","","","508.8",",0","64.2",",,,0","38","1,,,0","0.96","1,0","5.63",",,,0","-3.71","1,,,0"
"USC00470124","1982-12","44.32684","-91.91933","204.2","ALMA DAM 4, WI US","","","0.0","2,0","7",",0","4",",0","1",",0","11",",0","2","2,0","3",",0","27",",0","16","2,0","0","2,0","0","2,0","","","19821230",",,0","19821228",",,0","19821228",",2,0","","","19821228",",,0","19821202",",2,0","-20.6",",0,30,","76",",,0,28,","64","2,,0,28,","35.8",",,0,28,","17.8","2,0,02,","","","614.9","2,0","56.0",",,,0","89","2,,,0","-2.86","2,0","1.05","2,,,0","-6.76",",,,0"
"USC00470124","1983-01","44.32684","-91.91933","204.2","ALMA DAM 4, WI US","0.0","0","0.0","2,0","3",",0","2",",0","0",",0","31",",0","4",",0","3","1,0","30","1,0","21","1,0","0","1,0","0","1,0","","","19830118",",1,0","19830131","+,,0","19830130",",,0","","","19830130",",,0","19830109",",1,0","-22.2","1,0,18,","127",",,0,31,+","76",",,0,30,","5.3",",,0,30,","3.9","1,0,09,","","","701.8","1,0","10.9",",,,0","164",",,,0","-5.75","2,0","-1.62","1,,,0","-9.87","1,,,0"
"USC00470124","1983-02","44.32684","-91.91933","204.2","ALMA DAM 4, WI US","0.0","0","0.0",",0","7",",0","5",",0","0",",0","25",",0","5","1,0","2",",0","24",",0","11",",0","0",",0","0",",0","","","19830207",",,0","19830207","+,,0","19830203",",1,0","","","19830203",",,0","19830220","+,,0","-27.8",",0,07,","406",",,0,07,+","203","1,,0,03,","7.6",",,0,03,","7.8",",0,20,+","","","587.6",",0","28.2",",,,0","355","1,,,0","-2.65",",0","1.26",",,,0","-6.56",",,,0"
"USC00470124","1983-03","44.32684","-91.91933","204.2","ALMA DAM 4, WI US","0.0","0","0.0","1,0","8",",0","4",",0","0",",0","5",",0","3",",0","0",",0","26",",0","6","1,0","0","1,0","0","1,0","","","19830323",",,0","19830317","+,,0","19830316",",,0","","","19830316",",,0","19830307","+,1,0","-9.4",",0,23,","102",",,0,17,+","102",",,0,16,","16.0",",,0,16,","16.7","1,0,07,+","","","502.7","1,0","34.7",",,,0","223",",,,0","1.48","1,0","5.39","1,,,0","-2.44",",,,0"
"USC00470124","1983-04","44.32684","-91.91933","204.2","ALMA DAM 4, WI US","0.0","0","0.0",",0","11",",0","6",",0","0",",0","1",",0","1",",0","0",",0","14",",0","1",",0","2",",0","0",",0","","","19830417",",,0","19830416",",,0","19830416",",,0","","","19830414",",,0","19830426",",,0","-6.1",",0,17,","51",",,0,16,","51",",,0,16,","18.3",",,0,14,","22.8",",0,26,","","","381.2",",0","57.8",",,,0","51",",,,0","5.63",",0","10.55",",,,0","0.70",",,,0"
"USC00470124","1983-05","44.32684","-91.91933","204.2","ALMA DAM 4, WI US","0.8","0","0.8","1,0","15",",0","11",",0","1",",0","0",",0","0",",0","0",",0","0",",0","0","1,0","7","1,0","0","1,0","","","19830508",",,0","19830531","+,,0","19830531","+,,0","","","19830507",",,0","19830512",",1,0","1.1",",0,08,","0",",,0,31,+","0",",,0,31,+","29.7",",,0,07,","24.4","1,0,12,","","","176.9","1,0","136.1",",,,0","0",",,,0","12.48","1,0","18.38","1,,,0","6.57",",,,0"
"USC00470124","1983-06","44.32684","-91.91933","204.2","ALMA DAM 4, WI US","76.2","0","75.4","1,0","8",",0","4",",0","0",",0","0",",0","0",",0","0",",0","0",",0","0","1,0","28","1,0","3","1,0","","","19830606","+,,0","19830630","+,,0","19830630","+,,0","","","19830628",",,0","19830625",",1,0","5.0",",0,06,+","0",",,0,30,+","0",",,0,30,+","10.9",",,0,28,","34.4","1,0,25,","","","35.6","1,0","34.1",",,,0","0",",,,0","19.79","1,0","26.24","1,,,0","13.33",",,,0"
"USC00470124","1983-07","44.32684","-91.91933","204.2","ALMA DAM 4, WI US","260.9","0","184.7",",0","9",",0","7",",0","2",",0","0",",0","0",",0","0",",0","0",",0","0",",0","31",",0","10",",0","","","19830702",",,0","19830731","+,,0","19830731","+,,0","","","19830704",",,0","19830721",",,0","10.0",",0,02,","0",",,0,31,+","0",",,0,31,+","43.2",",,0,04,","37.8",",0,21,","0.8","0","0.8",",0","169.2",",,,0","0",",,,0","24.27",",0","30.25",",,,0","18.29",",,,0"
"USC00470124","1983-08","44.32684","-91.91933","204.2","ALMA DAM 4, WI US","424.7","0","163.8","3,0","9",",0","8",",0","0",",0","0",",0","0",",0","0","1,0","0","1,0","0","2,0","29","2,0","5","2,0","","","19830818",",1,0","19830831","+,,0","19830831","+,,0","","","19830817",",,0","19830807",",2,0","11.1","1,0,18,","0",",,0,31,+","0",",,0,31,+","17.8",",,0,17,","33.9","2,0,07,","0.8","0","0.0","2,0","96.7",",,,0","0",",,,0","24.11","3,0","30.13","2,,,0","18.09","1,,,0"
"USC00470124","1983-09","44.32684","-91.91933","204.2","ALMA DAM 4, WI US","484.2","0","59.5",",0","10",",0","9",",0","1",",0","0",",0","0",",0","0",",0","0",",0","0",",0","17",",0","0",",0","","","19830923",",,0","19830930","+,,0","19830930","+,,0","","","19830920",",,0","19830908","+,,0","0.6",",0,23,","0",",,0,30,+","0",",,0,30,+","80.5",",,0,20,","31.7",",0,08,+","95.0","0","94.2",",0","144.1",",,,0","0",",,,0","17.18",",0","22.54",",,,0","11.81",",,,0"
"USC00470124","1983-10","44.32684","-91.91933","204.2","ALMA DAM 4, WI US","490.9","0","6.7","1,0","10",",0","6",",0","1",",0","0",",0","0",",0","0","1,0","5","1,0","0",",0","5",",0","0",",0","","","19831029",",1,0","19831031","+,,0","19831031","+,,0","","","19831020",",,0","19831002","+,,0","-2.2","1,0,29,","0",",,0,31,+","0",",,0,31,+","25.4",",,0,20,","25.6",",0,02,+","359.8","0","264.8",",0","76.2",",,,0","0",",,,0","9.83","1,0","14.85",",,,0","4.81","1,,,0"
"USC00470124","1983-11","44.32684","-91.91933","204.2","ALMA DAM 4, WI US","490.9","0","0.0","3,0","11",",0","10",",0","0",",0","3",",0","2","1,0","0","1,0","19","1,0","4","2,0","0","2,0","0","2,0","1","","19831130",",1,0","19831130","+,,0","19831128",",1,0","","","19831124",",,0","19831102",",2,0","-13.9","1,0,30,","229",",,0,30,+","114","1,,0,28,","24.1",",,0,24,","17.8","2,0,02,","812.2","0","452.4","2,0","133.5",",,,0","216","1,,,0","1.81","3,0","6.14","2,,,0","-2.51","1,,,0"
"USC00470124","1983-12","44.32684","-91.91933","204.2","ALMA DAM 4, WI US","490.9","0","0.0","2,0","9",",0","5",",0","0",",0","31",",0","5","4,0","15","2,0","29","2,0","30",",0","0",",0","0",",0","","","19831224",",2,0","19831231","+,,0","19831228","+,4,0","","","19831213",",,0","19831211",",,0","-35.6","2,0,24,","381",",,0,31,+","51","4,,0,28,+","7.9",",,0,13,","0.6",",0,11,","1742.0","0","929.8",",0","27.9",",,,0","229","4,,,0","-13.93","2,0","-9.15",",,,0","-18.71","2,,,0"
"USC00470124","1984-01","44.32684","-91.91933","204.2","ALMA DAM 4, WI US","0.0","0","0.0","4,0","4",",0","2",",0","0",",0","31",",0","1",",0","8",",0","31",",0","20","4,0","0","4,0","0","4,0","","","19840121",",,0","19840103","+,,0","19840128",",,0","","","19840128","+,,0","19840105",",4,0","-30.6",",0,21,","381",",,0,03,+","76",",,0,28,","3.3",",,0,28,+","7.2","4,0,05,","2472.6","0","730.6","4,0","10.7",",,,0","76",",,,0","-9.23","4,0","-4.16","4,,,0","-14.30",",,,0"
"USC00470124","1984-02","44.32684","-91.91933","204.2","ALMA DAM 4, WI US","0.0","0","0.0","1,0","5",",0","4",",0","0",",0","19",",0","2",",0","3","1,0","24","1,0","5",",0","0",",0","0",",0","","","19840206",",1,0","19840209","+,,0","19840205",",,0","","","19840212",",,0","19840215",",,0","-23.3","1,0,06,","305",",,0,09,+","38",",,0,05,","17.0",",,0,12,","12.2",",0,15,","3014.3","0","541.7",",0","31.5",",,,0","63",",,,0","-1.20","1,0","3.08",",,,0","-5.47","1,,,0"
"USC00470124","1984-03","44.32684","-91.91933","204.2","ALMA DAM 4, WI US","0.0","0","0.0","3,0","6",",0","4",",0","0",",0","15","2,0","4","1,0","5",",0","30",",0","8","3,0","0","3,0","0","3,0","","","19840309","+,,0","19840308",",2,0","19840320",",1,0","","","19840320",",,0","19840325",",3,0","-19.4",",0,09,+","203","2,,0,08,","178","1,,0,20,","20.6",",,0,20,","11.1","3,0,25,","3588.8","0","574.5","3,0","35.0",",,,0","409","1,,,0","-2.45","3,0","2.74","3,,,0","-7.64",",,,0"
"USC00470124","1984-04","44.32684","-91.91933","204.2","ALMA DAM 4, WI US","0.6","0","0.6","1,0","7",",0","5",",0","2",",0","0",",0","0",",0","0","1,0","3","1,0","0",",0","2",",0","0",",0","","","19840402","+,1,0","19840430","+,,0","19840430","+,,0","","","19840427",",,0","19840427",",,0","-1.1","1,0,02,+","0",",,0,30,+","0",",,0,30,+","47.2",",,0,27,","25.0",",0,27,","3865.1","0","276.3",",0","120.2",",,,0","0",",,,0","8.79","1,0","14.65",",,,0","2.94","1,,,0"
"USC00470124","1984-05","44.32684","-91.91933","204.2","ALMA DAM 4, WI US","6.4","0","5.8",",0","6",",0","5",",0","0",",0","0",",0","0",",0","0",",0","0",",0","0",",0","12",",0","0",",0","","","19840514","+,,0","19840531","+,,0","19840531","+,,0","","","19840507",",,0","19840531",",,0","2.2",",0,14,+","0",",,0,31,+","0",",,0,31,+","17.3",",,0,07,","27.8",",0,31,","4022.0","0","156.9",",0","53.8",",,,0","0",",,,0","13.46",",0","19.54",",,,0","7.38",",,,0"
"USC00470124","1984-06","44.32684","-91.91933","204.2","ALMA DAM 4, WI US","86.9","0","80.5",",0","11",",0","8",",0","0",",0","0",",0","0",",0","0",",0","0",",0","0",",0","29",",0","1",",0","","","19840630","+,,0","19840630","+,,0","19840630","+,,0","","","19840618",",,0","19840626",",,0","9.4",",0,30,+","0",",,0,30,+","0",",,0,30,+","16.8",",,0,18,","32.2",",0,26,","4027.5","0","5.5",",0","79.4",",,,0","0",",,,0","20.83",",0","26.97",",,,0","14.70",",,,0"
"USC00470124","1984-07","44.32684","-91.91933","204.2","ALMA DAM 4, WI US","188.7","0","101.8",",0","8",",0","7",",0","3",",0","0",",0","0",",0","0",",0","0",",0","0",",0","31",",0","0",",0","","","19840706","+,,0","19840731","+,,0","19840731","+,,0","","","19840711",",,0","19840722","+,,0","10.6",",0,06,+","0",",,0,31,+","0",",,0,31,+","54.6",",,0,11,","31.7",",0,22,+","1.1","0","1.1",",0","154.9",",,,0","0",",,,0","21.58",",0","27.99",",,,0","15.17",",,,0"
"USC00470124","1984-08","44.32684","-91.91933","204.2","ALMA DAM 4, WI US","333.6","0","144.9",",0","9",",0","7",",0","2",",0","0",",0","0",",0","0",",0","0",",0","0",",0","31",",0","5",",0","","","19840831",",,0","19840831","+,,0","19840831","+,,0","","","19840808",",,0","19840828",",,0","9.4",",0,31,","0",",,0,31,+","0",",,0,31,+","35.8",",,0,08,","35.6",",0,28,","2.8","0","1.7",",0","106.1",",,,0","0",",,,0","22.95",",0","28.73",",,,0","17.18",",,,0"
"USC00470124","1984-09","44.32684","-91.91933","204.2","ALMA DAM 4, WI US","350.9","0","17.3","3,0","9",",0","6",",0","1",",0","0",",0","0",",0","0","2,0","3","2,0","0","3,0","17","3,0","0","3,0","","","19840926",",2,0","19840930","+,,0","19840930","+,,0","","","19840912",",,0","19840907",",3,0","-3.9","2,0,26,","0",",,0,30,+","0",",,0,30,+","31.2",",,0,12,","30.6","3,0,07,","108.6","0","105.8","3,0","60.9",",,,0","0",",,,0","15.00","3,0","21.63","3,,,0","8.38","2,,,0"
"USC00470124","1984-10","44.32684","-91.91933","204.2","ALMA DAM 4, WI US","350.9","0","0.0","1,0","12",",0","8",",0","0",",0","0",",0","0",",0","0","1,0","5","1,0","0","1,0","4","1,0","0","1,0","","","19841031",",1,0","19841031","+,,0","19841031","+,,0","","","19841017",",,0","19841013",",1,0","-5.6","1,0,31,","0",",,0,31,+","0",",,0,31,+","19.1",",,0,17,","22.8","1,0,13,","321.0","0","212.4","1,0","82.0",",,,0","0",",,,0","11.25","1,0","16.64","1,,,0","5.87","1,,,0"
"USC00470124","1984-11","44.32684","-91.91933","204.2","ALMA DAM 4, WI US","350.9","0","0.0","2,0","4",",0","4",",0","1",",0","","","","","0","2,0","21","2,0","3",",0","0",",0","0",",0","","","19841120",",2,0","","","","","","","19841110",",,0","19841108",",,0","-11.7","2,0,20,","","","","","26.2",",,0,10,","15.6",",0,08,","787.2","0","466.2",",0","47.8",",,,0","","","1.74","2,0","6.72",",,,0","-3.24","2,,,0"
"USC00470124","1984-12","44.32684","-91.91933","204.2","ALMA DAM 4, WI US","","","","","9",",0","8",",0","0",",0","20",",0","7",",0","3","2,0","29","2,0","18","4,0","0","4,0","0","4,0","","","19841206",",2,0","19841204","+,,0","19841202",",,0","","","19841202",",,0","19841228",",4,0","-21.1","2,0,06,","127",",,0,04,+","127",",,0,02,","12.7",",,0,02,","11.1","4,0,28,","","","","","45.7",",,,0","399",",,,0","-5.90","6,0","-0.89","4,,,0","-10.90","2,,,0"
"USC00470124","1985-01","44.32684","-91.91933","204.2","ALMA DAM 4, WI US","0.0","0","0.0","2,0","8","1,0","3","1,0","0","1,0","31",",0","2",",0","13",",0","31",",0","24","2,0","0","2,0","0","2,0","","","19850120",",,0","19850130","+,,0","19850117",",,0","","","19850125",",1,0","19850105",",2,0","-32.8",",0,20,","152",",,0,30,+","46",",,0,17,","3.8","1,,0,25,","3.9","2,0,05,","","","818.7","2,0","16.3","1,,,0","155",",,,0","-10.41","2,0","-4.93","2,,,0","-15.90",",,,0"
"USC00470124","1985-02","44.32684","-91.91933","204.2","ALMA DAM 4, WI US","0.0","0","0.0","1,0","7",",0","2",",0","0",",0","26",",0","3",",0","10","1,0","26","1,0","15","1,0","0","1,0","0","1,0","","","19850202",",1,0","19850211",",,0","19850210",",,0","","","19850210",",,0","19850228",",1,0","-29.4","1,0,02,","229",",,0,11,","64",",,0,10,","4.3",",,0,10,","9.4","1,0,28,","","","726.6","1,0","11.9",",,,0","127",",,,0","-8.58","1,0","-4.05","1,,,0","-13.11","1,,,0"
"USC00470124","1985-03","44.32684","-91.91933","204.2","ALMA DAM 4, WI US","0.0","0","0.0","2,0","8",",0","4",",0","1",",0","11",",0","4",",0","0",",0","23",",0","3","2,0","0","2,0","0","2,0","","","19850305",",,0","19850307","+,,0","19850304",",,0","","","19850304",",,0","19850326",",2,0","-13.3",",0,05,","330",",,0,07,+","305",",,0,04,","30.0",",,0,04,","15.6","2,0,26,","","","462.6","2,0","61.2",",,,0","406",",,,0","2.45","2,0","6.90","2,,,0","-2.00",",,,0"
"USC00470124","1985-04","44.32684","-91.91933","204.2","ALMA DAM 4, WI US","17.8","0","17.8",",0","7",",0","5",",0","0",",0","2",",0","1",",0","0",",0","8",",0","0",",0","11",",0","0",",0","","","19850409",",,0","19850401",",,0","19850401",",,0","","","19850424",",,0","19850418",",,0","-6.7",",0,09,","152",",,0,01,","102",",,0,01,","10.9",",,0,24,","31.7",",0,18,","","","228.4",",0","40.9",",,,0","102",",,,0","11.32",",0","17.28",",,,0","5.35",",,,0"
"USC00470124","1985-05","44.32684","-91.91933","204.2","ALMA DAM 4, WI US","42.7","0","24.9","1,0","10",",0","6",",0","0",",0","0",",0","0",",0","0",",0","0",",0","0","1,0","27","1,0","0","1,0","","","19850521",",,0","19850531","+,,0","19850531","+,,0","","","19850515",",,0","19850509",",1,0","4.4",",0,21,","0",",,0,31,+","0",",,0,31,+","17.3",",,0,15,","29.4","1,0,09,","","","55.5","1,0","56.6",",,,0","0",",,,0","17.33","1,0","24.16","1,,,0","10.50",",,,0"
"USC00470124","1985-06","44.32684","-91.91933","204.2","ALMA DAM 4, WI US","81.0","0","38.3","4,0","12",",0","3",",0","0",",0","0",",0","0",",0","0","1,0","0","1,0","0","3,0","21","3,0","2","3,0","","","19850602",",1,0","19850630","+,,0","19850630","+,,0","","","19850627",",,0","19850608",",3,0","5.6","1,0,02,","0",",,0,30,+","0",",,0,30,+","15.7",",,0,27,","33.9","3,0,08,","","","49.4","3,0","38.2",",,,0","0",",,,0","18.19","4,0","24.55","3,,,0","11.84","1,,,0"
"USC00470124","1985-07","44.32684","-91.91933","204.2","ALMA DAM 4, WI US","203.2","0","122.2","2,0","7",",0","5",",0","0",",0","0",",0","0",",0","0",",0","0",",0","0","2,0","29","2,0","2","2,0","","","19850722",",,0","19850731","+,,0","19850731","+,,0","","","19850725",",,0","19850711",",2,0","10.6",",0,22,","0",",,0,31,+","0",",,0,31,+","15.2",",,0,25,","33.9","2,0,11,","0.2","0","0.2","2,0","41.4",",,,0","0",",,,0","22.54","2,0","28.64","2,,,0","16.44",",,,0"
"USC00470124","1985-08","44.32684","-91.91933","204.2","ALMA DAM 4, WI US","255.4","0","52.2","2,0","9",",0","9",",0","1",",0","0",",0","0",",0","0",",0","0",",0","0","2,0","26","2,0","2","2,0","","","19850819",",,0","19850831","+,,0","19850831","+,,0","","","19850813",",,0","19850809","+,2,0","8.3",",0,19,","0",",,0,31,+","0",",,0,31,+","27.9",",,0,13,","32.2","2,0,09,+","12.9","0","12.7","2,0","121.5",",,,0","0",",,,0","19.63","2,0","25.13","2,,,0","14.13",",,,0"
"USC00470124","1985-10","44.32684","-91.91933","204.2","ALMA DAM 4, WI US","","","0.0","1,0","10",",0","6",",0","0",",0","0",",0","0",",0","0","1,0","2","1,0","0",",0","1",",0","0",",0","","","19851011",",1,0","19851031","+,,0","19851031","+,,0","","","19851004",",,0","19851026",",,0","-3.3","1,0,11,","0",",,0,31,+","0",",,0,31,+","9.7",",,0,04,","21.1",",0,26,","","","246.5",",0","45.5",",,,0","0",",,,0","10.14","1,0","15.01",",,,0","5.28","1,,,0"
"USC00470124","1985-11","44.32684","-91.91933","204.2","ALMA DAM 4, WI US","","","0.0","1,0","10",",0","6",",0","0",",0","","","5","1,0","2","1,0","24","1,0","12",",0","0",",0","0",",0","","","19851129",",1,0","","","19851122","+,1,0","","","19851101",",,0","19851119",",,0","-20.0","1,0,29,","","","102","1,,0,22,+","19.8",",,0,01,","15.0",",0,19,","","","580.5",",0","46.8",",,,0","318","1,,,0","-1.75","1,0","2.24",",,,0","-5.74","1,,,0"
"USC00470124","1985-12","44.32684","-91.91933","204.2","ALMA DAM 4, WI US","","","0.0","2,0","6",",0","3",",0","0",",0","31",",0","6",",0","15","1,0","30","1,0","28","1,0","0","1,0","0","1,0","","","19851219",",1,0","19851231","+,,0","19851202",",,0","","","19851202",",,0","19851222",",1,0","-29.4","1,0,19,","584",",,0,31,+","203",",,0,02,","4.8",",,0,02,","2.8","1,0,22,","","","899.2","1,0","17.2",",,,0","533",",,,0","-12.59","2,0","-7.28","1,,,0","-17.90","1,,,0"
"USC00470124","1986-01","44.32684","-91.91933","204.2","ALMA DAM 4, WI US","0.0","0","0.0",",0","6",",0","2",",0","0",",0","31",",0","6",",0","7",",0","31",",0","17",",0","0",",0","0",",0","","","19860107",",,0","19860105",",,0","19860125","+,,0","","","19860122",",,0","19860117",",,0","-28.3",",0,07,","432",",,0,05,","76",",,0,25,+","3.8",",,0,22,","8.3",",0,17,","","","787.0",",0","12.1",",,,0","252",",,,0","-7.05",",0","-2.32",",,,0","-11.79",",,,0"
"USC00470124","1986-02","44.32684","-91.91933","204.2","ALMA DAM 4, WI US","0.0","0","0.0",",0","7",",0","4",",0","0",",0","28",",0","6",",0","7",",0","28",",0","21",",0","0",",0","0",",0","1","","19860212","+,,0","19860223","+,,0","19860216","+,,0","","","19860216",",,0","19860226",",,0","-23.9",",0,12,+","457",",,0,23,+","76",",,0,16,+","4.6",",,0,16,","2.8",",0,26,","","","723.6",",0","20.2",",,,0","278",",,,0","-7.51",",0","-3.74",",,,0","-11.28",",,,0"
"USC00470124","1986-03","44.32684","-91.91933","204.2","ALMA DAM 4, WI US","0.0","0","0.0",",0","2",",0","2",",0","0",",0","20",",0","0",",0","1",",0","19",",0","3",",0","4",",0","0",",0","","","19860307",",,0","19860302","+,,0","19860315","+,,0","","","19860319",",,0","19860329",",,0","-20.0",",0,07,","406",",,0,02,+","0",",T,0,15,+","15.0",",,0,19,","26.7",",0,29,","","","490.1",",0","29.7",",,,0","0",",T,,0","2.52",",0","7.31",",,,0","-2.26",",,,0"
"USC00470124","1986-04","44.32684","-91.91933","204.2","ALMA DAM 4, WI US","3.4","0","3.4","2,0","13",",0","11",",0","0",",0","0",",0","0",",0","0",",0","3",",0","0","2,0","7","2,0","0","2,0","","","19860422",",,0","19860430","+,,0","19860430","+,,0","","","19860415",",,0","19860427",",2,0","-2.8",",0,22,","0",",,0,30,+","0",",,0,30,+","24.4",",,0,15,","27.2","2,0,27,","","","203.0","2,0","113.8",",,,0","0",",,,0","11.20","2,0","16.77","2,,,0","5.63",",,,0"
"USC00470124","1986-05","44.32684","-91.91933","204.2","ALMA DAM 4, WI US","32.6","0","29.2",",0","12",",0","9",",0","0",",0","0",",0","0",",0","0",",0","0",",0","0",",0","19",",0","0",",0","","","19860503","+,,0","19860531","+,,0","19860531","+,,0","","","19860510",",,0","19860531",",,0","2.2",",0,03,+","0",",,0,31,+","0",",,0,31,+","16.0",",,0,10,","31.7",",0,31,","","","82.4",",0","76.9",",,,0","0",",,,0","16.62",",0","22.14",",,,0","11.10",",,,0"
"USC00470124","1986-06","44.32684","-91.91933","204.2","ALMA DAM 4, WI US","122.7","0","90.1","1,0","10",",0","10",",0","1",",0","0",",0","0",",0","0",",0","0",",0","0","1,0","27","1,0","3","1,0","","","19860602",",,0","19860630","+,,0","19860630","+,,0","","","19860622",",,0","19860619",",1,0","7.2",",0,02,","0",",,0,30,+","0",",,0,30,+","37.6",",,0,22,","34.4","1,0,19,","","","10.3","1,0","129.0",",,,0","0",",,,0","21.01","1,0","26.59","1,,,0","15.43",",,,0"
"USC00470124","1986-07","44.32684","-91.91933","204.2","ALMA DAM 4, WI US","300.2","0","177.5",",0","11",",0","11",",0","2",",0","0",",0","0",",0","0",",0","0",",0","0",",0","30",",0","7",",0","","","19860713","+,,0","19860731","+,,0","19860731","+,,0","","","19860706",",,0","19860717",",,0","14.4",",0,13,+","0",",,0,31,+","0",",,0,31,+","47.8",",,0,06,","36.1",",0,17,","0.8","0","0.8",",0","213.9",",,,0","0",",,,0","24.03",",0","29.54",",,,0","18.53",",,,0"
"USC00470124","1986-08","44.32684","-91.91933","204.2","ALMA DAM 4, WI US","367.6","0","67.4",",0","13",",0","11",",0","0",",0","0",",0","0",",0","0",",0","0",",0","0",",0","28",",0","1",",0","","","19860828",",,0","19860831","+,,0","19860831","+,,0","","","19860826",",,0","19860816",",,0","7.2",",0,28,","0",",,0,31,+","0",",,0,31,+","16.5",",,0,26,","32.8",",0,16,","17.4","0","16.6",",0","101.5",",,,0","0",",,,0","19.97",",0","25.63",",,,0","14.31",",,,0"
"USC00470124","1986-09","44.32684","-91.91933","204.2","ALMA DAM 4, WI US","394.0","0","26.4",",0","13",",0","12",",0","4",",0","0",",0","0",",0","0",",0","0",",0","0",",0","17",",0","0",",0","","","19860907",",,0","19860930","+,,0","19860930","+,,0","","","19860922",",,0","19860926",",,0","5.6",",0,07,","0",",,0,30,+","0",",,0,30,+","46.2",",,0,22,","29.4",",0,26,","85.0","0","67.6",",0","271.1",",,,0","0",",,,0","16.96",",0","21.12",",,,0","12.80",",,,0"
"USC00470124","1986-10","44.32684","-91.91933","204.2","ALMA DAM 4, WI US","394.0","0","0.0",",0","6",",0","4",",0","1",",0","0",",0","0",",0","0",",0","0",",0","0",",0","3",",0","0",",0","","","19861015",",,0","19861031","+,,0","19861031","+,,0","","","19861012",",,0","19861020",",,0","0.6",",0,15,","0",",,0,31,+","0",",,0,31,+","45.5",",,0,12,","23.9",",0,20,","322.6","0","237.6",",0","83.8",",,,0","0",",,,0","10.67",",0","15.20",",,,0","6.14",",,,0"
"USC00470124","1986-11","44.32684","-91.91933","204.2","ALMA DAM 4, WI US","394.0","0","0.0","1,0","5",",0","3",",0","0",",0","4","3,0","1","3,0","0",",0","23",",0","8","1,0","0","1,0","0","1,0","","","19861113",",,0","19861120",",3,0","19861111",",3,0","","","19861101",",,0","19861106",",1,0","-17.2",",0,13,","127","3,,0,20,","25","3,,0,11,","10.9",",,0,01,","15.0","1,0,06,","865.9","0","543.3","1,0","31.0",",,,0","25","3,,,0","-0.43","1,0","3.84","1,,,0","-4.71",",,,0"
"USC00470124","1986-12","44.32684","-91.91933","204.2","ALMA DAM 4, WI US","394.0","0","0.0",",0","3",",0","1",",0","0",",0","8",",0","1",",0","2",",0","31",",0","13",",0","0",",0","0",",0","","","19861213",",,0","19861216","+,,0","19861209",",,0","","","19861202",",,0","19861214",",,0","-20.6",",0,13,","51",",,0,16,+","51",",,0,09,","2.5",",,0,02,","3.3",",0,14,","1544.7","0","678.8",",0","6.0",",,,0","51",",,,0","-3.56",",0","-0.44",",,,0","-6.69",",,,0"
"USC00470124","1987-01","44.32684","-91.91933","204.2","ALMA DAM 4, WI US","0.0","0","0.0","2,0","3",",0","2",",0","0",",0","23","2,0","1","1,0","3",",0","31",",0","14","2,0","0","2,0","0","2,0","","","19870123",",,0","19870131",",2,0","19870107",",1,0","","","19870107",",,0","19870113",",2,0","-24.4",",0,23,","102","2,,0,31,","51","1,,0,07,","12.7",",,0,07,","7.8","2,0,13,","2200.0","0","655.3","2,0","20.4",",,,0","64","1,,,0","-4.68","2,0","-0.73","2,,,0","-8.64",",,,0"
"USC00470124","1987-02","44.32684","-91.91933","204.2","ALMA DAM 4, WI US","0.0","0","0.0","1,0","1",",0","0",",0","0",",0","2",",0","0",",0","0","1,0","26","1,0","2",",0","0",",0","0",",0","","","19870215",",1,0","19870202","+,,0","19870222",",,0","","","19870222",",,0","19870207",",,0","-11.1","1,0,15,","51",",,0,02,+","0",",T,0,22,","1.3",",,0,22,","11.7",",0,07,","2693.0","0","493.0",",0","1.3",",,,0","0",",T,,0","0.06","1,0","4.61",",,,0","-4.49","1,,,0"
"USC00470124","1987-03","44.32684","-91.91933","204.2","ALMA DAM 4, WI US","0.0","0","0.0",",0","10",",0","4",",0","0",",0","5","1,0","1","1,0","0",",0","15",",0","1",",0","1",",0","0",",0","","","19870310",",,0","19870302","+,1,0","19870301",",1,0","","","19870301",",,0","19870307",",,0","-10.0",",0,10,","102","1,,0,02,+","102","1,,0,01,","8.9",",,0,01,","21.7",",0,07,","3134.7","0","441.7",",0","27.7",",,,0","102","1,,,0","4.08",",0","8.77",",,,0","-0.60",",,,0"
"USC00470124","1987-04","44.32684","-91.91933","204.2","ALMA DAM 4, WI US","7.5","0","7.5","2,0","5",",0","3",",0","0",",0","0",",0","0",",0","0",",0","4",",0","0","2,0","13","2,0","0","2,0","","","19870403",",,0","19870430","+,,0","19870430","+,,0","","","19870422",",,0","19870420",",2,0","-6.1",",0,03,","0",",,0,30,+","0",",,0,30,+","13.2",",,0,22,","29.4","2,0,20,","3309.9","0","175.2","2,0","29.5",",,,0","0",",,,0","12.36","2,0","19.21","2,,,0","5.51",",,,0"
"USC00470124","1987-05","44.32684","-91.91933","204.2","ALMA DAM 4, WI US","62.5","0","55.0","2,0","9",",0","9",",0","1",",0","0",",0","0",",0","0",",0","0",",0","0","2,0","19","2,0","0","2,0","","","19870523",",,0","19870531","+,,0","19870531","+,,0","","","19870502",",,0","19870517",",2,0","3.3",",0,23,","0",",,0,31,+","0",",,0,31,+","28.2",",,0,02,","31.7","2,0,17,","3375.3","0","65.4","2,0","112.2",",,,0","0",",,,0","17.89","2,0","23.59","2,,,0","12.19",",,,0"
"USC00470124","1987-06","44.32684","-91.91933","204.2","ALMA DAM 4, WI US","187.5","0","125.0",",0","6",",0","5",",0","1",",0","0",",0","0",",0","0",",0","0",",0","0",",0","30",",0","4",",0","","","19870604",",,0","19870630","+,,0","19870630","+,,0","","","19870620",",,0","19870614",",,0","7.8",",0,04,","0",",,0,30,+","0",",,0,30,+","29.0",",,0,20,","35.6",",0,14,","3382.1","0","6.8",",0","75.2",",,,0","0",",,,0","22.27",",0","28.33",",,,0","16.21",",,,0"
"USC00470124","1987-07","44.32684","-91.91933","204.2","ALMA DAM 4, WI US","373.7","0","186.2",",0","14",",0","13",",0","4",",0","0",",0","0",",0","0",",0","0",",0","0",",0","31",",0","6",",0","","","19870701",",,0","19870731","+,,0","19870731","+,,0","","","19870712",",,0","19870731",",,0","12.8",",0,01,","0",",,0,31,+","0",",,0,31,+","61.2",",,0,12,","33.3",",0,31,","0.0","0","0.0",",0","261.8",",,,0","0",",,,0","24.34",",0","29.02",",,,0","19.66",",,,0"
"USC00470124","1987-08","44.32684","-91.91933","204.2","ALMA DAM 4, WI US","475.3","0","101.6",",0","7",",0","7",",0","0",",0","0",",0","0",",0","0",",0","0",",0","0",",0","26",",0","2",",0","","","19870824",",,0","19870831","+,,0","19870831","+,,0","","","19870809",",,0","19870801",",,0","8.9",",0,24,","0",",,0,31,+","0",",,0,31,+","20.3",",,0,09,","34.4",",0,01,","16.8","0","16.8",",0","75.9",",,,0","0",",,,0","21.07",",0","25.65",",,,0","16.49",",,,0"
"USC00470124","1987-09","44.32684","-91.91933","204.2","ALMA DAM 4, WI US","502.0","0","26.7",",0","12",",0","9",",0","1",",0","0",",0","0",",0","0",",0","0",",0","0",",0","18",",0","0",",0","","","19870925",",,0","19870930","+,,0","19870930","+,,0","","","19870906",",,0","19870905",",,0","6.1",",0,25,","0",",,0,30,+","0",",,0,30,+","34.3",",,0,06,","29.4",",0,05,","63.5","0","46.7",",0","91.4",",,,0","0",",,,0","17.67",",0","22.57",",,,0","12.77",",,,0"
"USC00470124","1987-10","44.32684","-91.91933","204.2","ALMA DAM 4, WI US","502.0","0","0.0",",0","4",",0","4",",0","1",",0","0",",0","0",",0","0",",0","6",",0","0",",0","3",",0","0",",0","","","19871011",",,0","19871031","+,,0","19871031","+,,0","","","19871016",",,0","19871004",",,0","-3.9",",0,11,","0",",,0,31,+","0",",,0,31,+","31.2",",,0,16,","23.9",",0,04,","389.0","0","325.5",",0","42.6",",,,0","0",",,,0","7.83",",0","12.53",",,,0","3.14",",,,0"
"USC00470124","1987-11","44.32684","-91.91933","204.2","ALMA DAM 4, WI US","502.0","0","0.0","1,0","10",",0","7",",0","0",",0","0",",0","0",",0","0",",0","17",",0","1","1,0","0","1,0","0","1,0","","","19871121","+,,0","19871130","+,,0","19871130","+,,0","","","19871129",",,0","19871103",",1,0","-6.7",",0,21,+","0",",,0,30,+","0",",,0,30,+","21.3",",,0,29,","17.8","1,0,03,","791.8","0","402.8","1,0","70.4",",,,0","0",",,,0","4.44","1,0","8.29","1,,,0","0.60",",,,0"
"USC00470124","1987-12","44.32684","-91.91933","204.2","ALMA DAM 4, WI US","502.0","0","0.0","2,0","6",",0","4",",0","0",",0","17",",0","3",",0","0",",0","27",",0","12","2,0","0","2,0","0","2,0","","","19871231",",,0","19871220","+,,0","19871216",",,0","","","19871209",",,0","19871211",",2,0","-16.7",",0,31,","152",",,0,20,+","127",",,0,16,","18.3",",,0,09,","7.8","2,0,11,","1391.8","0","600.0","2,0","33.3",",,,0","211",",,,0","-2.35","2,0","0.80","2,,,0","-5.50",",,,0"
"USC00470124","1988-01","44.32684","-91.91933","204.2","ALMA DAM 4, WI US","0.0","0","0.0","1,0","5",",0","5",",0","0",",0","31",",0","4",",0","15",",0","30",",0","22","1,0","0","1,0","0","1,0","","","19880106",",,0","19880131","+,,0","19880120",",,0","","","19880120",",,0","19880131","+,1,0","-27.2",",0,06,","305",",,0,31,+","178",",,0,20,","17.8",",,0,20,","6.1","1,0,31,+","2265.5","0","873.7","1,0","37.1",",,,0","331",",,,0","-10.61","1,0","-6.16","1,,,0","-15.05",",,,0"
"USC00470124","1988-02","44.32684","-91.91933","204.2","ALMA DAM 4, WI US","0.0","0","0.0",",0","3",",0","1",",0","0",",0","29",",0","2",",0","11",",0","29",",0","19",",0","0",",0","0",",0","","","19880213",",,0","19880217","+,,0","19880209",",,0","","","19880209",",,0","19880227","+,,0","-25.0",",0,13,","305",",,0,17,+","76",",,0,09,","3.3",",,0,09,","7.2",",0,27,+","3048.7","0","783.2",",0","4.8",",,,0","101",",,,0","-8.67",",0","-3.99",",,,0","-13.36",",,,0"
"USC00470124","1988-03","44.32684","-91.91933","204.2","ALMA DAM 4, WI US","0.0","0","0.0","1,0","5",",0","4",",0","0",",0","7",",0","2",",0","0",",0","21",",0","5","1,0","0","1,0","0","1,0","","","19880314","+,,0","19880316","+,,0","19880313","+,,0","","","19880329",",,0","19880325","+,1,0","-10.6",",0,14,+","51",",,0,16,+","25",",,0,13,+","12.7",",,0,29,","14.4","1,0,25,+","3544.3","0","495.6","1,0","32.3",",,,0","50",",,,0","1.79","1,0","6.88","1,,,0","-3.29",",,,0"
"USC00470124","1988-04","44.32684","-91.91933","204.2","ALMA DAM 4, WI US","0.0","0","0.0",",0","6",",0","4",",0","1",",0","0",",0","0",",0","0",",0","6",",0","0",",0","9",",0","0",",0","","","19880419",",,0","19880430","+,,0","19880430","+,,0","","","19880427",",,0","19880410","+,,0","-2.8",",0,19,","0",",,0,30,+","0",",,0,30,+","38.1",",,0,27,","23.3",",0,10,+","3806.1","0","261.8",",0","71.9",",,,0","0",",,,0","9.61",",0","16.15",",,,0","3.06",",,,0"
"USC00470124","1988-05","44.32684","-91.91933","204.2","ALMA DAM 4, WI US","44.2","0","44.2","1,0","5",",0","5",",0","1",",0","0",",0","0",",0","0",",0","0",",0","0","1,0","27","1,0","0","1,0","","","19880517",",,0","19880531","+,,0","19880531","+,,0","","","19880509",",,0","19880528",",1,0","2.2",",0,17,","0",",,0,31,+","0",",,0,31,+","35.1",",,0,09,","31.7","1,0,28,","3850.7","0","44.6","1,0","56.6",",,,0","0",",,,0","18.31","1,0","25.12","1,,,0","11.50",",,,0"
"USC00470124","1988-06","44.32684","-91.91933","204.2","ALMA DAM 4, WI US","184.0","0","139.8","1,0","4",",0","4",",0","0",",0","0",",0","0",",0","0",",0","0",",0","0","1,0","29","1,0","10","1,0","","","19880609",",,0","19880630","+,,0","19880630","+,,0","","","19880629",",,0","19880621",",1,0","6.7",",0,09,","0",",,0,30,+","0",",,0,30,+","15.2",",,0,29,","35.6","1,0,21,","3858.1","0","7.4","1,0","34.7",",,,0","0",",,,0","22.89","1,0","29.50","1,,,0","16.29",",,,0"
"USC00470124","1988-07","44.32684","-91.91933","204.2","ALMA DAM 4, WI US","373.4","0","189.4","1,0","10",",0","7",",0","0",",0","0",",0","0",",0","0",",0","0",",0","0","1,0","30","1,0","14","1,0","","","19880701",",,0","19880731","+,,0","19880731","+,,0","","","19880709",",,0","19880731",",1,0","11.1",",0,01,","0",",,0,31,+","0",",,0,31,+","8.1",",,0,09,","37.8","1,0,31,","0.3","0","0.3","1,0","40.5",",,,0","0",",,,0","24.73","1,0","30.87","1,,,0","18.58",",,,0"
"USC00470124","1988-08","44.32684","-91.91933","204.2","ALMA DAM 4, WI US","557.1","0","183.7",",0","11",",0","9",",0","1",",0","0",",0","0",",0","0",",0","0",",0","0",",0","30",",0","12",",0","","","19880830",",,0","19880831","+,,0","19880831","+,,0","","","19880808",",,0","19880816","+,,0","8.3",",0,30,","0",",,0,31,+","0",",,0,31,+","30.5",",,0,08,","37.2",",0,16,+","8.9","0","8.6",",0","96.1",",,,0","0",",,,0","23.98",",0","29.66",",,,0","18.30",",,,0"
"USC00470124","1988-09","44.32684","-91.91933","204.2","ALMA DAM 4, WI US","590.1","0","33.0",",0","9",",0","9",",0","2",",0","0",",0","0",",0","0",",0","0",",0","0",",0","22",",0","0",",0","","","19880924",",,0","19880930","+,,0","19880930","+,,0","","","19880920",",,0","19880917",",,0","6.7",",0,24,","0",",,0,30,+","0",",,0,30,+","61.0",",,0,20,","31.1",",0,17,","55.9","0","47.0",",0","150.3",",,,0","0",",,,0","17.87",",0","23.50",",,,0","12.24",",,,0"
"USC00470124","1988-10","44.32684","-91.91933","204.2","ALMA DAM 4, WI US","590.1","0","0.0",",0","2",",0","1",",0","0",",0","0",",0","0",",0","0",",0","12",",0","0",",0","3",",0","0",",0","","","19881030",",,0","19881031","+,,0","19881031","+,,0","","","19881021",",,0","19881014",",,0","-7.8",",0,30,","0",",,0,31,+","0",",,0,31,+","21.1",",,0,21,","22.8",",0,14,","395.1","0","339.2",",0","22.1",",,,0","0",",,,0","7.39",",0","12.64",",,,0","2.14",",,,0"
"USC00470124","1988-11","44.32684","-91.91933","204.2","ALMA DAM 4, WI US","590.1","0","0.0",",0","9",",0","6",",0","0",",0","1",",0","1","1,0","0",",0","19",",0","5",",0","0",",0","0",",0","","","19881128",",,0","19881130",",,0","19881130",",1,0","","","19881116",",,0","19881116",",,0","-11.7",",0,28,","76",",,0,30,","64","1,,0,30,","24.1",",,0,16,","16.7",",0,16,","875.9","0","480.8",",0","57.3",",,,0","64","1,,,0","2.31",",0","6.46",",,,0","-1.85",",,,0"
"USC00470124","1988-12","44.32684","-91.91933","204.2","ALMA DAM 4, WI US","590.1","0","0.0",",0","5",",0","2",",0","0",",0","11",",0","2",",0","4",",0","31",",0","15",",0","0",",0","0",",0","","","19881229",",,0","19881227",",,0","19881227",",,0","","","19881220",",,0","19881220","+,,0","-20.0",",0,29,","127",",,0,27,","114",",,0,27,","14.0",",,0,20,","7.2",",0,20,+","1607.9","0","732.0",",0","31.3",",,,0","142",",,,0","-5.28",",0","-0.81",",,,0","-9.75",",,,0"
"USC00470124","1989-01","44.32684","-91.91933","204.2","ALMA DAM 4, WI US","0.0","0","0.0",",0","3",",0","2",",0","0",",0","31",",0","0","2,0","5",",0","30",",0","11",",0","0",",0","0",",0","","","19890108",",,0","19890109","+,,0","19890104",",2,0","","","19890126",",,0","19890131","+,,0","-22.2",",0,08,","102",",,0,09,+","8","2,,0,04,","5.3",",,0,26,","8.3",",0,31,+","2304.5","0","696.6",",0","9.1",",,,0","8","2,,,0","-4.14",",0","0.63",",,,0","-8.91",",,,0"
"USC00470124","1989-02","44.32684","-91.91933","204.2","ALMA DAM 4, WI US","0.0","0","0.0",",0","8",",0","5",",0","0",",0","28",",0","4",",0","12",",0","28",",0","20",",0","0",",0","0",",0","","","19890203",",,0","19890213",",,0","19890213",",,0","","","19890206",",,0","19890225","+,,0","-28.9",",0,03,","178",",,0,13,","76",",,0,13,","8.4",",,0,06,","3.3",",0,25,+","3110.3","0","805.8",",0","28.2",",,,0","241",",,,0","-10.44",",0","-4.78",",,,0","-16.11",",,,0"
"USC00470124","1989-03","44.32684","-91.91933","204.2","ALMA DAM 4, WI US","0.0","0","0.0",",0","7",",0","6",",0","0",",0","25",",0","6",",0","3",",0","22",",0","13",",0","2",",0","0",",0","","","19890306",",,0","19890306","+,,0","19890304",",,0","","","19890304",",,0","19890327",",,0","-21.1",",0,06,","330",",,0,06,+","203",",,0,04,","24.1",",,0,04,","22.2",",0,27,","3732.9","0","622.6",",0","63.3",",,,0","535",",,,0","-1.75",",0","2.85",",,,0","-6.35",",,,0"
"USC00470124","1989-04","44.32684","-91.91933","204.2","ALMA DAM 4, WI US","0.0","0","0.0","1,0","10",",0","9",",0","0",",0","0",",0","0",",0","0",",0","12",",0","1","1,0","4","1,0","0","1,0","","","19890412","+,,0","19890430","+,,0","19890430","+,,0","","","19890429",",,0","19890424",",1,0","-7.2",",0,12,+","0",",,0,30,+","0",",,0,30,+","10.2",",,0,29,","22.8","1,0,24,","4038.9","0","306.0","1,0","52.1",",,,0","0",",,,0","7.79","1,0","13.49","1,,,0","2.10",",,,0"
"USC00470124","1989-05","44.32684","-91.91933","204.2","ALMA DAM 4, WI US","17.8","0","17.8",",0","10",",0","7",",0","1",",0","0",",0","0",",0","0",",0","1",",0","0",",0","18",",0","0",",0","","","19890506",",,0","19890507",",,0","19890507",",,0","","","19890530",",,0","19890523",",,0","-4.4",",0,06,","0",",T,0,07,","0",",T,0,07,","28.4",",,0,30,","28.9",",0,23,","4157.8","0","118.9",",0","92.2",",,,0","0",",T,,0","15.07",",0","20.66",",,,0","9.48",",,,0"
"USC00470124","1989-06","44.32684","-91.91933","204.2","ALMA DAM 4, WI US","83.0","0","65.2",",0","7",",0","4",",0","0",",0","0",",0","0",",0","0",",0","0",",0","0",",0","27",",0","0",",0","","","19890615",",,0","19890630","+,,0","19890630","+,,0","","","19890627",",,0","19890620",",,0","5.6",",0,15,","0",",,0,30,+","0",",,0,30,+","12.7",",,0,27,","30.0",",0,20,","4190.5","0","32.7",",0","39.1",",,,0","0",",,,0","19.42",",0","24.93",",,,0","13.91",",,,0"
"USC00470124","1989-07","44.32684","-91.91933","204.2","ALMA DAM 4, WI US","256.6","0","173.6","1,0","8",",0","7",",0","0",",0","0",",0","0",",0","0",",0","0",",0","0","1,0","30","1,0","5","1,0","","","19890720","+,,0","19890731","+,,0","19890731","+,,0","","","19890730",",,0","19890710","+,1,0","14.4",",0,20,+","0",",,0,31,+","0",",,0,31,+","24.6",",,0,30,","34.4","1,0,10,+","0.0","0","0.0","1,0","112.3",",,,0","0",",,,0","24.10","1,0","29.61","1,,,0","18.58",",,,0"
"USC00470124","1989-08","44.32684","-91.91933","204.2","ALMA DAM 4, WI US","361.3","0","104.7",",0","10",",0","10",",0","3",",0","0",",0","0",",0","0",",0","0",",0","0",",0","31",",0","1",",0","","","19890807","+,,0","19890831","+,,0","19890831","+,,0","","","19890814",",,0","19890804",",,0","11.1",",0,07,+","0",",,0,31,+","0",",,0,31,+","30.5",",,0,14,","32.2",",0,04,","1.5","0","1.5",",0","144.7",",,,0","0",",,,0","21.66",",0","26.72",",,,0","16.61",",,,0"
"USC00470124","1989-09","44.32684","-91.91933","204.2","ALMA DAM 4, WI US","391.3","0","30.0",",0","7",",0","5",",0","0",",0","0",",0","0",",0","0",",0","0",",0","0",",0","18",",0","0",",0","","","19890923",",,0","19890930","+,,0","19890930","+,,0","","","19890901",",,0","19890906","+,,0","2.2",",0,23,","0",",,0,30,+","0",",,0,30,+","8.6",",,0,01,","27.2",",0,06,+","85.5","0","84.0",",0","29.1",",,,0","0",",,,0","16.54",",0","21.81",",,,0","11.26",",,,0"
"USC00470124","1989-10","44.32684","-91.91933","204.2","ALMA DAM 4, WI US","394.4","0","3.1","1,0","5",",0","5",",0","0",",0","0",",0","0",",0","0",",0","8",",0","0","1,0","9","1,0","0","1,0","","","19891019",",,0","19891031","+,,0","19891031","+,,0","","","19891031",",,0","19891011",",1,0","-3.9",",0,19,","0",",,0,31,+","0",",,0,31,+","13.2",",,0,31,","26.7","1,0,11,","312.7","0","227.2","1,0","41.9",",,,0","0",",,,0","10.87","1,0","16.64","1,,,0","5.10",",,,0"
"USC00470124","1989-11","44.32684","-91.91933","204.2","ALMA DAM 4, WI US","394.4","0","0.0",",0","9",",0","6",",0","0",",0","5","1,0","1","1,0","0",",0","24",",0","7",",0","0",",0","0",",0","","","19891129",",,0","19891124","+,1,0","19891122",",1,0","","","19891128",",,0","19891106","+,,0","-16.1",",0,29,","76","1,,0,24,+","127","1,,0,22,","24.4",",,0,28,","11.1",",0,06,+","900.5","0","587.8",",0","57.7",",,,0","127","1,,,0","-1.26",",0","3.06",",,,0","-5.58",",,,0"
"USC00470124","1989-12","44.32684","-91.91933","204.2","ALMA DAM 4, WI US","394.4","0","0.0",",0","0",",0","0",",0","0",",0","17","2,0","0","1,0","10",",0","31",",0","22",",0","0",",0","0",",0","","","19891221",",,0","19891231","+,2,0","19891213",",1,0","","","19891231","+,,0","19891205",",,0","-31.1",",0,21,","51","2,,0,31,+","13","1,,0,13,","0.0",",T,0,31,+","7.2",",0,05,","1801.5","0","901.0",",0","0.0",",T,,0","32","1,,,0","-10.73",",0","-6.53",",,,0","-14.94",",,,0"
"USC00470124","1990-01","44.32684","-91.91933","204.2","ALMA DAM 4, WI US","0.0","0","0.0",",0","3",",0","3",",0","0",",0","19","2,0","2","1,0","0",",0","31",",0","7",",0","0",",0","0",",0","","","19900131",",,0","19900128",",2,0","19900121",",1,0","","","19900124",",,0","19900107",",,0","-15.0",",0,31,","152","2,,0,28,","51","1,,0,21,","8.4",",,0,24,","6.7",",0,07,","2444.2","0","642.7",",0","13.9",",,,0","76","1,,,0","-2.40",",0","1.75",",,,0","-6.55",",,,0"
"USC00470124","1990-02","44.32684","-91.91933","204.2","ALMA DAM 4, WI US","0.0","0","0.0","1,0","3",",0","2",",0","0",",0","22","1,0","2",",0","2",",0","27",",0","11","1,0","0","1,0","0","1,0","","","19900225",",,0","19900216",",1,0","19900216",",,0","","","19900216",",,0","19900212",",1,0","-21.1",",0,25,","178","1,,0,16,","178",",,0,16,","12.7",",,0,16,","12.2","1,0,12,","3039.9","0","595.7","1,0","19.8",",,,0","274",",,,0","-3.76","1,0","1.27","1,,,0","-8.80",",,,0"
"USC00470124","1990-03","44.32684","-91.91933","204.2","ALMA DAM 4, WI US","0.0","0","0.0","1,0","8",",0","5",",0","1",",0","6","1,0","0","1,0","0","1,0","19","1,0","3",",0","0",",0","0",",0","","","19900323",",1,0","19900307","+,1,0","19900310","+,1,0","","","19900314",",,0","19900312",",,0","-10.0","1,0,23,","51","1,,0,07,+","0","1,T,0,10,+","30.2",",,0,14,","20.6",",0,12,","3502.3","0","462.4",",0","87.8",",,,0","0","1,T,,0","2.85","1,0","7.81",",,,0","-2.10","1,,,0"
"USC00470124","1990-04","44.32684","-91.91933","204.2","ALMA DAM 4, WI US","16.4","0","16.4",",0","12",",0","11",",0","1",",0","0",",0","0","2,0","0",",0","9",",0","0",",0","7",",0","0",",0","","","19900406",",,0","19900430","+,,0","19900405",",2,0","","","19900424",",,0","19900425",",,0","-7.2",",0,06,","0",",,0,30,+","0","2,T,0,05,","49.0",",,0,24,","28.3",",0,25,","3789.9","0","287.6",",0","116.6",",,,0","0","2,T,,0","9.29",",0","14.87",",,,0","3.71",",,,0"
"USC00470124","1990-05","44.32684","-91.91933","204.2","ALMA DAM 4, WI US","22.0","0","5.6","1,0","9",",0","6",",0","2",",0","0",",0","0",",0","0",",0","0",",0","0","1,0","11","1,0","0","1,0","","","19900502",",,0","19900531","+,,0","19900531","+,,0","","","19900510",",,0","19900507",",1,0","0.6",",0,02,","0",",,0,31,+","0",",,0,31,+","54.1",",,0,10,","29.4","1,0,07,","3927.1","0","137.2","1,0","126.3",",,,0","0",",,,0","13.97","1,0","19.63","1,,,0","8.32",",,,0"
"USC00470124","1990-06","44.32684","-91.91933","204.2","ALMA DAM 4, WI US","115.7","0","93.7",",0","13",",0","11",",0","3",",0","0",",0","0",",0","0",",0","0",",0","0",",0","27",",0","0",",0","","","19900604",",,0","19900630","+,,0","19900630","+,,0","","","19900613",",,0","19900626",",,0","5.0",",0,04,","0",",,0,30,+","0",",,0,30,+","94.7",",,0,13,","31.1",",0,26,","3947.9","0","20.8",",0","254.1",",,,0","0",",,,0","20.76",",0","26.04",",,,0","15.48",",,,0"
"USC00470124","1990-07","44.32684","-91.91933","204.2","ALMA DAM 4, WI US","242.9","0","127.2",",0","11",",0","10",",0","1",",0","0",",0","0",",0","0",",0","0",",0","0",",0","31",",0","2",",0","","","19900713",",,0","19900731","+,,0","19900731","+,,0","","","19900728",",,0","19900703",",,0","10.0",",0,13,","0",",,0,31,+","0",",,0,31,+","33.3",",,0,28,","36.7",",0,03,","1.4","0","1.4",",0","121.2",",,,0","0",",,,0","22.39",",0","27.19",",,,0","17.59",",,,0"
"USC00470124","1990-08","44.32684","-91.91933","204.2","ALMA DAM 4, WI US","360.6","0","117.7",",0","10",",0","9",",0","1",",0","0",",0","0",",0","0",",0","0",",0","0",",0","30",",0","1",",0","","","19900806",",,0","19900831","+,,0","19900831","+,,0","","","19900826",",,0","19900827",",,0","11.1",",0,06,","0",",,0,31,+","0",",,0,31,+","26.4",",,0,26,","32.2",",0,27,","2.8","0","1.4",",0","125.7",",,,0","0",",,,0","22.08",",0","26.88",",,,0","17.29",",,,0"
"USC00470124","1990-09","44.32684","-91.91933","204.2","ALMA DAM 4, WI US","429.2","0","68.6",",0","6",",0","4",",0","0",",0","0",",0","0",",0","0",",0","0",",0","0",",0","20",",0","0",",0","","","19900923",",,0","19900930","+,,0","19900930","+,,0","","","19900914",",,0","19900906",",,0","4.4",",0,23,","0",",,0,30,+","0",",,0,30,+","17.5",",,0,14,","31.1",",0,06,","64.3","0","61.5",",0","46.2",",,,0","0",",,,0","18.57",",0","23.35",",,,0","13.79",",,,0"
"USC00470124","1990-10","44.32684","-91.91933","204.2","ALMA DAM 4, WI US","429.2","0","0.0","2,0","8",",0","5",",0","0",",0","0",",0","0",",0","0","1,0","5","1,0","0","1,0","6","1,0","0","1,0","","","19901019",",1,0","19901031","+,,0","19901031","+,,0","","","19901004",",,0","19901006","+,1,0","-1.7","1,0,19,","0",",,0,31,+","0",",,0,31,+","19.6",",,0,04,","26.7","1,0,06,+","297.9","0","233.6","1,0","58.4",",,,0","0",",,,0","10.45","2,0","16.22","1,,,0","4.67","1,,,0"
"USC00470124","1990-11","44.32684","-91.91933","204.2","ALMA DAM 4, WI US","429.2","0","0.0",",0","5",",0","2",",0","0",",0","0",",0","0",",0","0",",0","17",",0","0",",0","3",",0","0",",0","","","19901129",",,0","19901130","+,,0","19901130","+,,0","","","19901128","+,,0","19901114",",,0","-8.9",",0,29,","0",",,0,30,+","0",",,0,30,+","2.5",",,0,28,+","21.7",",0,14,","691.4","0","393.5",",0","8.3",",,,0","0",",,,0","5.22",",0","9.95",",,,0","0.48",",,,0"
"USC00470124","1990-12","44.32684","-91.91933","204.2","ALMA DAM 4, WI US","429.2","0","0.0",",0","7",",0","5",",0","0",",0","29",",0","7",",0","10",",0","31",",0","19",",0","0",",0","0",",0","","","19901223",",,0","19901222",",,0","19901204","+,,0","","","19901218",",,0","19901209",",,0","-29.4",",0,23,","330",",,0,22,","152",",,0,04,+","9.7",",,0,18,","10.0",",0,09,","1480.6","0","789.2",",0","43.4",",,,0","608",",,,0","-7.13",",0","-2.88",",,,0","-11.37",",,,0"
"USC00470124","1991-01","44.32684","-91.91933","204.2","ALMA DAM 4, WI US","0.0","0","0.0",",0","6",",0","2",",0","0",",0","31",",0","4",",0","12",",0","31",",0","27",",0","0",",0","0",",0","","","19910125",",,0","19910111",",,0","19910111",",,0","","","19910111",",,0","19910119",",,0","-26.1",",0,25,","330",",,0,11,","76",",,0,11,","7.6",",,0,11,","4.4",",0,19,","2351.7","0","871.1",",0","16.3",",,,0","164",",,,0","-9.77",",0","-5.15",",,,0","-14.39",",,,0"
"USC00470124","1991-02","44.32684","-91.91933","204.2","ALMA DAM 4, WI US","0.0","0","0.0",",0","4",",0","3",",0","0",",0","25",",0","2",",0","1",",0","27",",0","11",",0","0",",0","0",",0","","","19910215",",,0","19910203","+,,0","19910224",",,0","","","19910214",",,0","19910221",",,0","-22.2",",0,15,","203",",,0,03,+","38",",,0,24,","3.6",",,0,14,","9.4",",0,21,","2954.2","0","602.5",",0","10.4",",,,0","92",",,,0","-3.18",",0","1.96",",,,0","-8.33",",,,0"
"USC00470124","1991-03","44.32684","-91.91933","204.2","ALMA DAM 4, WI US","0.0","0","0.0",",0","11",",0","7",",0","0",",0","2",",0","1",",0","0",",0","22",",0","3",",0","1",",0","0",",0","","","19910303",",,0","19910301",",,0","19910313",",,0","","","19910323",",,0","19910326",",,0","-13.9",",0,03,","51",",,0,01,","25",",,0,13,","21.6",",,0,23,","21.7",",0,26,","3456.1","0","501.9",",0","62.0",",,,0","77",",,,0","2.14",",0","7.01",",,,0","-2.73",",,,0"
"USC00470124","1991-04","44.32684","-91.91933","204.2","ALMA DAM 4, WI US","7.2","0","7.2",",0","10",",0","8",",0","4",",0","0",",0","0",",0","0",",0","4",",0","0",",0","6",",0","0",",0","","","19910401",",,0","19910430","+,,0","19910430","+,,0","","","19910430",",,0","19910406",",,0","-1.7",",0,01,","0",",,0,30,+","0",",,0,30,+","38.6",",,0,30,","30.0",",0,06,","3695.9","0","239.8",",0","193.4",",,,0","0",",,,0","10.58",",0","15.87",",,,0","5.29",",,,0"
"USC00470124","1991-05","44.32684","-91.91933","204.2","ALMA DAM 4, WI US","66.8","0","59.6",",0","19",",0","16",",0","3",",0","0",",0","0",",0","0",",0","0",",0","0",",0","20",",0","0",",0","","","19910506","+,,0","19910531","+,,0","19910531","+,,0","","","19910528",",,0","19910529","+,,0","3.3",",0,06,+","0",",,0,31,+","0",",,0,31,+","40.6",",,0,28,","29.4",",0,29,+","3799.8","0","103.9",",0","179.8",",,,0","0",",,,0","16.90",",0","21.35",",,,0","12.45",",,,0"
"USC00470124","1991-06","44.32684","-91.91933","204.2","ALMA DAM 4, WI US","","","","","8",",0","8",",0","0",",0","0",",0","0",",0","","","","","","","","","","","","","","","19910630","+,,0","19910630","+,,0","","","19910615",",,0","","","","","0",",,0,30,+","0",",,0,30,+","19.3",",,0,15,","","","","","","","59.6",",,,0","0",",,,0","","","","","",""
"USC00470124","1991-07","44.32684","-91.91933","204.2","ALMA DAM 4, WI US","","","124.7","1,0","15",",0","11",",0","3",",0","0",",0","0",",0","0","1,0","0","1,0","0",",0","30",",0","0",",0","","","19910726","+,1,0","19910731","+,,0","19910731","+,,0","","","19910722",",,0","19910721","+,,0","12.2","1,0,26,+","0",",,0,31,+","0",",,0,31,+","150.1",",,0,22,","31.7",",0,21,+","2.0","0","2.0",",0","304.8",",,,0","0",",,,0","22.47","1,0","27.52",",,,0","17.43","1,,,0"
"USC00470124","1991-08","44.32684","-91.91933","204.2","ALMA DAM 4, WI US","","","123.4",",0","8",",0","4",",0","1",",0","0",",0","0",",0","0",",0","0",",0","0",",0","30",",0","2",",0","","","19910819",",,0","19910831","+,,0","19910831","+,,0","","","19910808",",,0","19910830","+,,0","10.6",",0,19,","0",",,0,31,+","0",",,0,31,+","49.5",",,0,08,","32.2",",0,30,+","4.2","0","2.2",",0","66.3",",,,0","0",",,,0","22.24",",0","27.14",",,,0","17.35",",,,0"
"USC00470124","1991-09","44.32684","-91.91933","204.2","ALMA DAM 4, WI US","","","43.8",",0","7",",0","6",",0","2",",0","0",",0","0",",0","0",",0","0",",0","0",",0","14",",0","0",",0","","","19910928","+,,0","19910930","+,,0","19910930","+,,0","","","19910909",",,0","19910909","+,,0","0.6",",0,28,+","0",",,0,30,+","0",",,0,30,+","38.1",",,0,09,","28.3",",0,09,+","113.5","0","109.3",",0","116.1",",,,0","0",",,,0","16.15",",0","20.69",",,,0","11.61",",,,0"
"USC00470124","1991-10","44.32684","-91.91933","204.2","ALMA DAM 4, WI US","","","0.0","1,0","6",",0","4",",0","0",",0","0",",0","0",",0","0","1,0","7","1,0","1",",0","6",",0","0",",0","","","19911030",",1,0","19911031","+,,0","19911031","+,,0","","","19911005",",,0","19911008",",,0","-4.4","1,0,30,","0",",,0,31,+","0",",,0,31,+","13.2",",,0,05,","25.0",",0,08,","390.6","0","277.1",",0","39.2",",,,0","0",",,,0","9.18","1,0","14.41",",,,0","3.95","1,,,0"
"USC00470124","1991-11","44.32684","-91.91933","204.2","ALMA DAM 4, WI US","","","0.0",",0","10",",0","8",",0","4",",0","23",",0","5","1,0","1",",0","25",",0","13",",0","0",",0","0",",0","","","19911107",",,0","19911129","+,,0","19911124",",1,0","","","19911130",",,0","19911118",",,0","-18.9",",0,07,","381",",,0,29,+","279","1,,0,24,","47.8",",,0,30,","11.7",",0,18,","1017.2","0","626.6",",0","213.1",",,,0","609","1,,,0","-2.55",",0","1.01",",,,0","-6.11",",,,0"
"USC00470124","1991-12","44.32684","-91.91933","204.2","ALMA DAM 4, WI US","","","0.0",",0","8",",0","4",",0","0",",0","31",",0","5",",0","2",",0","31",",0","13",",0","0",",0","0",",0","","","19911204",",,0","19911207","+,,0","19911205","+,,0","","","19911213",",,0","19911207",",,0","-21.7",",0,04,","305",",,0,07,+","51",",,0,05,+","18.0",",,0,13,","8.9",",0,07,","1718.3","0","701.1",",0","33.7",",,,0","177",",,,0","-4.28",",0","-0.43",",,,0","-8.14",",,,0"
"USC00470124","1992-01","44.32684","-91.91933","204.2","ALMA DAM 4, WI US","0.0","0","0.0",",0","6",",0","3",",0","0",",0","31",",0","1",",0","5",",0","29",",0","14",",0","0",",0","0",",0","","","19920115",",,0","19920131","+,,0","19920125",",,0","","","19920123",",,0","19920112",",,0","-22.8",",0,15,","102",",,0,31,+","51",",,0,25,","7.6",",,0,23,","5.6",",0,12,","2425.5","0","707.2",",0","18.6",",,,0","51",",,,0","-4.48",",0","-1.07",",,,0","-7.89",",,,0"
"USC00470124","1992-02","44.32684","-91.91933","204.2","ALMA DAM 4, WI US","0.0","0","0.0",",0","3",",0","1",",0","0",",0","17",",0","1",",0","0",",0","27",",0","8",",0","0",",0","0",",0","","","19920209",",,0","19920202","+,,0","19920219",",,0","","","19920219",",,0","19920227","+,,0","-15.6",",0,09,","102",",,0,02,+","51",",,0,19,","4.1",",,0,19,","6.7",",0,27,+","2994.1","0","568.6",",0","6.4",",,,0","77",",,,0","-1.27",",0","1.85",",,,0","-4.40",",,,0"
"USC00470124","1992-03","44.32684","-91.91933","204.2","ALMA DAM 4, WI US","0.0","0","0.0",",0","11",",0","7",",0","1",",0","14",",0","","","0",",0","22",",0","5",",0","0",",0","0",",0","","","19920312",",,0","19920314","+,,0","","","","","19920309",",,0","19920324",",,0","-13.3",",0,12,","127",",,0,14,+","","","26.2",",,0,09,","15.6",",0,24,","3534.3","0","540.2",",0","74.9",",,,0","","","0.91",",0","5.04",",,,0","-3.22",",,,0"
"USC00470124","1992-04","44.32684","-91.91933","204.2","ALMA DAM 4, WI US","0.0","0","0.0",",0","10",",0","7",",0","0",",0","0",",0","0",",0","0",",0","7",",0","0",",0","2",",0","0",",0","","","19920412",",,0","19920401",",,0","19920401",",,0","","","19920421",",,0","19920430",",,0","-6.7",",0,12,","0",",T,0,01,","0",",T,0,01,","19.3",",,0,21,","25.0",",0,30,","3873.9","0","339.6",",0","69.8",",,,0","0",",T,,0","7.01",",0","11.14",",,,0","2.88",",,,0"
"USC00470124","1992-05","44.32684","-91.91933","204.2","ALMA DAM 4, WI US","31.0","0","31.0",",0","7",",0","3",",0","0",",0","0",",0","0",",0","0",",0","0",",0","0",",0","18",",0","0",",0","","","19920506",",,0","19920531","+,,0","19920531","+,,0","","","19920517",",,0","19920501",",,0","1.7",",0,06,","0",",,0,31,+","0",",,0,31,+","8.6",",,0,17,","30.6",",0,01,","3967.5","0","93.6",",0","23.6",",,,0","0",",,,0","16.31",",0","22.14",",,,0","10.49",",,,0"
"USC00470124","1992-06","44.32684","-91.91933","204.2","ALMA DAM 4, WI US","79.7","0","48.7",",0","6",",0","3",",0","1",",0","0",",0","0",",0","0",",0","0",",0","0",",0","27",",0","0",",0","","","19920621",",,0","19920630","+,,0","19920630","+,,0","","","19920617",",,0","19920612",",,0","3.9",",0,21,","0",",,0,30,+","0",",,0,30,+","38.6",",,0,17,","31.7",",0,12,","3998.1","0","30.6",",0","50.3",",,,0","0",",,,0","18.94",",0","24.68",",,,0","13.19",",,,0"
"USC00470124","1992-07","44.32684","-91.91933","204.2","ALMA DAM 4, WI US","124.1","0","44.4","1,0","10",",0","7",",0","1",",0","0",",0","0",",0","0","1,0","0","1,0","0",",0","29",",0","0",",0","","","19920723",",1,0","19920731","+,,0","19920731","+,,0","","","19920723",",,0","19920701",",,0","6.7","1,0,23,","0",",,0,31,+","0",",,0,31,+","26.2",",,0,23,","29.4",",0,01,","13.9","0","13.9",",0","82.3",",,,0","0",",,,0","19.43","1,0","24.35",",,,0","14.51","1,,,0"
"USC00470124","1992-08","44.32684","-91.91933","204.2","ALMA DAM 4, WI US","185.1","0","61.0",",0","7",",0","6",",0","0",",0","0",",0","0",",0","0",",0","0",",0","0",",0","27",",0","1",",0","","","19920814",",,0","19920831","+,,0","19920831","+,,0","","","19920802",",,0","19920809",",,0","8.3",",0,14,","0",",,0,31,+","0",",,0,31,+","15.2",",,0,02,","32.2",",0,09,","38.7","0","24.8",",0","46.0",",,,0","0",",,,0","19.50",",0","24.53",",,,0","14.47",",,,0"
"USC00470124","1992-09","44.32684","-91.91933","204.2","ALMA DAM 4, WI US","198.5","0","13.4","3,0","13",",0","11",",0","3",",0","0",",0","0",",0","0","2,0","1","2,0","0","1,0","17","1,0","0","1,0","","","19920929",",2,0","19920930","+,,0","19920930","+,,0","","","19920916",",,0","19920915","+,1,0","0.0","2,0,29,","0",",,0,30,+","0",",,0,30,+","82.8",",,0,16,","26.7","1,0,15,+","110.0","0","71.3","1,0","240.8",",,,0","0",",,,0","16.39","3,0","21.46","1,,,0","11.33","2,,,0"
"USC00470124","1992-10","44.32684","-91.91933","204.2","ALMA DAM 4, WI US","202.9","0","4.4",",0","7",",0","5",",0","0",",0","0",",0","0",",0","0",",0","7",",0","0",",0","7",",0","0",",0","","","19921019",",,0","19921031","+,,0","19921031","+,,0","","","19921020",",,0","19921002",",,0","-5.6",",0,19,","0",",,0,31,+","0",",,0,31,+","8.6",",,0,20,","29.4",",0,02,","379.3","0","269.3",",0","28.2",",,,0","0",",,,0","9.79",",0","14.69",",,,0","4.89",",,,0"
"USC00470124","1992-11","44.32684","-91.91933","204.2","ALMA DAM 4, WI US","202.9","0","0.0",",0","7",",0","6",",0","2",",0","0",",0","0",",0","0",",0","19",",0","4",",0","0",",0","0",",0","","","19921115",",,0","19921130","+,,0","19921130","+,,0","","","19921120",",,0","19921109",",,0","-7.2",",0,15,","0",",,0,30,+","0",",,0,30,+","28.2",",,0,20,","11.7",",0,09,","903.2","0","523.9",",0","101.4",",,,0","0",",,,0","0.87",",0","3.03",",,,0","-1.30",",,,0"
"USC00470124","1992-12","44.32684","-91.91933","204.2","ALMA DAM 4, WI US","202.9","0","0.0",",0","12",",0","5",",0","0",",0","27",",0","5","1,0","4",",0","28",",0","16",",0","0",",0","0",",0","","","19921224",",,0","19921231","+,,0","19921219",",1,0","","","19921215",",,0","19921215","+,,0","-22.2",",0,24,","102",",,0,31,+","76","1,,0,19,","9.1",",,0,15,","3.9",",0,15,+","1613.3","0","710.1",",0","35.9",",,,0","205","1,,,0","-4.57",",0","-0.90",",,,0","-8.25",",,,0"
"USC00470124","1993-01","44.32684","-91.91933","204.2","ALMA DAM 4, WI US","0.0","0","0.0",",0","12",",0","3",",0","0",",0","31",",0","4",",0","10",",0","31",",0","23",",0","0",",0","0",",0","","","19930101",",,0","19930113",",,0","19930113",",,0","","","19930113",",,0","19930131",",,0","-25.0",",0,01,","305",",,0,13,","152",",,0,13,","17.0",",,0,13,","7.8",",0,31,","2442.4","0","829.1",",0","33.5",",,,0","318",",,,0","-8.41",",0","-3.37",",,,0","-13.46",",,,0"
"USC00470124","1993-02","44.32684","-91.91933","204.2","ALMA DAM 4, WI US","0.0","0","0.0","1,0","6",",0","3",",0","0",",0","28",",0","3",",0","7",",0","28",",0","21","1,0","0","1,0","0","1,0","","","19930224","+,,0","19930226","+,,0","19930222","+,,0","","","19930211",",,0","19930201",",1,0","-22.8",",0,24,+","279",",,0,26,+","51",",,0,22,+","6.4",",,0,11,","6.7","1,0,01,","3108.1","0","665.7","1,0","16.7",",,,0","166",",,,0","-6.54","1,0","-1.89","1,,,0","-11.19",",,,0"
"USC00470124","1993-03","44.32684","-91.91933","204.2","ALMA DAM 4, WI US","0.0","0","0.0","1,0","5",",0","2",",0","0",",0","30",",0","3",",0","2","1,0","27","1,0","6",",0","0",",0","0",",0","","","19930314",",1,0","19930315","+,,0","19930310",",,0","","","19930331",",,0","19930329",",,0","-20.6","1,0,14,","279",",,0,15,+","102",",,0,10,","19.3",",,0,31,","17.8",",0,29,","3675.8","0","567.7",",0","30.8",",,,0","152",",,,0","-0.53","1,0","4.54",",,,0","-5.59","1,,,0"
"USC00470124","1993-04","44.32684","-91.91933","204.2","ALMA DAM 4, WI US","0.0","0","0.0",",0","13",",0","13",",0","2",",0","3",",0","2",",0","0",",0","11",",0","0",",0","1",",0","0",",0","","","19930402",",,0","19930416","+,,0","19930416","+,,0","","","19930420",",,0","19930428",",,0","-8.3",",0,02,","51",",,0,16,+","51",",,0,16,+","30.5",",,0,20,","22.8",",0,28,","4013.9","0","338.1",",0","159.6",",,,0","102",",,,0","7.06",",0","12.41",",,,0","1.72",",,,0"
"USC00470124","1993-05","44.32684","-91.91933","204.2","ALMA DAM 4, WI US","15.0","0","15.0",",0","16",",0","13",",0","3",",0","0",",0","0",",0","0",",0","0",",0","0",",0","15",",0","0",",0","","","19930516",",,0","19930531","+,,0","19930531","+,,0","","","19930531",",,0","19930511",",,0","3.3",",0,16,","0",",,0,31,+","0",",,0,31,+","35.6",",,0,31,","27.8",",0,11,","4128.0","0","114.1",",0","166.5",",,,0","0",",,,0","15.14",",0","19.98",",,,0","10.29",",,,0"
"USC00470124","1993-06","44.32684","-91.91933","204.2","ALMA DAM 4, WI US","65.2","0","50.2",",0","16",",0","11",",0","2",",0","0",",0","0",",0","0",",0","0",",0","0",",0","22",",0","0",",0","","","19930601",",,0","19930630","+,,0","19930630","+,,0","","","19930617",",,0","19930622","+,,0","3.9",",0,01,","0",",,0,30,+","0",",,0,30,+","73.4",",,0,17,","31.1",",0,22,+","4160.8","0","32.8",",0","218.4",",,,0","0",",,,0","18.91",",0","24.22",",,,0","13.61",",,,0"
"USC00470124","1993-07","44.32684","-91.91933","204.2","ALMA DAM 4, WI US","187.0","0","121.8",",0","11",",0","8",",0","2",",0","0",",0","0",",0","0",",0","0",",0","0",",0","31",",0","0",",0","","","19930712",",,0","19930731","+,,0","19930731","+,,0","","","19930702",",,0","19930730","+,,0","12.8",",0,12,","0",",,0,31,+","0",",,0,31,+","73.7",",,0,02,","30.0",",0,30,+","0.0","0","0.0",",0","137.2",",,,0","0",",,,0","22.26",",0","26.62",",,,0","17.91",",,,0"
"USC00470124","1993-08","44.32684","-91.91933","204.2","ALMA DAM 4, WI US","312.9","0","125.9","1,0","11",",0","10",",0","3",",0","0",",0","0",",0","0",",0","0",",0","0","1,0","29","1,0","3","1,0","","","19930804",",,0","19930831","+,,0","19930831","+,,0","","","19930830",",,0","19930824",",1,0","10.6",",0,04,","0",",,0,31,+","0",",,0,31,+","39.4",",,0,30,","33.3","1,0,24,","5.8","0","5.8","1,0","178.3",",,,0","0",",,,0","22.35","1,0","27.15","1,,,0","17.54",",,,0"
"USC00470124","1993-09","44.32684","-91.91933","204.2","ALMA DAM 4, WI US","323.8","0","10.9",",0","9",",0","7",",0","1",",0","0",",0","0",",0","0",",0","0",",0","0",",0","8",",0","0",",0","","","19930930",",,0","19930930","+,,0","19930930","+,,0","","","19930914",",,0","19930912",",,0","2.2",",0,30,","0",",,0,30,+","0",",,0,30,+","53.3",",,0,14,","27.2",",0,12,","148.1","0","142.3",",0","88.0",",,,0","0",",,,0","13.95",",0","18.28",",,,0","9.62",",,,0"
"USC00470124","1993-10","44.32684","-91.91933","204.2","ALMA DAM 4, WI US","327.1","0","3.3","1,0","4",",0","4",",0","0",",0","0",",0","0",",0","0",",0","8",",0","0","1,0","7","1,0","0","1,0","","","19931031",",,0","19931031","+,,0","19931031","+,,0","","","19931021",",,0","19931007",",1,0","-5.6",",0,31,","0",",,0,31,+","0",",,0,31,+","8.1",",,0,21,","27.8","1,0,07,","411.8","0","263.7","1,0","21.0",",,,0","0",",,,0","9.68","1,0","14.85","1,,,0","4.51",",,,0"
"USC00470124","1993-11","44.32684","-91.91933","204.2","ALMA DAM 4, WI US","327.1","0","0.0",",0","9",",0","4",",0","0",",0","5",",0","1",",0","0",",0","22",",0","5",",0","0",",0","0",",0","","","19931130","+,,0","19931126",",,0","19931126",",,0","","","19931126",",,0","19931104",",,0","-10.6",",0,30,+","102",",,0,26,","127",",,0,26,","8.4",",,0,26,","14.4",",0,04,","932.3","0","520.5",",0","30.4",",,,0","135",",,,0","0.98",",0","4.43",",,,0","-2.46",",,,0"
"USC00470124","1993-12","44.32684","-91.91933","204.2","ALMA DAM 4, WI US","327.1","0","0.0","1,0","5",",0","1",",0","0",",0","14",",0","3",",0","5","1,0","27","1,0","11",",0","0",",0","0",",0","","","19931228",",1,0","19931201",",,0","19931222","+,,0","","","19931214",",,0","19931215",",,0","-23.3","1,0,28,","76",",,0,01,","25",",,0,22,+","3.6",",,0,14,","7.8",",0,15,","1613.4","0","681.1",",0","9.2",",,,0","75",",,,0","-4.30","1,0","-1.22",",,,0","-7.39","1,,,0"
"USC00470124","1994-01","44.32684","-91.91933","204.2","ALMA DAM 4, WI US","0.0","0","0.0",",0","11",",0","5",",0","0",",0","31",",0","5",",0","14",",0","31",",0","29",",0","0",",0","0",",0","","","19940120",",,0","19940118","+,,0","19940117",",,0","","","19940106",",,0","19940101",",,0","-38.3",",0,20,","356",",,0,18,+","140",",,0,17,","6.9",",,0,06,","3.9",",0,01,","2631.7","0","1018.3",",0","31.9",",,,0","395",",,,0","-14.51",",0","-9.52",",,,0","-19.51",",,,0"
"USC00470124","1994-02","44.32684","-91.91933","204.2","ALMA DAM 4, WI US","0.0","0","0.0","2,0","6",",0","3",",0","0",",0","25",",0","4",",0","9","1,0","27","1,0","21","1,0","0","1,0","0","1,0","","","19940207",",1,0","19940213","+,,0","19940225","+,,0","","","19940223",",,0","19940219",",1,0","-28.9","1,0,07,","305",",,0,13,+","51",",,0,25,+","4.3",",,0,23,","9.4","1,0,19,","3373.5","0","741.8","1,0","15.3",",,,0","165",",,,0","-10.10","2,0","-5.40","1,,,0","-14.80","1,,,0"
"USC00470124","1994-03","44.32684","-91.91933","204.2","ALMA DAM 4, WI US","0.0","0","0.0",",0","5",",0","1",",0","0",",0","6",",0","0",",0","0",",0","22",",0","4",",0","0",",0","0",",0","","","19940301",",,0","19940302","+,,0","19940331","+,,0","","","19940324",",,0","19940322",",,0","-11.1",",0,01,","127",",,0,02,+","0",",,0,31,+","4.1",",,0,24,","17.8",",0,22,","3884.8","0","511.3",",0","6.4",",,,0","0",",,,0","1.84",",0","6.08",",,,0","-2.40",",,,0"
"USC00470124","1994-04","44.32684","-91.91933","204.2","ALMA DAM 4, WI US","2.8","0","2.8",",0","9",",0","8",",0","2",",0","2",",0","1",",0","0",",0","7",",0","0",",0","5",",0","0",",0","","","19940406",",,0","19940405",",,0","19940405",",,0","","","19940426",",,0","19940418",",,0","-6.7",",0,06,","51",",,0,05,","51",",,0,05,","42.9",",,0,26,","27.2",",0,18,","4170.7","0","285.9",",0","130.6",",,,0","51",",,,0","8.90",",0","14.44",",,,0","3.35",",,,0"
"USC00470124","1994-05","44.32684","-91.91933","204.2","ALMA DAM 4, WI US","30.6","0","27.8","1,0","7",",0","6",",0","0",",0","0",",0","0",",0","0",",0","0",",0","0","1,0","18","1,0","0","1,0","","","19940501",",,0","19940531","+,,0","19940531","+,,0","","","19940526",",,0","19940521",",1,0","0.6",",0,01,","0",",,0,31,+","0",",,0,31,+","24.9",",,0,26,","29.4","1,0,21,","4270.8","0","100.1","1,0","65.4",",,,0","0",",,,0","15.94","1,0","21.89","1,,,0","9.99",",,,0"
"USC00470124","1994-06","44.32684","-91.91933","204.2","ALMA DAM 4, WI US","140.7","0","110.1","1,0","11",",0","9",",0","0",",0","0",",0","0",",0","0",",0","0",",0","0","1,0","28","1,0","2","1,0","","","19940608",",,0","19940630","+,,0","19940630","+,,0","","","19940606",",,0","19940614",",1,0","6.7",",0,08,","0",",,0,30,+","0",",,0,30,+","16.0",",,0,06,","32.8","1,0,14,","4284.9","0","14.1","1,0","82.5",",,,0","0",",,,0","21.62","1,0","26.84","1,,,0","16.39",",,,0"
"USC00470124","1994-07","44.32684","-91.91933","204.2","ALMA DAM 4, WI US","225.4","0","84.7","1,0","13",",0","9",",0","0",",0","0",",0","0",",0","0","1,0","0","1,0","0",",0","30",",0","0",",0","","","19940728","+,1,0","19940731","+,,0","19940731","+,,0","","","19940706",",,0","19940705",",,0","12.8","1,0,28,+","0",",,0,31,+","0",",,0,31,+","22.6",",,0,06,","30.6",",0,05,","1.4","0","1.4",",0","71.8",",,,0","0",",,,0","21.14","1,0","25.87",",,,0","16.41","1,,,0"
"USC00470124","1994-08","44.32684","-91.91933","204.2","ALMA DAM 4, WI US","296.7","0","71.3",",0","7",",0","7",",0","2",",0","0",",0","0",",0","0",",0","0",",0","0",",0","26",",0","0",",0","","","19940814",",,0","19940831","+,,0","19940831","+,,0","","","19940811",",,0","19940825",",,0","9.4",",0,14,","0",",,0,31,+","0",",,0,31,+","68.8",",,0,11,","31.7",",0,25,","23.6","0","22.2",",0","178.4",",,,0","0",",,,0","19.92",",0","24.57",",,,0","15.26",",,,0"
"USC00470124","1994-09","44.32684","-91.91933","204.2","ALMA DAM 4, WI US","336.4","0","39.7","1,0","14",",0","12",",0","1",",0","0",",0","0",",0","0","1,0","0","1,0","0",",0","19",",0","0",",0","","","19940929",",1,0","19940930","+,,0","19940930","+,,0","","","19940914",",,0","19940914",",,0","7.2","1,0,29,","0",",,0,30,+","0",",,0,30,+","43.7",",,0,14,","29.4",",0,14,","71.5","0","47.9",",0","140.2",",,,0","0",",,,0","18.16","1,0","22.87",",,,0","13.46","1,,,0"
"USC00470124","1994-10","44.32684","-91.91933","204.2","ALMA DAM 4, WI US","337.8","0","1.4",",0","8",",0","6",",0","0",",0","0",",0","0",",0","0",",0","0",",0","0",",0","4",",0","0",",0","","","19941031",",,0","19941031","+,,0","19941031","+,,0","","","19941018",",,0","19941021",",,0","1.7",",0,31,","0",",,0,31,+","0",",,0,31,+","19.1",",,0,18,","23.3",",0,21,","259.6","0","188.1",",0","35.8",",,,0","0",",,,0","12.31",",0","16.45",",,,0","8.17",",,,0"
"USC00470124","1994-11","44.32684","-91.91933","204.2","ALMA DAM 4, WI US","337.8","0","0.0","1,0","5",",0","3",",0","0",",0","3",",0","1",",0","0",",0","15",",0","1","1,0","0","1,0","0","1,0","","","19941130",",,0","19941130","+,,0","19941128",",,0","","","19941128",",,0","19941107",",1,0","-7.8",",0,30,","102",",,0,30,+","102",",,0,28,","23.1",",,0,28,","16.7","1,0,07,","669.6","0","410.0","1,0","55.6",",,,0","102",",,,0","4.26","1,0","7.86","1,,,0","0.66",",,,0"
"USC00470124","1994-12","44.32684","-91.91933","204.2","ALMA DAM 4, WI US","337.8","0","0.0",",0","4",",0","3",",0","0",",0","27","4,0","1","1,0","1",",0","30",",0","14",",0","0",",0","0",",0","","","19941211",",,0","19941210","+,4,0","19941209",",1,0","","","19941215",",,0","19941202",",,0","-18.3",",0,11,","102","4,,0,10,+","51","1,,0,09,","5.3",",,0,15,","8.3",",0,02,","1317.0","0","647.4",",0","12.9",",,,0","77","1,,,0","-2.55",",0","0.99",",,,0","-6.09",",,,0"
"USC00470124","1995-01","44.32684","-91.91933","204.2","ALMA DAM 4, WI US","0.0","0","0.0","1,0","5",",0","1",",0","0",",0","31",",0","1",",0","5","1,0","30","1,0","24",",0","0",",0","0",",0","","","19950104",",1,0","19950112","+,,0","19950110",",,0","","","19950110",",,0","19950131",",,0","-23.3","1,0,04,","76",",,0,12,+","51",",,0,10,","2.5",",,0,10,","6.1",",0,31,","2069.4","0","752.4",",0","5.4",",,,0","67",",,,0","-6.85","1,0","-3.44",",,,0","-10.26","1,,,0"
"USC00470124","1995-02","44.32684","-91.91933","204.2","ALMA DAM 4, WI US","0.0","0","0.0","1,0","5",",0","0",",0","0",",0","22",",0","1",",0","7","1,0","26","1,0","10",",0","0",",0","0",",0","","","19950211",",1,0","19950217","+,,0","19950215",",,0","","","19950215",",,0","19950217",",,0","-23.9","1,0,11,","76",",,0,17,+","25",",,0,15,","1.8",",,0,15,","8.3",",0,17,","2723.7","0","654.3",",0","3.4",",,,0","25",",,,0","-5.85","1,0","-1.19",",,,0","-10.51","1,,,0"
"USC00470124","1995-03","44.32684","-91.91933","204.2","ALMA DAM 4, WI US","0.0","0","0.0","1,0","11",",0","8",",0","0",",0","7",",0","2",",0","2","1,0","16","1,0","6",",0","0",",0","0",",0","","","19950302",",1,0","19950309","+,,0","19950307",",,0","","","19950327",",,0","19950313","+,,0","-21.1","1,0,02,","229",",,0,09,+","178",",,0,07,","14.0",",,0,27,","16.7",",0,13,+","3206.0","0","482.3",",0","71.2",",,,0","229",",,,0","2.28","1,0","6.74",",,,0","-2.17","1,,,0"
"USC00470124","1995-04","44.32684","-91.91933","204.2","ALMA DAM 4, WI US","0.0","0","0.0",",0","11",",0","9",",0","0",",0","0",",0","0",",0","0",",0","7",",0","0",",0","0",",0","0",",0","","","19950404",",,0","19950430","+,,0","19950430","+,,0","","","19950412",",,0","19950428",",,0","-13.9",",0,04,","0",",,0,30,+","0",",,0,30,+","20.1",",,0,12,","16.1",",0,28,","3569.2","0","363.2",",0","80.8",",,,0","0",",,,0","6.23",",0","11.10",",,,0","1.36",",,,0"
"USC00470124","1995-05","44.32684","-91.91933","204.2","ALMA DAM 4, WI US","1.3","0","1.3",",0","7",",0","5",",0","0",",0","0",",0","0",",0","0",",0","0",",0","0",",0","15",",0","0",",0","","","19950506","+,,0","19950531","+,,0","19950531","+,,0","","","19950514",",,0","19950531",",,0","5.0",",0,06,+","0",",,0,31,+","0",",,0,31,+","21.8",",,0,14,","26.1",",0,31,","3694.5","0","125.3",",0","77.8",",,,0","0",",,,0","14.34",",0","19.79",",,,0","8.88",",,,0"
"USC00470124","1995-06","44.32684","-91.91933","204.2","ALMA DAM 4, WI US","129.4","0","128.1",",0","10",",0","7",",0","0",",0","0",",0","0",",0","0",",0","0",",0","0",",0","27",",0","7",",0","","","19950608",",,0","19950630","+,,0","19950630","+,,0","","","19950629",",,0","19950617",",,0","5.6",",0,08,","0",",,0,30,+","0",",,0,30,+","20.1",",,0,29,","34.4",",0,17,","3714.5","0","20.0",",0","63.7",",,,0","0",",,,0","21.93",",0","27.05",",,,0","16.82",",,,0"
"USC00470124","1995-07","44.32684","-91.91933","204.2","ALMA DAM 4, WI US","286.8","0","157.4",",0","10",",0","9",",0","2",",0","0",",0","0",",0","0",",0","0",",0","0",",0","30",",0","5",",0","","","19950702",",,0","19950731","+,,0","19950731","+,,0","","","19950720",",,0","19950713",",,0","10.6",",0,02,","0",",,0,31,+","0",",,0,31,+","29.0",",,0,20,","37.8",",0,13,","4.1","0","4.1",",0","95.8",",,,0","0",",,,0","23.28",",0","28.35",",,,0","18.21",",,,0"
"USC00470124","1995-08","44.32684","-91.91933","204.2","ALMA DAM 4, WI US","","","","","11",",0","8",",0","2",",0","0",",0","0",",0","","","","","0",",0","31",",0","2",",0","","","","","19950831","+,,0","19950831","+,,0","","","19950814",",,0","19950812",",,0","","","0",",,0,31,+","0",",,0,31,+","71.1",",,0,14,","33.3",",0,12,","","","","","204.7",",,,0","0",",,,0","","","29.07",",,,0","",""
"USC00470124","1995-09","44.32684","-91.91933","204.2","ALMA DAM 4, WI US","","","37.5","1,0","8",",0","5",",0","0",",0","0",",0","0",",0","0",",0","0",",0","0","1,0","18","1,0","0","1,0","","","19950922",",,0","19950930","+,,0","19950930","+,,0","","","19950920",",,0","19950906",",1,0","2.2",",0,22,","0",",,0,30,+","0",",,0,30,+","17.8",",,0,20,","29.4","1,0,06,","","","98.9","1,0","56.2",",,,0","0",",,,0","16.34","1,0","21.32","1,,,0","11.35",",,,0"
"USC00470124","1995-10","44.32684","-91.91933","204.2","ALMA DAM 4, WI US","","","3.1","1,0","13",",0","8",",0","1",",0","0",",0","0",",0","0",",0","2",",0","0","1,0","5","1,0","0","1,0","","","19951030",",,0","19951031","+,,0","19951031","+,,0","","","19951024",",,0","19951012",",1,0","-2.2",",0,30,","0",",,0,31,+","0",",,0,31,+","31.2",",,0,24,","28.9","1,0,12,","","","251.9","1,0","122.6",",,,0","0",",,,0","10.03","1,0","14.11","1,,,0","5.95",",,,0"
"USC00470124","1995-11","44.32684","-91.91933","204.2","ALMA DAM 4, WI US","","","0.0",",0","6",",0","3",",0","0",",0","4",",0","1",",0","0",",0","28",",0","13",",0","0",",0","0",",0","","","19951128",",,0","19951130","+,,0","19951127",",,0","","","19951102",",,0","19951106",",,0","-14.4",",0,28,","102",",,0,30,+","76",",,0,27,","12.2",",,0,02,","8.3",",0,06,","","","611.9",",0","28.8",",,,0","89",",,,0","-2.07",",0","1.44",",,,0","-5.57",",,,0"
"USC00470124","1995-12","44.32684","-91.91933","204.2","ALMA DAM 4, WI US","","","0.0","1,0","5",",0","2",",0","0",",0","28",",0","5",",0","5","1,0","30","1,0","24",",0","0",",0","0",",0","","","19951211",",1,0","19951215","+,,0","19951209",",,0","","","19951214",",,0","19951202",",,0","-22.8","1,0,11,","178",",,0,15,+","102",",,0,09,","7.9",",,0,14,","6.1",",0,02,","","","752.0",",0","20.3",",,,0","202",",,,0","-6.77","1,0","-3.24",",,,0","-10.31","1,,,0"
"USC00470124","1996-01","44.32684","-91.91933","204.2","ALMA DAM 4, WI US","0.0","0","0.0","2,0","9",",0","6",",0","0",",0","31",",0","6",",0","17","2,0","29","2,0","25",",0","0",",0","0",",0","","","19960131",",2,0","19960131","+,,0","19960127",",,0","","","19960118",",,0","19960118",",,0","-38.9","2,0,31,","610",",,0,31,+","229",",,0,27,","18.0",",,0,18,","10.0",",0,18,","","","889.0",",0","53.4",",,,0","648",",,,0","-12.06","2,0","-5.98",",,,0","-18.13","2,,,0"
"USC00470124","1996-02","44.32684","-91.91933","204.2","ALMA DAM 4, WI US","0.0","0","0.0","3,0","4",",0","0",",0","0",",0","29",",0","0",",0","8","3,0","24","3,0","14","1,0","0","1,0","0","1,0","","","19960203",",3,0","19960202","+,,0","19960215",",,0","","","19960208",",,0","19960223",",1,0","-37.2","3,0,03,","610",",,0,02,+","0",",T,0,15,","2.0",",,0,08,","14.4","1,0,23,","","","679.7","1,0","4.1",",,,0","0",",T,,0","-7.52","3,0","-2.26","1,,,0","-12.78","3,,,0"
"USC00470124","1996-03","44.32684","-91.91933","204.2","ALMA DAM 4, WI US","0.0","0","0.0","1,0","6",",0","2",",0","0",",0","20",",0","3",",0","5","1,0","24","1,0","10",",0","0",",0","0",",0","","","19960326",",1,0","19960327","+,,0","19960325",",,0","","","19960325",",,0","19960312",",,0","-22.2","1,0,26,","102",",,0,27,+","76",",,0,25,","14.0",",,0,25,","11.7",",0,12,","","","639.2",",0","31.9",",,,0","126",",,,0","-2.91","1,0","2.03",",,,0","-7.84","1,,,0"
"USC00470124","1996-04","44.32684","-91.91933","204.2","ALMA DAM 4, WI US","0.0","0","0.0","2,0","11",",0","6",",0","0",",0","0",",0","0",",0","0","1,0","12","1,0","0","1,0","1","1,0","0","1,0","","","19960408","+,1,0","19960430","+,,0","19960430","+,,0","","","19960416",",,0","19960411",",1,0","-5.0","1,0,08,+","0",",,0,30,+","0",",,0,30,+","16.5",",,0,16,","21.1","1,0,11,","","","325.9","1,0","44.9",",,,0","0",",,,0","6.61","2,0","12.34","1,,,0","0.87","1,,,0"
"USC00470124","1996-05","44.32684","-91.91933","204.2","ALMA DAM 4, WI US","9.8","0","9.8","1,0","12",",0","9",",0","0",",0","0",",0","0",",0","0",",0","0",",0","0","1,0","11","1,0","0","1,0","","","19960513","+,,0","19960531","+,,0","19960531","+,,0","","","19960503",",,0","19960518",",1,0","1.7",",0,13,+","0",",,0,31,+","0",",,0,31,+","16.3",",,0,03,","30.6","1,0,18,","","","166.8","1,0","69.1",",,,0","0",",,,0","13.24","1,0","18.09","1,,,0","8.40",",,,0"
"USC00470124","1996-06","44.32684","-91.91933","204.2","ALMA DAM 4, WI US","94.2","0","84.4","1,0","17",",0","11",",0","2",",0","0",",0","0",",0","0",",0","0",",0","0","1,0","24","1,0","3","1,0","","","19960605",",,0","19960630","+,,0","19960630","+,,0","","","19960602",",,0","19960628",",1,0","6.7",",0,05,","0",",,0,30,+","0",",,0,30,+","43.2",",,0,02,","33.9","1,0,28,","","","24.4","1,0","147.8",",,,0","0",",,,0","20.40","1,0","25.19","1,,,0","15.61",",,,0"
"USC00470124","1996-07","44.32684","-91.91933","204.2","ALMA DAM 4, WI US","180.3","0","86.1","2,0","10",",0","7",",0","0",",0","0",",0","0",",0","0",",0","0",",0","0","2,0","29","2,0","1","2,0","","","19960710",",,0","19960731","+,,0","19960731","+,,0","","","19960712",",,0","19960718",",2,0","11.1",",0,10,","0",",,0,31,+","0",",,0,31,+","17.3",",,0,12,","32.2","2,0,18,","3.1","0","3.1","2,0","64.8",",,,0","0",",,,0","21.19","2,0","26.16","2,,,0","16.23",",,,0"
"USC00470124","1996-08","44.32684","-91.91933","204.2","ALMA DAM 4, WI US","284.7","0","104.4",",0","7",",0","7",",0","1",",0","0",",0","0",",0","0",",0","0",",0","0",",0","31",",0","1",",0","","","19960827",",,0","19960831","+,,0","19960831","+,,0","","","19960805",",,0","19960806",",,0","11.7",",0,27,","0",",,0,31,+","0",",,0,31,+","31.0",",,0,05,","32.8",",0,06,","3.9","0","0.8",",0","90.0",",,,0","0",",,,0","21.67",",0","27.06",",,,0","16.28",",,,0"
"USC00470124","1996-09","44.32684","-91.91933","204.2","ALMA DAM 4, WI US","327.9","0","43.2","1,0","10",",0","8",",0","1",",0","0",",0","0",",0","0",",0","0",",0","0","1,0","14","1,0","0","1,0","","","19960914","+,,0","19960930","+,,0","19960930","+,,0","","","19960920",",,0","19960905","+,1,0","5.0",",0,14,+","0",",,0,30,+","0",",,0,30,+","26.2",",,0,20,","28.9","1,0,05,+","81.8","0","77.9","1,0","93.7",",,,0","0",",,,0","17.10","1,0","21.88","1,,,0","12.33",",,,0"
"USC00470124","1996-10","44.32684","-91.91933","204.2","ALMA DAM 4, WI US","329.3","0","1.4",",0","11",",0","5",",0","1",",0","0",",0","0",",0","0",",0","4",",0","0",",0","8",",0","0",",0","","","19961031",",,0","19961031","+,,0","19961031","+,,0","","","19961023",",,0","19961001",",,0","-6.7",",0,31,","0",",,0,31,+","0",",,0,31,+","38.6",",,0,23,","24.4",",0,01,","325.4","0","243.6",",0","93.5",",,,0","0",",,,0","10.52",",0","15.65",",,,0","5.39",",,,0"
"USC00470124","1996-11","44.32684","-91.91933","204.2","ALMA DAM 4, WI US","329.3","0","0.0",",0","9",",0","8",",0","1",",0","11",",0","4",",0","2",",0","24",",0","16",",0","0",",0","0",",0","","","19961127",",,0","19961128","+,,0","19961121",",,0","","","19961117",",,0","19961117","+,,0","-20.0",",0,27,","152",",,0,28,+","102",",,0,21,","29.2",",,0,17,","12.8",",0,17,+","937.6","0","612.2",",0","101.4",",,,0","203",",,,0","-2.07",",0","1.45",",,,0","-5.60",",,,0"
"USC00470124","1996-12","44.32684","-91.91933","204.2","ALMA DAM 4, WI US","329.3","0","0.0",",0","9",",0","3",",0","0",",0","31",",0","6",",0","6",",0","31",",0","26",",0","0",",0","0",",0","","","19961225",",,0","19961225","+,,0","19961224",",,0","","","19961215",",,0","19961215",",,0","-25.6",",0,25,","483",",,0,25,+","203",",,0,24,","11.4",",,0,15,","5.0",",0,15,","1750.2","0","812.6",",0","33.1",",,,0","496",",,,0","-7.88",",0","-4.34",",,,0","-11.42",",,,0"
"USC00470124","1997-01","44.32684","-91.91933","204.2","ALMA DAM 4, WI US","0.0","0","0.0","1,0","12",",0","4",",0","0",",0","31",",0","4",",0","14",",0","28",",0","20","1,0","0","1,0","0","1,0","","","19970126",",,0","19970128","+,,0","19970124",",,0","","","19970105",",,0","19970122",",1,0","-30.0",",0,26,","559",",,0,28,+","152",",,0,24,","11.4",",,0,05,","6.1","1,0,22,","2602.3","0","852.1","1,0","34.3",",,,0","330",",,,0","-10.05","1,0","-5.39","1,,,0","-14.71",",,,0"
"USC00470124","1997-02","44.32684","-91.91933","204.2","ALMA DAM 4, WI US","0.0","0","0.0",",0","5",",0","1",",0","0",",0","28",",0","2",",0","4",",0","27",",0","17",",0","0",",0","0",",0","","","19970213",",,0","19970217","+,,0","19970205",",,0","","","19970205",",,0","19970218",",,0","-22.8",",0,13,","584",",,0,17,+","178",",,0,05,","6.9",",,0,05,","8.3",",0,18,","3255.6","0","653.3",",0","11.8",",,,0","223",",,,0","-5.00",",0","-1.00",",,,0","-9.00",",,,0"
"USC00470124","1997-03","44.32684","-91.91933","204.2","ALMA DAM 4, WI US","0.0","0","0.0",",0","10",",0","6",",0","0",",0","26",",0","4",",0","1",",0","23",",0","7",",0","0",",0","0",",0","","","19970315",",,0","19970317","+,,0","19970314",",,0","","","19970314",",,0","19970327",",,0","-19.4",",0,15,","356",",,0,17,+","254",",,0,14,","20.3",",,0,14,","20.6",",0,27,","3823.5","0","567.9",",0","57.7",",,,0","393",",,,0","0.01",",0","4.12",",,,0","-4.10",",,,0"
"USC00470124","1997-04","44.32684","-91.91933","204.2","ALMA DAM 4, WI US","0.0","0","0.0",",0","7",",0","5",",0","0",",0","0",",0","0",",0","0",",0","10",",0","2",",0","1",",0","0",",0","","","19970408",",,0","19970430","+,,0","19970430","+,,0","","","19970405",",,0","19970429",",,0","-11.1",",0,08,","0",",,0,30,+","0",",,0,30,+","14.5",",,0,05,","21.7",",0,29,","4151.3","0","327.8",",0","40.7",",,,0","0",",,,0","7.41",",0","12.76",",,,0","2.05",",,,0"
"USC00470124","1997-05","44.32684","-91.91933","204.2","ALMA DAM 4, WI US","0.6","0","0.6","1,0","12",",0","7",",0","0",",0","0",",0","0",",0","0",",0","1",",0","0","1,0","9","1,0","0","1,0","","","19970513",",,0","19970508",",,0","19970531","+,,0","","","19970501",",,0","19970531",",1,0","0.0",",0,13,","0",",T,0,08,","0",",,0,31,+","16.3",",,0,01,","27.2","1,0,31,","4320.1","0","168.8","1,0","70.7",",,,0","0",",,,0","12.68","1,0","18.42","1,,,0","6.95",",,,0"
"USC00470124","1997-06","44.32684","-91.91933","204.2","ALMA DAM 4, WI US","90.5","0","89.9","1,0","12",",0","7",",0","1",",0","0",",0","0",",0","0",",0","0",",0","0","1,0","29","1,0","1","1,0","","","19970617",",,0","19970630","+,,0","19970630","+,,0","","","19970629",",,0","19970623",",1,0","10.6",",0,17,","0",",,0,30,+","0",",,0,30,+","33.0",",,0,29,","32.2","1,0,23,","4322.6","0","2.5","1,0","79.4",",,,0","0",",,,0","21.35","1,0","27.20","1,,,0","15.50",",,,0"
"USC00470124","1997-07","44.32684","-91.91933","204.2","ALMA DAM 4, WI US","212.6","0","122.1",",0","16",",0","13",",0","4",",0","0",",0","0",",0","0",",0","0",",0","0",",0","28",",0","2",",0","","","19970707",",,0","19970731","+,,0","19970731","+,,0","","","19970728",",,0","19970716",",,0","9.4",",0,07,","0",",,0,31,+","0",",,0,31,+","40.6",",,0,28,","33.3",",0,16,","9.4","0","9.4",",0","258.1",",,,0","0",",,,0","21.97",",0","26.80",",,,0","17.13",",,,0"
"USC00470124","1997-08","44.32684","-91.91933","204.2","ALMA DAM 4, WI US","283.1","0","70.5","1,0","18",",0","13",",0","1",",0","0",",0","0",",0","0",",0","0",",0","0","1,0","27","1,0","1","1,0","","","19970822",",,0","19970831","+,,0","19970831","+,,0","","","19970824",",,0","19970802",",1,0","11.1",",0,22,","0",",,0,31,+","0",",,0,31,+","29.5",",,0,24,","32.2","1,0,02,","20.3","0","10.9","1,0","171.3",",,,0","0",",,,0","20.36","1,0","24.88","1,,,0","15.83",",,,0"
"USC00470124","1997-09","44.32684","-91.91933","204.2","ALMA DAM 4, WI US","311.5","0","28.4",",0","9",",0","8",",0","1",",0","0",",0","0",",0","0",",0","0",",0","0",",0","20",",0","0",",0","","","19970921",",,0","19970930","+,,0","19970930","+,,0","","","19970902",",,0","19970901",",,0","6.1",",0,21,","0",",,0,30,+","0",",,0,30,+","30.5",",,0,02,","28.9",",0,01,","67.5","0","47.2",",0","99.2",",,,0","0",",,,0","17.71",",0","22.28",",,,0","13.13",",,,0"
"USC00470124","1997-10","44.32684","-91.91933","204.2","ALMA DAM 4, WI US","331.9","0","20.4",",0","5",",0","3",",0","1",",0","0",",0","0",",0","0",",0","4",",0","0",",0","10",",0","1",",0","","","19971027",",,0","19971031","+,,0","19971031","+,,0","","","19971013",",,0","19971003",",,0","-5.6",",0,27,","0",",,0,31,+","0",",,0,31,+","30.7",",,0,13,","32.8",",0,03,","300.5","0","233.0",",0","58.4",",,,0","0",",,,0","11.47",",0","16.34",",,,0","6.61",",,,0"
"USC00470124","1997-11","44.32684","-91.91933","204.2","ALMA DAM 4, WI US","331.9","0","0.0",",0","9",",0","2",",0","0",",0","8",",0","2",",0","0",",0","25",",0","8",",0","0",",0","0",",0","","","19971124",",,0","19971116","+,,0","19971115",",,0","","","19971101",",,0","19971101",",,0","-12.8",",0,24,","51",",,0,16,+","51",",,0,15,","7.6",",,0,01,","13.3",",0,01,","866.3","0","565.8",",0","19.3",",,,0","76",",,,0","-0.53",",0","2.45",",,,0","-3.50",",,,0"
"USC00470124","1997-12","44.32684","-91.91933","204.2","ALMA DAM 4, WI US","331.9","0","0.0","1,0","5",",0","2",",0","0",",0","6",",0","3",",0","0","1,0","28","1,0","16",",0","0",",0","0",",0","","","19971231",",1,0","19971231","+,,0","19971231","+,,0","","","19971231","+,,0","19971215",",,0","-16.1","1,0,31,","25",",,0,31,+","25",",,0,31,+","2.5",",,0,31,+","7.8",",0,15,","1471.7","0","605.4",",0","9.6",",,,0","85",",,,0","-1.90","1,0","0.84",",,,0","-4.63","1,,,0"
"USC00470124","1998-01","44.32684","-91.91933","204.2","ALMA DAM 4, WI US","0.0","0","0.0",",0","14",",0","7",",0","0",",0","30",",0","8",",0","6",",0","31",",0","21",",0","0",",0","0",",0","","","19980113",",,0","19980127","+,,0","19980115",",,0","","","19980105",",,0","19980103","+,,0","-23.9",",0,13,","330",",,0,27,+","102",",,0,15,","14.5",",,0,05,","8.9",",0,03,+","2212.9","0","741.2",",0","43.7",",,,0","363",",,,0","-5.58",",0","-2.16",",,,0","-8.99",",,,0"
"USC00470124","1998-02","44.32684","-91.91933","204.2","ALMA DAM 4, WI US","0.0","0","0.0","1,0","9",",0","3",",0","1",",0","18",",0","1",",0","0",",0","18",",0","6","1,0","0","1,0","0","1,0","","","19980207","+,,0","19980202",",,0","19980202",",,0","","","19980227",",,0","19980226","+,1,0","-12.2",",0,07,+","356",",,0,02,","178",",,0,02,","33.5",",,0,27,","11.1","1,0,26,+","2689.8","0","476.9","1,0","64.2",",,,0","178",",,,0","0.66","1,0","3.89","1,,,0","-2.58",",,,0"
"USC00470124","1998-03","44.32684","-91.91933","204.2","ALMA DAM 4, WI US","0.0","0","0.0","2,0","15",",0","9",",0","0",",0","20",",0","8",",0","0","1,0","23","1,0","6","1,0","1","1,0","0","1,0","","","19980311",",1,0","19980319",",,0","19980318",",,0","","","19980319",",,0","19980326",",1,0","-15.6","1,0,11,","203",",,0,19,","102",",,0,18,","9.7",",,0,19,","21.1","1,0,26,","3204.6","0","514.8","1,0","62.7",",,,0","303",",,,0","0.69","2,0","4.35","1,,,0","-2.96","1,,,0"
"USC00470124","1998-04","44.32684","-91.91933","204.2","ALMA DAM 4, WI US","0.3","0","0.3",",0","10",",0","2",",0","0",",0","0",",0","0",",0","0",",0","1",",0","0",",0","5",",0","0",",0","","","19980410",",,0","19980430","+,,0","19980430","+,,0","","","19980401",",,0","19980424",",,0","-0.6",",0,10,","0",",,0,30,+","0",",,0,30,+","24.1",",,0,01,","25.6",",0,24,","3416.9","0","212.3",",0","47.3",",,,0","0",",,,0","11.27",",0","16.89",",,,0","5.65",",,,0"
"USC00470124","1998-05","44.32684","-91.91933","204.2","ALMA DAM 4, WI US","39.5","0","39.2","1,0","10",",0","9",",0","1",",0","0",",0","0",",0","0",",0","0",",0","0","1,0","26","1,0","0","1,0","","","19980506",",,0","19980531","+,,0","19980531","+,,0","","","19980508",",,0","19980518",",1,0","7.8",",0,06,","0",",,0,31,+","0",",,0,31,+","43.9",",,0,08,","31.7","1,0,18,","3452.1","0","35.2","1,0","140.5",",,,0","0",",,,0","18.47","1,0","24.66","1,,,0","12.27",",,,0"
"USC00470124","1998-06","44.32684","-91.91933","204.2","ALMA DAM 4, WI US","108.9","0","69.4",",0","16",",0","12",",0","5",",0","0",",0","0",",0","0",",0","0",",0","0",",0","20",",0","0",",0","","","19980604","+,,0","19980630","+,,0","19980630","+,,0","","","19980626",",,0","19980624",",,0","6.1",",0,04,+","0",",,0,30,+","0",",,0,30,+","49.5",",,0,26,","31.1",",0,24,","3501.8","0","49.7",",0","277.3",",,,0","0",",,,0","18.99",",0","23.71",",,,0","14.28",",,,0"
"USC00470124","1998-07","44.32684","-91.91933","204.2","ALMA DAM 4, WI US","251.5","0","142.6",",0","6",",0","5",",0","1",",0","0",",0","0",",0","0",",0","0",",0","0",",0","31",",0","1",",0","","","19980729","+,,0","19980731","+,,0","19980731","+,,0","1","","19980703",",,0","19980713",",,0","13.3",",0,29,+","0",",,0,31,+","0",",,0,31,+","30.5",",,0,03,","33.3",",0,13,","0.0","0","0.0",",0","85.7",",,,0","0",",,,0","22.93",",0","27.99",",,,0","17.88",",,,0"
"USC00470124","1998-08","44.32684","-91.91933","204.2","ALMA DAM 4, WI US","362.2","0","110.7","2,0","13",",0","13",",0","2",",0","0",",0","0",",0","0","1,0","0","1,0","0","1,0","30","1,0","0","1,0","","","19980815",",1,0","19980831","+,,0","19980831","+,,0","1","","19980808",",,0","19980820",",1,0","13.9","1,0,15,","0",",,0,31,+","0",",,0,31,+","72.4",",,0,08,","30.6","1,0,20,","0.0","0","0.0","1,0","239.8",",,,0","0",",,,0","22.20","2,0","26.97","1,,,0","17.43","1,,,0"
"USC00470124","1998-09","44.32684","-91.91933","204.2","ALMA DAM 4, WI US","438.0","0","75.8","1,0","4",",0","3",",0","0",",0","0",",0","0",",0","0",",0","0",",0","0","1,0","26","1,0","0","1,0","","","19980922",",,0","19980930","+,,0","19980930","+,,0","","","19980927",",,0","19980913","+,1,0","6.1",",0,22,","0",",,0,30,+","0",",,0,30,+","18.5",",,0,27,","31.7","1,0,13,+","26.1","0","26.1","1,0","31.7",",,,0","0",",,,0","20.02","1,0","25.81","1,,,0","14.24",",,,0"
"USC00470124","1998-10","44.32684","-91.91933","204.2","ALMA DAM 4, WI US","438.6","0","0.6",",0","11",",0","9",",0","0",",0","0",",0","0",",0","0",",0","0",",0","0",",0","2",",0","0",",0","","","19981022",",,0","19981031","+,,0","19981031","+,,0","","","19981027",",,0","19981026",",,0","0.6",",0,22,","0",",,0,31,+","0",",,0,31,+","19.8",",,0,27,","22.8",",0,26,","228.9","0","202.8",",0","67.2",",,,0","0",",,,0","11.81",",0","16.15",",,,0","7.47",",,,0"
"USC00470124","1998-11","44.32684","-91.91933","204.2","ALMA DAM 4, WI US","438.6","0","0.0",",0","6",",0","3",",0","0",",0","0",",0","0",",0","0",",0","14",",0","1",",0","0",",0","0",",0","","","19981121",",,0","19981130","+,,0","19981130","+,,0","","","19981110",",,0","19981130","+,,0","-5.6",",0,21,","0",",,0,30,+","0",",,0,30,+","17.8",",,0,10,","16.7",",0,30,+","652.4","0","423.5",",0","35.8",",,,0","0",",,,0","4.22",",0","7.84",",,,0","0.60",",,,0"
"USC00470124","1998-12","44.32684","-91.91933","204.2","ALMA DAM 4, WI US","438.6","0","0.0",",0","4",",0","1",",0","0",",0","11",",0","2",",0","2",",0","25",",0","11",",0","0",",0","0",",0","","","19981230",",,0","19981228","+,,0","19981221",",,0","","","19981221",",,0","19981201",",,0","-22.2",",0,30,","102",",,0,28,+","76",",,0,21,","2.5",",,0,21,","17.2",",0,01,","1277.3","0","624.9",",0","3.8",",,,0","114",",,,0","-1.82",",0","2.43",",,,0","-6.08",",,,0"
"USC00470124","1999-01","44.32684","-91.91933","204.2","ALMA DAM 4, WI US","0.0","0","0.0","1,0","14",",0","7",",0","0",",0","31",",0","12",",0","10","1,0","30","1,0","23",",0","0",",0","0",",0","","","19990109",",1,0","19990115",",,0","19990103",",,0","","","19990123",",,0","19990116",",,0","-27.8","1,0,09,","432",",,0,15,","178",",,0,03,","8.9",",,0,23,","5.6",",0,16,","2123.1","0","845.8",",0","38.0",",,,0","557",",,,0","-10.01","1,0","-6.16",",,,0","-13.85","1,,,0"
"USC00470124","1999-02","44.32684","-91.91933","204.2","ALMA DAM 4, WI US","0.0","0","0.0","3,0","4",",0","1",",0","0",",0","22",",0","1",",0","0","2,0","23","2,0","6","1,0","0","1,0","0","1,0","","","19990204",",2,0","19990202","+,,0","19990225",",,0","","","19990225",",,0","19990211",",1,0","-13.3","2,0,04,","356",",,0,02,+","76",",,0,25,","6.4",",,0,25,","12.2","1,0,11,","2608.2","0","485.1","1,0","8.7",",,,0","76",",,,0","-1.33","3,0","2.79","1,,,0","-5.45","2,,,0"
"USC00470124","1999-03","44.32684","-91.91933","204.2","ALMA DAM 4, WI US","0.0","0","0.0",",0","4",",0","3",",0","0",",0","8",",0","2",",0","0",",0","25",",0","5",",0","1",",0","0",",0","","","19990307",",,0","19990310",",,0","19990309",",,0","","","19990309",",,0","19990330",",,0","-10.0",",0,07,","330",",,0,10,","305",",,0,09,","17.0",",,0,09,","21.1",",0,30,","3110.9","0","502.7",",0","26.1",",,,0","330",",,,0","2.12",",0","7.25",",,,0","-3.01",",,,0"
"USC00470124","1999-04","44.32684","-91.91933","204.2","ALMA DAM 4, WI US","0.0","0","0.0","2,0","15",",0","8",",0","4",",0","0",",0","0",",0","0","2,0","3","2,0","0",",0","3",",0","0",",0","","","19990411",",2,0","19990430","+,,0","19990430","+,,0","","","19990409",",,0","19990430",",,0","-1.7","2,0,11,","0",",,0,30,+","0",",,0,30,+","47.0",",,0,09,","23.9",",0,30,","3353.2","0","242.3",",0","207.1",",,,0","0",",,,0","9.72","2,0","15.45",",,,0","4.00","2,,,0"
"USC00470124","1999-05","44.32684","-91.91933","204.2","ALMA DAM 4, WI US","16.5","0","16.5","2,0","14",",0","9",",0","1",",0","0",",0","0",",0","0",",0","0",",0","0","2,0","17","2,0","0","2,0","","","19990509",",,0","19990531","+,,0","19990531","+,,0","","","19990517",",,0","19990530","+,2,0","3.9",",0,09,","0",",,0,31,+","0",",,0,31,+","63.5",",,0,17,","28.3","2,0,30,+","3432.9","0","79.7","2,0","167.5",",,,0","0",",,,0","16.24","2,0","21.22","2,,,0","11.26",",,,0"
"USC00470124","1999-06","44.32684","-91.91933","204.2","ALMA DAM 4, WI US","88.5","0","72.0","1,0","13",",0","12",",0","2",",0","0",",0","0",",0","0","1,0","0","1,0","0",",0","25",",0","1",",0","","","19990601",",1,0","19990630","+,,0","19990630","+,,0","","","19990606",",,0","19990625",",,0","7.8","1,0,01,","0",",,0,30,+","0",",,0,30,+","30.5",",,0,06,","32.2",",0,25,","3468.1","0","35.2",",0","163.2",",,,0","0",",,,0","19.59","1,0","24.94",",,,0","14.23","1,,,0"
"USC00470124","1999-07","44.32684","-91.91933","204.2","ALMA DAM 4, WI US","238.9","0","150.4","3,0","16",",0","14",",0","4",",0","0",",0","0",",0","0","1,0","0","1,0","0","3,0","28","3,0","3","3,0","","","19990710",",1,0","19990731","+,,0","19990731","+,,0","","","19990716",",,0","19990730",",3,0","11.7","1,0,10,","0",",,0,31,+","0",",,0,31,+","47.0",",,0,16,","35.6","3,0,30,","0.0","0","0.0","3,0","263.5",",,,0","0",",,,0","23.71","3,0","29.11","3,,,0","18.30","1,,,0"
"USC00470124","1999-08","44.32684","-91.91933","204.2","ALMA DAM 4, WI US","298.5","0","59.6",",0","11",",0","9",",0","2",",0","0",",0","0",",0","0",",0","0",",0","0",",0","30",",0","0",",0","","","19990801",",,0","19990831","+,,0","19990831","+,,0","","","19990824",",,0","19990828","+,,0","8.9",",0,01,","0",",,0,31,+","0",",,0,31,+","27.9",",,0,24,","29.4",",0,28,+","6.9","0","6.9",",0","124.5",",,,0","0",",,,0","20.03",",0","25.03",",,,0","15.03",",,,0"
"USC00470124","1999-09","44.32684","-91.91933","204.2","ALMA DAM 4, WI US","332.1","0","33.6","2,0","5",",0","4",",0","1",",0","0",",0","0",",0","0","1,0","0","1,0","0","1,0","16","1,0","0","1,0","","","19990930",",1,0","19990930","+,,0","19990930","+,,0","","","19990905",",,0","19990903","+,1,0","5.0","1,0,30,","0",",,0,30,+","0",",,0,30,+","25.4",",,0,05,","31.1","1,0,03,+","95.5","0","88.6","1,0","59.2",",,,0","0",",,,0","16.39","2,0","21.58","1,,,0","11.20","1,,,0"
"USC00470124","1999-10","44.32684","-91.91933","204.2","ALMA DAM 4, WI US","332.1","0","0.0","2,0","8",",0","7",",0","0",",0","0",",0","0",",0","0","2,0","7","2,0","0",",0","2",",0","0",",0","","","19991023",",2,0","19991031","+,,0","19991031","+,,0","","","19991002",",,0","19991009",",,0","-5.0","2,0,23,","0",",,0,31,+","0",",,0,31,+","20.3",",,0,02,","23.3",",0,09,","359.4","0","263.9",",0","64.6",",,,0","0",",,,0","9.24","2,0","15.54",",,,0","2.94","2,,,0"
"USC00470124","1999-11","44.32684","-91.91933","204.2","ALMA DAM 4, WI US","332.1","0","0.0","1,0","3",",0","3",",0","0",",0","0",",0","0",",0","0",",0","17",",0","0","1,0","1","1,0","0","1,0","","","19991106",",,0","19991130","+,,0","19991130","+,,0","","","19991123",",,0","19991108",",1,0","-7.8",",0,06,","0",",,0,30,+","0",",,0,30,+","24.1",",,0,23,","22.8","1,0,08,","750.7","0","391.3","1,0","45.7",",,,0","0",",,,0","4.90","1,0","9.74","1,,,0","0.05",",,,0"
"USC00470124","1999-12","44.32684","-91.91933","204.2","ALMA DAM 4, WI US","332.1","0","0.0","1,0","3",",0","2",",0","0",",0","12",",0","3",",0","5",",0","27",",0","10","1,0","0","1,0","0","1,0","","","19991220",",,0","19991228","+,,0","19991220",",,0","","","19991220",",,0","19991208",",1,0","-23.3",",0,20,","102",",,0,28,+","61",",,0,20,","4.6",",,0,20,","10.6","1,0,08,","1397.3","0","646.6","1,0","9.1",",,,0","111",",,,0","-3.30","1,0","1.20","1,,,0","-7.81",",,,0"
"USC00470124","2000-01","44.32684","-91.91933","204.2","ALMA DAM 4, WI US","0.0","0","0.0","1,0","8",",0","5",",0","0",",0","30",",0","4",",0","8",",0","31",",0","23","1,0","0","1,0","0","1,0","","","20000121",",,0","20000120",",,0","20000113",",,0","","","20000103",",,0","20000108",",1,0","-26.7",",0,21,","305",",,0,20,","152",",,0,13,","9.9",",,0,03,","8.3","1,0,08,","2193.1","0","795.8","1,0","41.7",",,,0","444",",,,0","-8.31","1,0","-3.56","1,,,0","-13.06",",,,0"
"USC00470124","2000-02","44.32684","-91.91933","204.2","ALMA DAM 4, WI US","0.0","0","0.0","1,0","7",",0","3",",0","0",",0","22","2,0","0","1,0","0",",0","23",",0","12","1,0","0","1,0","0","1,0","","","20000211",",,0","20000220","+,2,0","20000218",",1,0","","","20000226",",,0","20000226",",1,0","-16.1",",0,11,","203","2,,0,20,+","13","1,,0,18,","4.6",",,0,26,","16.7","1,0,26,","2744.7","0","551.6","1,0","13.6",",,,0","24","1,,,0","-1.39","1,0","3.24","1,,,0","-6.02",",,,0"
"USC00470124","2000-03","44.32684","-91.91933","204.2","ALMA DAM 4, WI US","0.0","0","0.0","1,0","8",",0","3",",0","0",",0","1",",0","1",",0","0",",0","16",",0","1","1,0","1","1,0","0","1,0","","","20000311",",,0","20000313",",,0","20000313",",,0","","","20000325",",,0","20000307",",1,0","-10.0",",0,11,","25",",,0,13,","25",",,0,13,","5.3",",,0,25,","23.3","1,0,07,","3138.3","0","393.6","1,0","18.0",",,,0","25",",,,0","5.14","1,0","10.52","1,,,0","-0.23",",,,0"
"USC00470124","2000-04","44.32684","-91.91933","204.2","ALMA DAM 4, WI US","0.0","0","0.0",",0","8",",0","4",",0","0",",0","0",",0","0",",0","0",",0","13",",0","0",",0","8",",0","0",",0","","","20000405","+,,0","20000430","+,,0","20000430","+,,0","","","20000421",",,0","20000414",",,0","-4.4",",0,05,+","0",",,0,30,+","0",",,0,30,+","21.6",",,0,21,","24.4",",0,14,","3442.9","0","304.6",",0","47.2",",,,0","0",",,,0","8.18",",0","14.92",",,,0","1.44",",,,0"
"USC00470124","2000-05","44.32684","-91.91933","204.2","ALMA DAM 4, WI US","22.5","0","22.5",",0","14",",0","13",",0","1",",0","0",",0","0",",0","0",",0","0",",0","0",",0","12",",0","0",",0","","","20000519","+,,0","20000531","+,,0","20000531","+,,0","","","20000518",",,0","20000505",",,0","1.7",",0,19,+","0",",,0,31,+","0",",,0,31,+","43.2",",,0,18,","30.0",",0,05,","3559.8","0","116.9",",0","123.6",",,,0","0",",,,0","15.29",",0","20.30",",,,0","10.27",",,,0"
"USC00470124","2000-06","44.32684","-91.91933","204.2","ALMA DAM 4, WI US","78.0","0","55.5","1,0","15",",0","12",",0","5",",0","0",",0","0",",0","0",",0","0",",0","0","1,0","25","1,0","2","1,0","","","20000617",",,0","20000630","+,,0","20000630","+,,0","","","20000602",",,0","20000609","+,1,0","2.2",",0,17,","0",",,0,30,+","0",",,0,30,+","47.0",",,0,02,","32.2","1,0,09,+","3592.6","0","32.8","1,0","259.9",",,,0","0",",,,0","19.08","1,0","24.53","1,,,0","13.63",",,,0"
"USC00470124","2000-07","44.32684","-91.91933","204.2","ALMA DAM 4, WI US","186.4","0","108.4",",0","12",",0","6",",0","2",",0","0",",0","0",",0","0",",0","0",",0","0",",0","30",",0","0",",0","","","20000721","+,,0","20000731","+,,0","20000731","+,,0","","","20000709",",,0","20000708",",,0","11.1",",0,21,+","0",",,0,31,+","0",",,0,31,+","49.8",",,0,09,","31.1",",0,08,","8.0","0","8.0",",0","109.7",",,,0","0",",,,0","21.57",",0","26.29",",,,0","16.85",",,,0"
"USC00470124","2000-08","44.32684","-91.91933","204.2","ALMA DAM 4, WI US","284.9","0","98.5","1,0","9",",0","7",",0","2",",0","0",",0","0",",0","0",",0","0",",0","0","1,0","29","1,0","0","1,0","","","20000816",",,0","20000831","+,,0","20000831","+,,0","","","20000826",",,0","20000831","+,1,0","11.7",",0,16,","0",",,0,31,+","0",",,0,31,+","49.3",",,0,26,","31.7","1,0,31,+","15.3","0","7.3","1,0","127.7",",,,0","0",",,,0","21.37","1,0","25.95","1,,,0","16.79",",,,0"
"USC00470124","2000-09","44.32684","-91.91933","204.2","ALMA DAM 4, WI US","309.7","0","24.8",",0","7",",0","4",",0","0",",0","0",",0","0",",0","0",",0","1",",0","0",",0","18",",0","0",",0","","","20000921",",,0","20000930","+,,0","20000930","+,,0","","","20000902",",,0","20000918",",,0","0.0",",0,21,","0",",,0,30,+","0",",,0,30,+","17.3",",,0,02,","30.6",",0,18,","124.2","0","108.9",",0","43.5",",,,0","0",",,,0","15.53",",0","21.39",",,,0","9.67",",,,0"
"USC00470124","2000-10","44.32684","-91.91933","204.2","ALMA DAM 4, WI US","313.3","0","3.6","1,0","10",",0","5",",0","0",",0","0",",0","0",",0","0",",0","4",",0","0","1,0","9","1,0","0","1,0","","","20001009","+,,0","20001031","+,,0","20001031","+,,0","","","20001023",",,0","20001019",",1,0","-1.7",",0,09,+","0",",,0,31,+","0",",,0,31,+","13.7",",,0,23,","27.2","1,0,19,","299.4","0","175.2","1,0","37.1",",,,0","0",",,,0","12.70","1,0","17.64","1,,,0","7.75",",,,0"
"USC00470124","2000-11","44.32684","-91.91933","204.2","ALMA DAM 4, WI US","313.9","0","0.6","1,0","12",",0","8",",0","1",",0","11",",0","2",",0","0",",0","21",",0","6","1,0","1","1,0","0","1,0","","","20001121",",,0","20001125","+,,0","20001120","+,,0","","","20001107",",,0","20001101",",1,0","-14.4",",0,21,","51",",,0,25,+","25",",,0,20,+","27.9",",,0,07,","22.2","1,0,01,","803.4","0","504.0","1,0","79.2",",,,0","50",",,,0","1.13","1,0","4.00","1,,,0","-1.74",",,,0"
"USC00470124","2000-12","44.32684","-91.91933","204.2","ALMA DAM 4, WI US","313.9","0","0.0","1,0","13",",0","7",",0","0",",0","26",",0","10","1,0","16",",0","31",",0","28","1,0","0","1,0","0","1,0","","","20001225",",,0","20001231","+,,0","20001229",",1,0","","","20001219",",,0","20001204","+,1,0","-33.3",",0,25,","584",",,0,31,+","178","1,,0,29,","8.9",",,0,19,","1.7","1,0,04,+","1730.6","0","927.2","1,0","38.9",",,,0","618","1,,,0","-12.59","1,0","-8.46","1,,,0","-16.72",",,,0"
"USC00470124","2001-01","44.32684","-91.91933","204.2","ALMA DAM 4, WI US","0.0","0","0.0","1,0","7",",0","3",",0","0",",0","31",",0","3",",0","2",",0","31",",0","17","1,0","0","1,0","0","1,0","","","20010120",",,0","20010101",",,0","20010127",",,0","","","20010130",",,0","20010110",",1,0","-20.0",",0,20,","610",",,0,01,","51",",,0,27,","17.5",",,0,30,","5.6","1,0,10,","2441.4","0","710.8","1,0","32.4",",,,0","114",",,,0","-5.27","1,0","-1.00","1,,,0","-9.54",",,,0"
"USC00470124","2001-02","44.32684","-91.91933","204.2","ALMA DAM 4, WI US","0.0","0","0.0",",0","7",",0","3",",0","0",",0","28",",0","4",",0","10",",0","28",",0","25",",0","0",",0","0",",0","","","20010202",",,0","20010223","+,,0","20010208",",,0","","","20010225",",,0","20010225","+,,0","-24.4",",0,02,","381",",,0,23,+","76",",,0,08,","8.1",",,0,25,","2.8",",0,25,+","3203.5","0","762.1",",0","26.2",",,,0","195",",,,0","-8.89",",0","-4.22",",,,0","-13.55",",,,0"
"USC00470124","2001-03","44.32684","-91.91933","204.2","ALMA DAM 4, WI US","0.0","0","0.0",",0","4",",0","2",",0","0",",0","21",",0","2",",0","0",",0","29",",0","7",",0","0",",0","0",",0","","","20010325",",,0","20010314","+,,0","20010312",",,0","","","20010312",",,0","20010320",",,0","-12.2",",0,25,","330",",,0,14,+","127",",,0,12,","10.2",",,0,12,","8.3",",0,20,","3812.1","0","608.6",",0","19.1",",,,0","155",",,,0","-1.30",",0","2.94",",,,0","-5.53",",,,0"
"USC00470124","2001-04","44.32684","-91.91933","204.2","ALMA DAM 4, WI US","1.7","0","1.7","1,0","16",",0","10",",0","1",",0","0",",0","0",",0","0",",0","6",",0","0","1,0","3","1,0","0","1,0","","","20010401",",,0","20010430","+,,0","20010430","+,,0","","","20010412",",,0","20010429",",1,0","-3.9",",0,01,","0",",,0,30,+","0",",,0,30,+","55.9",",,0,12,","25.0","1,0,29,","4067.7","0","255.6","1,0","132.4",",,,0","0",",,,0","9.76","1,0","14.78","1,,,0","4.75",",,,0"
"USC00470124","2001-05","44.32684","-91.91933","204.2","ALMA DAM 4, WI US","21.5","0","19.8","2,0","16",",0","12",",0","0",",0","0",",0","0",",0","0","1,0","0","1,0","0","1,0","13","1,0","1","1,0","","","20010523",",1,0","20010531","+,,0","20010531","+,,0","","","20010525",",,0","20010515",",1,0","3.9","1,0,23,","0",",,0,31,+","0",",,0,31,+","20.6",",,0,25,","32.2","1,0,15,","4171.4","0","103.7","1,0","131.0",",,,0","0",",,,0","15.58","2,0","20.68","1,,,0","10.47","1,,,0"
"USC00470124","2001-06","44.32684","-91.91933","204.2","ALMA DAM 4, WI US","107.0","0","85.5","1,0","15",",0","10",",0","3",",0","0",",0","0",",0","0",",0","0",",0","0","1,0","23","1,0","0","1,0","","","20010604","+,,0","20010630","+,,0","20010630","+,,0","","","20010618","+,,0","20010626","+,1,0","7.8",",0,04,+","0",",,0,30,+","0",",,0,30,+","29.2",",,0,18,+","31.7","1,0,26,+","4209.9","0","38.5","1,0","162.0",",,,0","0",",,,0","19.97","1,0","25.28","1,,,0","14.66",",,,0"
"USC00470124","2001-07","44.32684","-91.91933","204.2","ALMA DAM 4, WI US","264.6","0","157.6",",0","7",",0","7",",0","1",",0","0",",0","0",",0","0",",0","0",",0","0",",0","31",",0","5",",0","","","20010702",",,0","20010731","+,,0","20010731","+,,0","","","20010724",",,0","20010731",",,0","11.1",",0,02,","0",",,0,31,+","0",",,0,31,+","36.3",",,0,24,","36.1",",0,31,","0.0","0","0.0",",0","119.1",",,,0","0",",,,0","23.42",",0","29.28",",,,0","17.56",",,,0"
"USC00470124","2001-08","44.32684","-91.91933","204.2","ALMA DAM 4, WI US","417.7","0","153.1",",0","9",",0","8",",0","2",",0","0",",0","0",",0","0",",0","0",",0","0",",0","31",",0","5",",0","","","20010831","+,,0","20010831","+,,0","20010831","+,,0","","","20010822",",,0","20010807",",,0","12.8",",0,31,+","0",",,0,31,+","0",",,0,31,+","26.7",",,0,22,","38.3",",0,07,","0.3","0","0.3",",0","107.2",",,,0","0",",,,0","23.26",",0","28.43",",,,0","18.10",",,,0"
"USC00470124","2001-09","44.32684","-91.91933","204.2","ALMA DAM 4, WI US","442.3","0","24.6",",0","9",",0","7",",0","1",",0","0",",0","0",",0","0",",0","0",",0","0",",0","13",",0","0",",0","","","20010925",",,0","20010930","+,,0","20010930","+,,0","","","20010923",",,0","20010902",",,0","1.7",",0,25,","0",",,0,30,+","0",",,0,30,+","27.9",",,0,23,","27.8",",0,02,","93.0","0","92.7",",0","87.0",",,,0","0",",,,0","16.06",",0","20.63",",,,0","11.49",",,,0"
"USC00470124","2001-10","44.32684","-91.91933","204.2","ALMA DAM 4, WI US","442.3","0","0.0","2,0","9",",0","2",",0","0",",0","0",",0","0",",0","0","1,0","2","1,0","0","1,0","2","1,0","0","1,0","","","20011007",",1,0","20011031","+,,0","20011031","+,,0","","","20011010",",,0","20011002",",1,0","-1.7","1,0,07,","0",",,0,31,+","0",",,0,31,+","21.8",",,0,10,","27.8","1,0,02,","347.4","0","254.4","1,0","49.5",",,,0","0",",,,0","9.72","2,0","14.02","1,,,0","5.43","1,,,0"
"USC00470124","2001-11","44.32684","-91.91933","204.2","ALMA DAM 4, WI US","442.3","0","0.0","1,0","6",",0","5",",0","0",",0","0",",0","0",",0","0",",0","4",",0","0","1,0","1","1,0","0","1,0","","","20011120",",,0","20011130","+,,0","20011130","+,,0","","","20011124",",,0","20011107",",1,0","-2.8",",0,20,","0",",,0,30,+","0",",,0,30,+","22.9",",,0,24,","22.2","1,0,07,","614.9","0","267.5","1,0","53.2",",,,0","0",",,,0","9.05","1,0","13.81","1,,,0","4.28",",,,0"
"USC00470124","2001-12","44.32684","-91.91933","204.2","ALMA DAM 4, WI US","442.3","0","0.0","1,0","7",",0","2",",0","0",",0","0",",0","0",",0","0",",0","25",",0","8","1,0","0","1,0","0","1,0","","","20011231",",,0","20011228","+,,0","20011228","+,,0","","","20011206",",,0","20011205",",1,0","-17.2",",0,31,","0",",T,0,28,+","0",",T,0,28,+","17.8",",,0,06,","16.1","1,0,05,","1198.4","0","583.5","1,0","27.7",",,,0","0",",T,,0","-1.13","1,0","2.43","1,,,0","-4.69",",,,0"
"USC00470124","2002-01","44.32684","-91.91933","204.2","ALMA DAM 4, WI US","0.0","0","0.0",",0","3",",0","2",",0","0",",0","17","2,0","0","1,0","0",",0","30",",0","13",",0","0",",0","0",",0","","","20020118","+,,0","20020121","+,2,0","20020114",",1,0","","","20020115",",,0","20020127","+,,0","-17.2",",0,18,+","152","2,,0,21,+","5","1,,0,14,","4.1",",,0,15,","10.6",",0,27,+","1849.1","0","650.7",",0","8.4",",,,0","5","1,,,0","-2.66",",0","1.30",",,,0","-6.61",",,,0"
"USC00470124","2002-02","44.32684","-91.91933","204.2","ALMA DAM 4, WI US","0.0","0","0.0",",0","6",",0","5",",0","0",",0","9",",0","1",",0","0",",0","21",",0","7",",0","0",",0","0",",0","","","20020204",",,0","20020201",",,0","20020201",",,0","","","20020220",",,0","20020208",",,0","-16.7",",0,04,","152",",,0,01,","152",",,0,01,","15.2",",,0,20,","10.6",",0,08,","2384.9","0","535.8",",0","40.1",",,,0","185",",,,0","-0.80",",0","3.14",",,,0","-4.75",",,,0"
"USC00470124","2002-03","44.32684","-91.91933","204.2","ALMA DAM 4, WI US","0.0","0","0.0",",0","11",",0","4",",0","0",",0","10",",0","3",",0","2",",0","27",",0","12",",0","0",",0","0",",0","","","20020304",",,0","20020307","+,,0","20020306","+,,0","","","20020309",",,0","20020329",",,0","-19.4",",0,04,","76",",,0,07,+","51",",,0,06,+","15.0",",,0,09,","12.2",",0,29,","3027.3","0","642.4",",0","42.3",",,,0","127",",,,0","-2.39",",0","1.95",",,,0","-6.73",",,,0"
"USC00470124","2002-04","44.32684","-91.91933","204.2","ALMA DAM 4, WI US","9.4","0","9.4",",0","13",",0","9",",0","1",",0","6",",0","2",",0","0",",0","11",",0","0",",0","6",",0","0",",0","","","20020403",",,0","20020403","+,,0","20020422",",,0","","","20020412",",,0","20020415",",,0","-5.0",",0,03,","102",",,0,03,+","127",",,0,22,","38.1",",,0,12,","30.6",",0,15,","3335.9","0","308.6",",0","115.8",",,,0","229",",,,0","8.36",",0","13.89",",,,0","2.84",",,,0"
"USC00470124","2002-05","44.32684","-91.91933","204.2","ALMA DAM 4, WI US","19.6","0","10.2","1,0","10",",0","7",",0","1",",0","0",",0","0",",0","0",",0","1",",0","0","1,0","10","1,0","0","1,0","","","20020503",",,0","20020531","+,,0","20020531","+,,0","","","20020509",",,0","20020530",",1,0","0.0",",0,03,","0",",,0,31,+","0",",,0,31,+","29.5",",,0,09,","29.4","1,0,30,","3513.9","0","178.0","1,0","89.1",",,,0","0",",,,0","12.90","1,0","18.43","1,,,0","7.36",",,,0"
"USC00470124","2002-06","44.32684","-91.91933","204.2","ALMA DAM 4, WI US","127.3","0","107.7",",0","14",",0","11",",0","3",",0","0",",0","0",",0","0",",0","0",",0","0",",0","28",",0","1",",0","","","20020603",",,0","20020630","+,,0","20020630","+,,0","","","20020603",",,0","20020630",",,0","8.9",",0,03,","0",",,0,30,+","0",",,0,30,+","69.9",",,0,03,","33.3",",0,30,","3530.0","0","16.1",",0","234.5",",,,0","0",",,,0","21.39",",0","26.35",",,,0","16.42",",,,0"
"USC00470124","2002-07","44.32684","-91.91933","204.2","ALMA DAM 4, WI US","300.4","0","173.1",",0","9",",0","7",",0","0",",0","0",",0","0",",0","0",",0","0",",0","0",",0","31",",0","3",",0","","","20020704",",,0","20020731","+,,0","20020731","+,,0","","","20020722",",,0","20020728","+,,0","12.8",",0,04,","0",",,0,31,+","0",",,0,31,+","20.8",",,0,22,","33.9",",0,28,+","0.0","0","0.0",",0","50.8",",,,0","0",",,,0","23.92",",0","28.66",",,,0","19.18",",,,0"
"USC00470124","2002-08","44.32684","-91.91933","204.2","ALMA DAM 4, WI US","404.1","0","103.7","1,0","8",",0","4",",0","2",",0","0",",0","0",",0","0",",0","0",",0","0","1,0","30","1,0","0","1,0","","","20020818",",,0","20020831","+,,0","20020831","+,,0","","","20020822",",,0","20020811",",1,0","10.0",",0,18,","0",",,0,31,+","0",",,0,31,+","44.7",",,0,22,","31.7","1,0,11,","2.5","0","2.5","1,0","108.7",",,,0","0",",,,0","21.68","1,0","26.49","1,,,0","16.88",",,,0"
"USC00470124","2002-09","44.32684","-91.91933","204.2","ALMA DAM 4, WI US","475.2","0","71.1",",0","13",",0","10",",0","0",",0","0",",0","0",",0","0",",0","0",",0","0",",0","18",",0","3",",0","","","20020924",",,0","20020930","+,,0","20020930","+,,0","","","20020902",",,0","20020909","+,,0","3.3",",0,24,","0",",,0,30,+","0",",,0,30,+","19.1",",,0,02,","32.2",",0,09,+","66.9","0","64.4",",0","93.2",",,,0","0",",,,0","18.56",",0","23.54",",,,0","13.57",",,,0"
"USC00470124","2002-10","44.32684","-91.91933","204.2","ALMA DAM 4, WI US","478.0","0","2.8",",0","14",",0","11",",0","1",",0","0",",0","0",",0","0",",0","8",",0","0",",0","4",",0","0",",0","","","20021031","+,,0","20021031","+,,0","20021031","+,,0","","","20021004",",,0","20021001",",,0","-2.8",",0,31,+","0",",,0,31,+","0",",,0,31,+","29.2",",,0,04,","28.3",",0,01,","408.5","0","341.6",",0","94.6",",,,0","0",",,,0","7.40",",0","11.49",",,,0","3.32",",,,0"
"USC00470124","2002-11","44.32684","-91.91933","204.2","ALMA DAM 4, WI US","478.0","0","0.0","2,0","4",",0","1",",0","0",",0","0",",0","0",",0","0","1,0","25","1,0","4","1,0","0","1,0","0","1,0","","","20021126",",1,0","20021130","+,,0","20021130","+,,0","","","20021121",",,0","20021107",",1,0","-10.0","1,0,26,","0",",T,0,30,+","0",",T,0,30,+","2.5",",,0,21,","18.3","1,0,07,","875.1","0","466.6","1,0","5.1",",,,0","0",",T,,0","1.50","2,0","5.79","1,,,0","-2.79","1,,,0"
"USC00470124","2002-12","44.32684","-91.91933","204.2","ALMA DAM 4, WI US","478.0","0","0.0",",0","5",",0","2",",0","0",",0","1",",0","0",",0","0",",0","30",",0","11",",0","0",",0","0",",0","","","20021205",",,0","20021202",",,0","20021202",",,0","","","20021218",",,0","20021216","+,,0","-15.6",",0,05,","25",",,0,02,","13",",,0,02,","7.9",",,0,18,","8.3",",0,16,+","1504.0","0","628.9",",0","14.3",",,,0","13",",,,0","-1.95",",0","2.34",",,,0","-6.25",",,,0"
"USC00470124","2003-01","44.32684","-91.91933","204.2","ALMA DAM 4, WI US","0.0","0","0.0",",0","5",",0","0",",0","0",",0","3",",0","2",",0","9",",0","31",",0","24",",0","0",",0","0",",0","","","20030123",",,0","20030131",",,0","20030131","+,,0","","","20030131","+,,0","20030108","+,,0","-23.3",",0,23,","76",",,0,31,","51",",,0,31,+","1.3",",,0,31,+","10.0",",0,08,+","2332.8","0","828.8",",0","4.1",",,,0","102",",,,0","-8.40",",0","-4.05",",,,0","-12.75",",,,0"
"USC00470124","2003-02","44.32684","-91.91933","204.2","ALMA DAM 4, WI US","0.0","0","0.0",",0","7",",0","2",",0","0",",0","19","2,0","4","1,0","6",",0","28",",0","17",",0","0",",0","0",",0","","","20030207",",,0","20030212","+,2,0","20030210",",1,0","","","20030203",",,0","20030220",",,0","-24.4",",0,07,","152","2,,0,12,+","76","1,,0,10,","8.9",",,0,03,","11.7",",0,20,","3060.6","0","727.8",",0","18.5",",,,0","151","1,,,0","-7.66",",0","-2.14",",,,0","-13.18",",,,0"
"USC00470124","2003-03","44.32684","-91.91933","204.2","ALMA DAM 4, WI US","0.0","0","0.0","1,0","11",",0","3",",0","1",",0","11",",0","3","1,0","3",",0","20",",0","8","1,0","0","1,0","0","1,0","","","20030309",",,0","20030309",",,0","20030309",",1,0","","","20030328",",,0","20030323",",1,0","-21.1",",0,09,","152",",,0,09,","102","1,,0,09,","30.2",",,0,28,","19.4","1,0,23,","3597.3","0","536.7","1,0","49.1",",,,0","152","1,,,0","0.57","1,0","5.70","1,,,0","-4.55",",,,0"
"USC00470124","2003-04","44.32684","-91.91933","204.2","ALMA DAM 4, WI US","8.3","0","8.3","3,0","10",",0","6",",0","0",",0","1",",0","1",",0","0","2,0","7","2,0","1","1,0","4","1,0","0","1,0","","","20030405",",2,0","20030405",",,0","20030405",",,0","","","20030417",",,0","20030414",",1,0","-7.8","2,0,05,","51",",,0,05,","51",",,0,05,","21.6",",,0,17,","30.6","1,0,14,","3860.6","0","263.3","1,0","64.1",",,,0","51",",,,0","8.77","3,0","14.49","1,,,0","3.05","2,,,0"
"USC00470124","2003-05","44.32684","-91.91933","204.2","ALMA DAM 4, WI US","12.5","0","4.2",",0","15",",0","10",",0","2",",0","0",",0","0",",0","0",",0","0",",0","0",",0","14",",0","0",",0","","","20030521",",,0","20030531","+,,0","20030531","+,,0","","","20030511",",,0","20030529","+,,0","4.4",",0,21,","0",",,0,31,+","0",",,0,31,+","54.4",",,0,11,","25.6",",0,29,+","3980.5","0","119.9",",0","154.9",",,,0","0",",,,0","14.60",",0","20.05",",,,0","9.15",",,,0"
"USC00470124","2003-06","44.32684","-91.91933","204.2","ALMA DAM 4, WI US","66.9","0","54.4","1,0","11",",0","8",",0","0",",0","0",",0","0",",0","0",",0","0",",0","0","1,0","26","1,0","0","1,0","","","20030601",",,0","20030630","+,,0","20030630","+,,0","","","20030608",",,0","20030624",",1,0","7.2",",0,01,","0",",,0,30,+","0",",,0,30,+","13.7",",,0,08,","31.7","1,0,24,","3994.1","0","13.6","1,0","72.4",",,,0","0",",,,0","19.85","1,0","25.28","1,,,0","14.41",",,,0"
"USC00470124","2003-07","44.32684","-91.91933","204.2","ALMA DAM 4, WI US","194.4","0","127.5",",0","10",",0","7",",0","0",",0","0",",0","0",",0","0",",0","0",",0","0",",0","30",",0","0",",0","","","20030723",",,0","20030731","+,,0","20030731","+,,0","","","20030703",",,0","20030730","+,,0","12.2",",0,23,","0",",,0,31,+","0",",,0,31,+","19.1",",,0,03,","31.1",",0,30,+","0.8","0","0.8",",0","58.3",",,,0","0",",,,0","22.42",",0","27.62",",,,0","17.22",",,,0"
"USC00470124","2003-08","44.32684","-91.91933","204.2","ALMA DAM 4, WI US","353.4","0","159.0","1,0","7",",0","3",",0","0",",0","0",",0","0",",0","0",",0","0",",0","0","1,0","30","1,0","4","1,0","","","20030831","+,,0","20030831","+,,0","20030831","+,,0","","","20030801",",,0","20030824",",1,0","11.1",",0,31,+","0",",,0,31,+","0",",,0,31,+","8.9",",,0,01,","33.9","1,0,24,","3.3","0","2.5","1,0","18.1",",,,0","0",",,,0","23.52","1,0","29.02","1,,,0","18.02",",,,0"
"USC00470124","2003-09","44.32684","-91.91933","204.2","ALMA DAM 4, WI US","405.4","0","52.0","1,0","7",",0","5",",0","1",",0","0",",0","0",",0","0",",0","0",",0","0","1,0","19","1,0","0","1,0","","","20030930","+,,0","20030930","+,,0","20030930","+,,0","","","20030919",",,0","20030907","+,1,0","1.1",",0,30,+","0",",,0,30,+","0",",,0,30,+","46.7",",,0,19,","31.7","1,0,07,+","81.1","0","77.8","1,0","72.5",",,,0","0",",,,0","17.41","1,0","22.88","1,,,0","11.95",",,,0"
"USC00470124","2003-10","44.32684","-91.91933","204.2","ALMA DAM 4, WI US","411.5","0","6.1",",0","5",",0","4",",0","0",",0","0",",0","0",",0","0",",0","3",",0","0",",0","8",",0","0",",0","","","20031002",",,0","20031031","+,,0","20031031","+,,0","","","20031012",",,0","20031007",",,0","-2.8",",0,02,","0",",,0,31,+","0",",,0,31,+","13.7",",,0,12,","27.8",",0,07,","323.8","0","242.7",",0","23.6",",,,0","0",",,,0","10.70",",0","15.69",",,,0","5.71",",,,0"
"USC00470124","2003-11","44.32684","-91.91933","204.2","ALMA DAM 4, WI US","411.5","0","0.0","2,0","5",",0","4",",0","0",",0","0",",0","0",",0","0","1,0","19","1,0","2","1,0","0","1,0","0","1,0","","","20031108",",1,0","20031128","+,,0","20031128","+,,0","","","20031104",",,0","20031120",",1,0","-12.2","1,0,08,","0",",T,0,28,+","0",",T,0,28,+","14.7",",,0,04,","16.1","1,0,20,","793.6","0","469.8","1,0","31.0",",,,0","0",",T,,0","1.70","2,0","5.77","1,,,0","-2.37","1,,,0"
"USC00470124","2003-12","44.32684","-91.91933","204.2","ALMA DAM 4, WI US","411.5","0","0.0","1,0","9",",0","3",",0","0",",0","19",",0","4",",0","1","1,0","27","1,0","13",",0","0",",0","0",",0","","","20031212",",1,0","20031221","+,,0","20031216",",,0","","","20031210",",,0","20031230","+,,0","-21.1","1,0,12,","127",",,0,21,+","64",",,0,16,","8.4",",,0,10,","8.9",",0,30,+","1419.1","0","625.5",",0","22.1",",,,0","186",",,,0","-2.56","1,0","1.79",",,,0","-6.90","1,,,0"
"USC00470124","2004-01","44.32684","-91.91933","204.2","ALMA DAM 4, WI US","0.0","0","0.0",",0","4",",0","1",",0","0",",0","8",",0","1","1,0","12",",0","31",",0","23",",0","0",",0","0",",0","","","20040130",",,0","20040128","+,,0","20040127",",1,0","","","20040127",",,0","20040102",",,0","-28.3",",0,30,","178",",,0,28,+","127","1,,0,27,","6.6",",,0,27,","3.3",",0,02,","2294.3","0","875.2",",0","8.9",",,,0","140","1,,,0","-9.90",",0","-5.54",",,,0","-14.26",",,,0"
"USC00470124","2004-02","44.32684","-91.91933","204.2","ALMA DAM 4, WI US","0.0","0","0.0",",0","8",",0","6",",0","0",",0","29",",0","6",",0","3",",0","27",",0","16",",0","0",",0","0",",0","","","20040201",",,0","20040213","+,,0","20040202",",,0","","","20040220",",,0","20040229",",,0","-27.8",",0,01,","406",",,0,13,+","102",",,0,02,","7.6",",,0,20,","11.1",",0,29,","2959.4","0","665.1",",0","33.0",",,,0","355",",,,0","-4.60",",0","-0.34",",,,0","-8.87",",,,0"
"USC00470124","2004-03","44.32684","-91.91933","204.2","ALMA DAM 4, WI US","0.0","0","0.0",",0","14",",0","9",",0","0",",0","10",",0","4",",0","0",",0","21",",0","1",",0","0",",0","0",",0","","","20040312",",,0","20040309","+,,0","20040317","+,,0","","","20040305",",,0","20040324",",,0","-13.3",",0,12,","76",",,0,09,+","51",",,0,17,+","19.8",",,0,05,","18.3",",0,24,","3443.8","0","484.4",",0","68.0",",,,0","152",",,,0","2.71",",0","6.94",",,,0","-1.52",",,,0"
"USC00470124","2004-04","44.32684","-91.91933","204.2","ALMA DAM 4, WI US","7.8","0","7.8","1,0","5",",0","4",",0","0",",0","0",",0","0",",0","0",",0","10",",0","0","1,0","8","1,0","0","1,0","","","20040411",",,0","20040430","+,,0","20040430","+,,0","","","20040419",",,0","20040428",",1,0","-4.4",",0,11,","0",",,0,30,+","0",",,0,30,+","15.2",",,0,19,","30.6","1,0,28,","3690.6","0","246.8","1,0","38.2",",,,0","0",",,,0","10.13","1,0","16.58","1,,,0","3.68",",,,0"
"USC00470124","2004-05","44.32684","-91.91933","204.2","ALMA DAM 4, WI US","15.5","0","7.7","2,0","15",",0","13",",0","3",",0","0",",0","0",",0","0","1,0","1","1,0","0","1,0","12","1,0","0","1,0","","","20040503",",1,0","20040531","+,,0","20040531","+,,0","","","20040510",",,0","20040509",",1,0","-1.1","1,0,03,","0",",,0,31,+","0",",,0,31,+","68.6",",,0,10,","28.3","1,0,09,","3818.8","0","128.2","1,0","265.8",",,,0","0",",,,0","14.24","2,0","19.60","1,,,0","8.89","1,,,0"
"USC00470124","2004-06","44.32684","-91.91933","204.2","ALMA DAM 4, WI US","62.1","0","46.6",",0","12",",0","7",",0","3",",0","0",",0","0",",0","0",",0","0",",0","0",",0","23",",0","0",",0","","","20040619",",,0","20040630","+,,0","20040630","+,,0","","","20040617",",,0","20040607",",,0","7.2",",0,19,","0",",,0,30,+","0",",,0,30,+","36.8",",,0,17,","31.7",",0,07,","3852.3","0","33.5",",0","137.1",",,,0","0",",,,0","18.77",",0","23.94",",,,0","13.60",",,,0"
"USC00470124","2004-07","44.32684","-91.91933","204.2","ALMA DAM 4, WI US","168.6","0","106.5",",0","8",",0","6",",0","1",",0","0",",0","0",",0","0",",0","0",",0","0",",0","29",",0","0",",0","","","20040708",",,0","20040710",",,0","20040731","+,,0","","","20040704",",,0","20040721",",,0","10.6",",0,08,","0",",T,0,10,","0",",,0,31,+","40.4",",,0,04,","31.1",",0,21,","4.2","0","4.2",",0","101.4",",,,0","0",",,,0","21.63",",0","26.41",",,,0","16.85",",,,0"
"USC00470124","2004-08","44.32684","-91.91933","204.2","ALMA DAM 4, WI US","216.8","0","48.2",",0","11",",0","7",",0","0",",0","0",",0","0",",0","0",",0","0",",0","0",",0","24",",0","0",",0","","","20040821",",,0","20040831","+,,0","20040831","+,,0","","","20040817",",,0","20040826",",,0","5.6",",0,21,","0",",,0,31,+","0",",,0,31,+","22.6",",,0,17,","29.4",",0,26,","38.9","0","34.7",",0","63.3",",,,0","0",",,,0","18.77",",0","23.71",",,,0","13.83",",,,0"
"USC00470124","2004-09","44.32684","-91.91933","204.2","ALMA DAM 4, WI US","287.4","0","70.6","1,0","6",",0","5",",0","1",",0","0",",0","0",",0","0","1,0","0","1,0","0",",0","24",",0","0",",0","","","20040929",",1,0","20040930","+,,0","20040930","+,,0","","","20040915",",,0","20040904","+,,0","6.1","1,0,29,","0",",,0,30,+","0",",,0,30,+","91.2",",,0,15,","28.9",",0,04,+","75.6","0","36.7",",0","117.6",",,,0","0",",,,0","19.54","1,0","24.76",",,,0","14.31","1,,,0"
"USC00470124","2004-10","44.32684","-91.91933","204.2","ALMA DAM 4, WI US","288.0","0","0.6","2,0","14",",0","8",",0","0",",0","0",",0","0",",0","0","2,0","1","2,0","0","1,0","4","1,0","0","1,0","","","20041017",",2,0","20041031","+,,0","20041031","+,,0","","","20041002",",,0","20041006",",1,0","0.0","2,0,17,","0",",,0,31,+","0",",,0,31,+","23.9",",,0,02,","26.1","1,0,06,","298.9","0","223.3","1,0","83.7",",,,0","0",",,,0","10.63","2,0","15.30","1,,,0","5.96","2,,,0"
"USC00470124","2004-11","44.32684","-91.91933","204.2","ALMA DAM 4, WI US","288.0","0","0.0",",0","6",",0","3",",0","1",",0","0",",0","0",",0","0",",0","16",",0","1",",0","0",",0","0",",0","","","20041130",",,0","20041130","+,,0","20041130","+,,0","","","20041120",",,0","20041106",",,0","-8.9",",0,30,","0",",,0,30,+","0",",,0,30,+","26.4",",,0,20,","20.6",",0,06,","726.1","0","427.2",",0","50.0",",,,0","0",",,,0","4.09",",0","8.04",",,,0","0.14",",,,0"
"USC00470124","2004-12","44.32684","-91.91933","204.2","ALMA DAM 4, WI US","288.0","0","0.0","3,0","6",",0","3",",0","0",",0","10",",0","1",",0","5","1,0","26","1,0","13","2,0","0","2,0","0","2,0","","","20041224",",1,0","20041230","+,,0","20041221",",,0","","","20041210",",,0","20041230",",2,0","-23.3","1,0,24,","51",",,0,30,+","51",",,0,21,","12.7",",,0,10,","11.1","2,0,30,","1368.7","0","642.6","2,0","22.3",",,,0","51",",,,0","-4.77","3,0","-0.35","2,,,0","-9.19","1,,,0"
"USC00470124","2005-01","44.32684","-91.91933","204.2","ALMA DAM 4, WI US","0.0","0","0.0","1,0","9",",0","2",",0","0",",0","26",",0","2","2,0","6","1,0","30","1,0","24",",0","0",",0","0",",0","","","20050114",",1,0","20050125","+,,0","20050122",",2,0","","","20050122",",,0","20050125",",,0","-23.9","1,0,14,","254",",,0,25,+","203","2,,0,22,","14.2",",,0,22,","7.2",",0,25,","2151.7","0","783.0",",0","28.0",",,,0","228","2,,,0","-7.71","1,0","-3.96",",,,0","-11.46","1,,,0"
"USC00470124","2005-02","44.32684","-91.91933","204.2","ALMA DAM 4, WI US","0.0","0","0.0","1,0","6",",0","4",",0","0",",0","19","2,0","4","1,0","0",",0","28",",0","12","1,0","0","1,0","0","1,0","","","20050218",",,0","20050222",",2,0","20050221",",1,0","","","20050221",",,0","20050204",",1,0","-15.0",",0,18,","229","2,,0,22,","127","1,,0,21,","11.2",",,0,21,","10.0","1,0,04,","2705.7","0","554.0","1,0","29.9",",,,0","228","1,,,0","-2.19","1,0","1.75","1,,,0","-6.12",",,,0"
"USC00470124","2005-03","44.32684","-91.91933","204.2","ALMA DAM 4, WI US","0.0","0","0.0","1,0","6",",0","4",",0","2",",0","24",",0","2",",0","0","1,0","26","1,0","8",",0","0",",0","0",",0","","","20050302",",1,0","20050319",",,0","20050319",",,0","","","20050331",",,0","20050331","+,,0","-15.6","1,0,02,","356",",,0,19,","330",",,0,19,","34.3",",,0,31,","20.6",",0,31,+","3247.7","0","542.0",",0","68.6",",,,0","381",",,,0","0.18","1,0","5.50",",,,0","-5.13","1,,,0"
"USC00470124","2005-04","44.32684","-91.91933","204.2","ALMA DAM 4, WI US","3.6","0","3.6",",0","9",",0","5",",0","0",",0","0",",0","0",",0","0",",0","4",",0","0",",0","9",",0","0",",0","","","20050402",",,0","20050430","+,,0","20050430","+,,0","","","20050417",",,0","20050418",",,0","-1.7",",0,02,","0",",,0,30,+","0",",,0,30,+","15.2",",,0,17,","25.6",",0,18,","3468.3","0","220.6",",0","49.0",",,,0","0",",,,0","11.10",",0","16.75",",,,0","5.44",",,,0"
"USC00470124","2005-05","44.32684","-91.91933","204.2","ALMA DAM 4, WI US","7.6","0","4.0",",0","17",",0","7",",0","1",",0","0",",0","0",",0","0",",0","2",",0","0",",0","11",",0","0",",0","","","20050503",",,0","20050531","+,,0","20050531","+,,0","","","20050513",",,0","20050531",",,0","-2.8",",0,03,","0",",,0,31,+","0",",,0,31,+","39.1",",,0,13,","25.6",",0,31,","3627.0","0","158.7",",0","91.6",",,,0","0",",,,0","13.34",",0","18.46",",,,0","8.22",",,,0"
"USC00470124","2005-06","44.32684","-91.91933","204.2","ALMA DAM 4, WI US","145.5","0","137.9",",0","12",",0","8",",0","2",",0","0",",0","0",",0","0",",0","0",",0","0",",0","30",",0","1",",0","","","20050617","+,,0","20050630","+,,0","20050630","+,,0","","","20050608",",,0","20050623",",,0","11.7",",0,17,+","0",",,0,30,+","0",",,0,30,+","45.0",",,0,08,","33.3",",0,23,","3627.3","0","0.3",",0","118.8",",,,0","0",",,,0","22.92",",0","28.13",",,,0","17.71",",,,0"
"USC00470124","2005-07","44.32684","-91.91933","204.2","ALMA DAM 4, WI US","324.5","0","179.0","1,0","4",",0","4",",0","1",",0","0",",0","0",",0","0",",0","0",",0","0","1,0","30","1,0","7","1,0","","","20050727",",,0","20050731","+,,0","20050731","+,,0","","","20050726",",,0","20050715",",1,0","11.7",",0,27,","0",",,0,31,+","0",",,0,31,+","29.2",",,0,26,","34.4","1,0,15,","0.5","0","0.5","1,0","60.2",",,,0","0",",,,0","24.23","1,0","29.51","1,,,0","18.95",",,,0"
"USC00470124","2005-08","44.32684","-91.91933","204.2","ALMA DAM 4, WI US","436.9","0","112.4",",0","5",",0","5",",0","2",",0","0",",0","0",",0","0",",0","0",",0","0",",0","31",",0","2",",0","","","20050823","+,,0","20050831","+,,0","20050831","+,,0","","","20050820",",,0","20050802",",,0","11.1",",0,23,+","0",",,0,31,+","0",",,0,31,+","34.3",",,0,20,","32.8",",0,02,","3.9","0","3.4",",0","122.5",",,,0","0",",,,0","21.85",",0","27.13",",,,0","16.56",",,,0"
"USC00470124","2005-09","44.32684","-91.91933","204.2","ALMA DAM 4, WI US","503.4","0","66.5","1,0","12",",0","10",",0","1",",0","0",",0","0",",0","0","1,0","0","1,0","0",",0","26",",0","0",",0","","","20050929",",1,0","20050930","+,,0","20050930","+,,0","","","20050925",",,0","20050911",",,0","3.9","1,0,29,","0",",,0,30,+","0",",,0,30,+","49.3",",,0,25,","31.1",",0,11,","33.6","0","29.7",",0","148.5",",,,0","0",",,,0","19.66","1,0","25.24",",,,0","14.08","1,,,0"
"USC00470124","2005-10","44.32684","-91.91933","204.2","ALMA DAM 4, WI US","524.2","0","20.8",",0","9",",0","3",",0","0",",0","0",",0","0",",0","0",",0","0",",0","0",",0","8",",0","0",",0","","","20051028","+,,0","20051031","+,,0","20051031","+,,0","","","20051005",",,0","20051003",",,0","0.6",",0,28,+","0",",,0,31,+","0",",,0,31,+","17.3",",,0,05,","29.4",",0,03,","243.1","0","209.5",",0","40.4",",,,0","0",",,,0","12.25",",0","17.17",",,,0","7.33",",,,0"
"USC00470124","2005-11","44.32684","-91.91933","204.2","ALMA DAM 4, WI US","524.2","0","0.0","1,0","10",",0","7",",0","0",",0","2",",0","1",",0","0","1,0","13","1,0","4",",0","0",",0","0",",0","1","","20051117",",1,0","20051126",",,0","20051126",",,0","","","20051116",",,0","20051102",",,0","-12.2","1,0,17,","51",",,0,26,","51",",,0,26,","15.7",",,0,16,","19.4",",0,02,","686.4","0","443.3",",0","53.1",",,,0","51",",,,0","3.22","1,0","7.98",",,,0","-1.54","1,,,0"
"USC00470124","2005-12","44.32684","-91.91933","204.2","ALMA DAM 4, WI US","524.2","0","0.0",",0","9",",0","4",",0","0",",0","28",",0","5",",0","5",",0","31",",0","19",",0","0",",0","0",",0","","","20051219","+,,0","20051222","+,,0","20051204",",,0","","","20051215",",,0","20051223",",,0","-22.2",",0,19,+","152",",,0,22,+","102",",,0,04,","5.6",",,0,15,","7.8",",0,23,","1455.0","0","768.6",",0","20.7",",,,0","279",",,,0","-6.46",",0","-3.30",",,,0","-9.63",",,,0"
"USC00470124","2006-01","44.32684","-91.91933","204.2","ALMA DAM 4, WI US","0.0","0","0.0",",0","8",",0","1",",0","0",",0","3",",0","0",",0","0",",0","25",",0","5",",0","0",",0","0",",0","","","20060123",",,0","20060103","+,,0","20060130",",,0","","","20060129",",,0","20060126",",,0","-12.8",",0,23,","25",",,0,03,+","8",",,0,30,","5.8",",,0,29,","10.0",",0,26,","2045.3","0","590.3",",0","12.4",",,,0","8",",,,0","-0.71",",0","2.25",",,,0","-3.67",",,,0"
"USC00470124","2006-02","44.32684","-91.91933","204.2","ALMA DAM 4, WI US","0.0","0","0.0",",0","6",",0","2",",0","0",",0","14",",0","2",",0","3",",0","28",",0","15",",0","0",",0","0",",0","","","20060218",",,0","20060219","+,,0","20060217",",,0","","","20060210",",,0","20060203","+,,0","-26.1",",0,18,","102",",,0,19,+","102",",,0,17,","2.8",",,0,10,","9.4",",0,03,+","2707.0","0","661.7",",0","9.2",",,,0","153",",,,0","-5.30",",0","-0.39",",,,0","-10.21",",,,0"
"USC00470124","2006-03","44.32684","-91.91933","204.2","ALMA DAM 4, WI US","0.0","0","0.0","1,0","9",",0","8",",0","0",",0","11","2,0","4","1,0","0",",0","23",",0","0","1,0","0","1,0","0","1,0","","","20060315",",,0","20060317",",2,0","20060306",",1,0","","","20060331",",,0","20060331","+,1,0","-10.6",",0,15,","152","2,,0,17,","102","1,,0,06,","17.8",",,0,31,","14.4","1,0,31,+","3210.5","0","503.5","1,0","66.4",",,,0","280","1,,,0","1.54","1,0","5.48","1,,,0","-2.41",",,,0"
"USC00470124","2006-04","44.32684","-91.91933","204.2","ALMA DAM 4, WI US","0.3","0","0.3","1,0","9",",0","5",",0","0",",0","0",",0","0",",0","0",",0","2",",0","0","1,0","8","1,0","0","1,0","","","20060408",",,0","20060430","+,,0","20060430","+,,0","","","20060403",",,0","20060416","+,1,0","-2.8",",0,08,","0",",,0,30,+","0",",,0,30,+","17.8",",,0,03,","26.1","1,0,16,+","3385.9","0","175.4","1,0","54.0",",,,0","0",",,,0","12.30","1,0","18.00","1,,,0","6.59",",,,0"
"USC00470124","2006-05","44.32684","-91.91933","204.2","ALMA DAM 4, WI US","41.1","0","40.8","2,0","15",",0","10",",0","0",",0","0",",0","0",",0","0",",0","0",",0","0","2,0","13","2,0","2","2,0","","","20060506",",,0","20060531","+,,0","20060531","+,,0","","","20060510",",,0","20060529","+,2,0","2.2",",0,06,","0",",,0,31,+","0",",,0,31,+","22.4",",,0,10,","33.3","2,0,29,+","3501.4","0","115.5","2,0","105.6",",,,0","0",",,,0","15.81","2,0","20.88","2,,,0","10.74",",,,0"
"USC00470124","2006-06","44.32684","-91.91933","204.2","ALMA DAM 4, WI US","130.9","0","89.8",",0","6",",0","5",",0","1",",0","0",",0","0",",0","0",",0","0",",0","0",",0","27",",0","0",",0","","","20060612",",,0","20060630","+,,0","20060630","+,,0","","","20060625",",,0","20060616",",,0","8.9",",0,12,","0",",,0,30,+","0",",,0,30,+","58.7",",,0,25,","31.1",",0,16,","3511.4","0","10.0",",0","105.0",",,,0","0",",,,0","20.99",",0","26.51",",,,0","15.48",",,,0"
"USC00470124","2006-07","44.32684","-91.91933","204.2","ALMA DAM 4, WI US","340.0","0","209.1",",0","8",",0","5",",0","2",",0","0",",0","0",",0","0",",0","0",",0","0",",0","31",",0","8",",0","","","20060705",",,0","20060731","+,,0","20060731","+,,0","","","20060720",",,0","20060731",",,0","13.3",",0,05,","0",",,0,31,+","0",",,0,31,+","38.9",",,0,20,","36.1",",0,31,","0.0","0","0.0",",0","100.7",",,,0","0",",,,0","25.08",",0","30.55",",,,0","19.60",",,,0"
"USC00470124","2006-08","44.32684","-91.91933","204.2","ALMA DAM 4, WI US","459.9","0","119.9",",0","10",",0","8",",0","2",",0","0",",0","0",",0","0",",0","0",",0","0",",0","31",",0","1",",0","","","20060831",",,0","20060831","+,,0","20060831","+,,0","","","20060825",",,0","20060801",",,0","13.3",",0,31,","0",",,0,31,+","0",",,0,31,+","50.8",",,0,25,","33.9",",0,01,","0.0","0","0.0",",0","135.2",",,,0","0",",,,0","22.20",",0","26.90",",,,0","17.50",",,,0"
"USC00470124","2006-09","44.32684","-91.91933","204.2","ALMA DAM 4, WI US","479.9","0","20.0","1,0","12",",0","8",",0","1",",0","0",",0","0",",0","0",",0","0",",0","0","1,0","14","1,0","0","1,0","","","20060920",",,0","20060930","+,,0","20060930","+,,0","","","20060917",",,0","20060906",",1,0","3.3",",0,20,","0",",,0,30,+","0",",,0,30,+","45.7",",,0,17,","28.9","1,0,06,","100.2","0","100.2","1,0","101.1",",,,0","0",",,,0","15.52","1,0","20.29","1,,,0","10.76",",,,0"
"USC00470124","2006-10","44.32684","-91.91933","204.2","ALMA DAM 4, WI US","485.7","0","5.8","1,0","8",",0","2",",0","0",",0","0",",0","0",",0","0",",0","12",",0","0","1,0","7","1,0","0","1,0","","","20061024","+,,0","20061031","+,,0","20061031","+,,0","","","20061017",",,0","20061002",",1,0","-3.3",",0,24,+","0",",,0,31,+","0",",,0,31,+","6.9",",,0,17,","28.3","1,0,02,","404.3","0","304.1","1,0","19.9",",,,0","0",",,,0","8.45","1,0","13.28","1,,,0","3.62",",,,0"
"USC00470124","2006-11","44.32684","-91.91933","204.2","ALMA DAM 4, WI US","485.7","0","0.0","1,0","5",",0","5",",0","0",",0","3",",0","1",",0","0","1,0","17","1,0","2",",0","1",",0","0",",0","","","20061130",",1,0","20061111",",,0","20061111",",,0","","","20061113",",,0","20061108",",,0","-12.8","1,0,30,","178",",,0,11,","178",",,0,11,","23.9",",,0,13,","21.1",",0,08,","828.7","0","424.4",",0","83.5",",,,0","178",",,,0","3.73","1,0","7.96",",,,0","-0.50","1,,,0"
"USC00470124","2006-12","44.32684","-91.91933","204.2","ALMA DAM 4, WI US","485.7","0","0.0","2,0","8",",0","3",",0","0",",0","0",",0","0",",0","0","1,0","22","1,0","7","1,0","0","1,0","0","1,0","","","20061207",",1,0","20061207","+,,0","20061207","+,,0","","","20061222",",,0","20061214",",1,0","-16.7","1,0,07,","0",",T,0,07,+","0",",T,0,07,+","15.2",",,0,22,","8.9","1,0,14,","1384.9","0","556.2","1,0","31.8",",,,0","0",",T,,0","-0.83","2,0","2.71","1,,,0","-4.36","1,,,0"
"USC00470124","2007-01","44.32684","-91.91933","204.2","ALMA DAM 4, WI US","0.0","0","0.0",",0","6",",0","3",",0","0",",0","21",",0","3",",0","3",",0","28",",0","19",",0","0",",0","0",",0","","","20070120",",,0","20070115",",,0","20070115",",,0","","","20070101",",,0","20070104",",,0","-22.2",",0,20,","229",",,0,15,","229",",,0,15,","18.5",",,0,01,","7.2",",0,04,","2133.7","0","748.8",",0","26.0",",,,0","305",",,,0","-5.82",",0","-1.86",",,,0","-9.78",",,,0"
"USC00470124","2007-02","44.32684","-91.91933","204.2","ALMA DAM 4, WI US","0.0","0","0.0","1,0","6",",0","3",",0","1",",0","20",",0","3",",0","13",",0","28",",0","21","1,0","0","1,0","0","1,0","","","20070205",",,0","20070226","+,,0","20070224",",,0","","","20070224",",,0","20070221",",1,0","-26.7",",0,05,","330",",,0,26,+","203",",,0,24,","27.2",",,0,24,","10.0","1,0,21,","2917.0","0","783.3","1,0","53.2",",,,0","406",",,,0","-10.49","1,0","-6.36","1,,,0","-14.62",",,,0"
"USC00470124","2007-03","44.32684","-91.91933","204.2","ALMA DAM 4, WI US","0.0","0","0.0",",0","7",",0","5",",0","1",",0","13",",0","3",",0","0",",0","15",",0","6",",0","4",",0","0",",0","","","20070304",",,0","20070303",",,0","20070302",",,0","","","20070331",",,0","20070326",",,0","-16.1",",0,04,","533",",,0,03,","203",",,0,02,","39.6",",,0,31,","25.6",",0,26,","3369.8","0","452.8",",0","67.3",",,,0","253",",,,0","3.73",",0","8.74",",,,0","-1.29",",,,0"
"USC00470124","2007-04","44.32684","-91.91933","204.2","ALMA DAM 4, WI US","4.5","0","4.5","1,0","8",",0","5",",0","0",",0","1",",0","1",",0","0","1,0","11","1,0","1","1,0","7","1,0","0","1,0","","","20070407",",1,0","20070412",",,0","20070412",",,0","","","20070401",",,0","20070429",",1,0","-8.9","1,0,07,","51",",,0,12,","51",",,0,12,","9.1",",,0,01,","28.3","1,0,29,","3662.1","0","292.3","1,0","30.8",",,,0","51",",,,0","8.41","1,0","13.96","1,,,0","2.86","1,,,0"
"USC00470124","2007-05","44.32684","-91.91933","204.2","ALMA DAM 4, WI US","51.8","0","47.3",",0","12",",0","6",",0","1",",0","0",",0","0",",0","0",",0","0",",0","0",",0","24",",0","1",",0","","","20070517",",,0","20070531","+,,0","20070531","+,,0","","","20070531",",,0","20070514",",,0","4.4",",0,17,","0",",,0,31,+","0",",,0,31,+","25.4",",,0,31,","32.8",",0,14,","3708.7","0","46.6",",0","95.7",",,,0","0",",,,0","18.35",",0","24.50",",,,0","12.21",",,,0"
"USC00470124","2007-06","44.32684","-91.91933","204.2","ALMA DAM 4, WI US","172.5","0","120.7",",0","12",",0","9",",0","0",",0","0",",0","0",",0","0",",0","0",",0","0",",0","28",",0","2",",0","","","20070605",",,0","20070630","+,,0","20070630","+,,0","","","20070621",",,0","20070626","+,,0","10.6",",0,05,","0",",,0,30,+","0",",,0,30,+","11.2",",,0,21,","32.8",",0,26,+","3712.8","0","4.1",",0","60.6",",,,0","0",",,,0","22.22",",0","27.78",",,,0","16.65",",,,0"
"USC00470124","2007-07","44.32684","-91.91933","204.2","ALMA DAM 4, WI US","327.7","0","155.2",",0","6",",0","4",",0","1",",0","0",",0","0",",0","0",",0","0",",0","0",",0","31",",0","4",",0","","","20070720","+,,0","20070731","+,,0","20070731","+,,0","","","20070727",",,0","20070707",",,0","12.8",",0,20,+","0",",,0,31,+","0",",,0,31,+","31.0",",,0,27,","34.4",",0,07,","0.0","0","0.0",",0","65.3",",,,0","0",",,,0","23.34",",0","28.77",",,,0","17.90",",,,0"
"USC00470124","2007-08","44.32684","-91.91933","204.2","ALMA DAM 4, WI US","452.0","0","124.3",",0","17",",0","14",",0","5",",0","0",",0","0",",0","0",",0","0",",0","0",",0","28",",0","0",",0","","","20070831","+,,0","20070831","+,,0","20070831","+,,0","","","20070819",",,0","20070810",",,0","12.8",",0,31,+","0",",,0,31,+","0",",,0,31,+","69.9",",,0,19,","31.7",",0,10,","1.9","0","1.9",",0","292.3",",,,0","0",",,,0","22.28",",0","27.00",",,,0","17.56",",,,0"
"USC00470124","2007-09","44.32684","-91.91933","204.2","ALMA DAM 4, WI US","514.8","0","62.8",",0","8",",0","8",",0","2",",0","0",",0","0",",0","0",",0","0",",0","0",",0","22",",0","1",",0","","","20070915",",,0","20070930","+,,0","20070930","+,,0","","","20070925",",,0","20070904",",,0","1.7",",0,15,","0",",,0,30,+","0",",,0,30,+","49.5",",,0,25,","32.2",",0,04,","52.1","0","50.2",",0","149.6",",,,0","0",",,,0","18.76",",0","24.06",",,,0","13.45",",,,0"
"USC00470124","2007-10","44.32684","-91.91933","204.2","ALMA DAM 4, WI US","537.2","0","22.4","1,0","12",",0","11",",0","0",",0","0",",0","0",",0","0","1,0","1","1,0","0",",0","8",",0","0",",0","","","20071028",",1,0","20071031","+,,0","20071031","+,,0","","","20071009",",,0","20071006",",,0","0.0","1,0,28,","0",",,0,31,+","0",",,0,31,+","22.9",",,0,09,","30.0",",0,06,","214.6","0","162.5",",0","106.1",",,,0","0",",,,0","13.55","1,0","17.82",",,,0","9.29","1,,,0"
"USC00470124","2007-11","44.32684","-91.91933","204.2","ALMA DAM 4, WI US","537.2","0","0.0","1,0","3",",0","1",",0","0",",0","1",",0","1",",0","0","1,0","19","1,0","2",",0","0",",0","0",",0","","","20071130",",1,0","20071130",",,0","20071130",",,0","","","20071119",",,0","20071111",",,0","-12.8","1,0,30,","25",",,0,30,","25",",,0,30,","3.3",",,0,19,","13.9",",0,11,","678.0","0","463.4",",0","4.6",",,,0","25",",,,0","2.26","1,0","5.93",",,,0","-1.41","1,,,0"
"USC00470124","2007-12","44.32684","-91.91933","204.2","ALMA DAM 4, WI US","537.2","0","0.0","2,0","7",",0","2",",0","0",",0","30",",0","3",",0","2","2,0","28","2,0","25",",0","0",",0","0",",0","","","20071208","+,2,0","20071212","+,,0","20071202",",,0","","","20071202",",,0","20071221",",,0","-22.2","2,0,08,+","254",",,0,12,+","127",",,0,02,","21.8",",,0,02,","3.3",",0,21,","1418.8","0","740.8",",0","33.3",",,,0","301",",,,0","-7.14","2,0","-3.55",",,,0","-10.72","2,,,0"
"USC00470124","2008-01","44.32684","-91.91933","204.2","ALMA DAM 4, WI US","0.0","0","0.0",",0","8",",0","2",",0","0",",0","31",",0","5",",0","11",",0","30",",0","21",",0","0",",0","0",",0","","","20080124",",,0","20080131","+,,0","20080130",",,0","","","20080122",",,0","20080128",",,0","-26.1",",0,24,","203",",,0,31,+","102",",,0,30,","4.8",",,0,22,","7.2",",0,28,","2270.3","0","851.5",",0","15.4",",,,0","363",",,,0","-9.14",",0","-5.03",",,,0","-13.24",",,,0"
"USC00470124","2008-02","44.32684","-91.91933","204.2","ALMA DAM 4, WI US","0.0","0","0.0",",0","6",",0","2",",0","0",",0","29",",0","3",",0","10",",0","29",",0","22",",0","0",",0","0",",0","","","20080221",",,0","20080215","+,,0","20080205",",,0","","","20080213",",,0","20080224",",,0","-24.4",",0,21,","254",",,0,15,+","64",",,0,05,","6.6",",,0,13,","2.8",",0,24,","3060.7","0","790.4",",0","16.3",",,,0","172",",,,0","-8.92",",0","-3.89",",,,0","-13.96",",,,0"
"USC00470124","2008-03","44.32684","-91.91933","204.2","ALMA DAM 4, WI US","0.0","0","0.0",",0","8",",0","1",",0","0",",0","24",",0","1",",0","2",",0","29",",0","8",",0","0",",0","0",",0","","","20080308",",,0","20080322","+,,0","20080322",",,0","","","20080318",",,0","20080313",",,0","-20.6",",0,08,","127",",,0,22,+","102",",,0,22,","4.1",",,0,18,","10.0",",0,13,","3658.5","0","597.8",",0","9.8",",,,0","128",",,,0","-0.95",",0","3.53",",,,0","-5.43",",,,0"
"USC00470124","2008-04","44.32684","-91.91933","204.2","ALMA DAM 4, WI US","0.0","0","0.0",",0","11",",0","11",",0","1",",0","0","1,0","0",",0","0",",0","7",",0","0",",0","5",",0","0",",0","","","20080402",",,0","20080430","+,1,0","20080401",",,0","","","20080425",",,0","20080422","+,,0","-3.9",",0,02,","0","1,,0,30,+","18",",,0,01,","27.2",",,0,25,","24.4",",0,22,+","3968.2","0","309.7",",0","132.0",",,,0","18",",,,0","8.01",",0","12.74",",,,0","3.28",",,,0"
"USC00470124","2008-05","44.32684","-91.91933","204.2","ALMA DAM 4, WI US","2.8","0","2.8",",0","10",",0","7",",0","1",",0","0",",0","0",",0","0",",0","0",",0","0",",0","10",",0","0",",0","","","20080504","+,,0","20080531","+,,0","20080531","+,,0","","","20080530",",,0","20080525",",,0","2.8",",0,04,+","0",",,0,31,+","0",",,0,31,+","38.1",",,0,30,","25.0",",0,25,","4112.2","0","144.0",",0","88.5",",,,0","0",",,,0","13.78",",0","19.37",",,,0","8.18",",,,0"
"USC00470124","2008-06","44.32684","-91.91933","204.2","ALMA DAM 4, WI US","60.5","0","57.7",",0","12",",0","9",",0","2",",0","0",",0","0",",0","0",",0","0",",0","0",",0","29",",0","0",",0","","","20080617",",,0","20080630","+,,0","20080630","+,,0","","","20080612",",,0","20080625",",,0","10.6",",0,17,","0",",,0,30,+","0",",,0,30,+","41.9",",,0,12,","30.6",",0,25,","4116.4","0","4.2",",0","151.3",",,,0","0",",,,0","20.12",",0","25.14",",,,0","15.09",",,,0"
"USC00470124","2008-07","44.32684","-91.91933","204.2","ALMA DAM 4, WI US","202.3","0","141.8","1,0","7",",0","7",",0","2",",0","0",",0","0",",0","0","1,0","0","1,0","0",",0","31",",0","0",",0","","","20080705","+,1,0","20080731","+,,0","20080731","+,,0","","","20080711",",,0","20080729",",,0","12.8","1,0,05,+","0",",,0,31,+","0",",,0,31,+","59.4",",,0,11,","31.7",",0,29,","0.0","0","0.0",",0","149.3",",,,0","0",",,,0","23.08","1,0","28.45",",,,0","17.70","1,,,0"
"USC00470124","2008-08","44.32684","-91.91933","204.2","ALMA DAM 4, WI US","307.6","0","105.3",",0","9",",0","6",",0","2",",0","0",",0","0",",0","0",",0","0",",0","0",",0","31",",0","0",",0","1","","20080825",",,0","20080831","+,,0","20080831","+,,0","","","20080828",",,0","20080818",",,0","10.0",",0,25,","0",",,0,31,+","0",",,0,31,+","33.0",",,0,28,","30.6",",0,18,","1.1","0","1.1",",0","89.2",",,,0","0",",,,0","21.69",",0","26.88",",,,0","16.50",",,,0"
"USC00470124","2008-09","44.32684","-91.91933","204.2","ALMA DAM 4, WI US","350.6","0","43.0",",0","8",",0","5",",0","0",",0","0",",0","0",",0","0",",0","0",",0","0",",0","16",",0","0",",0","","","20080910","+,,0","20080930","+,,0","20080930","+,,0","","","20080924",",,0","20080901",",,0","7.2",",0,10,+","0",",,0,30,+","0",",,0,30,+","20.3",",,0,24,","30.6",",0,01,","48.8","0","47.7",",0","51.6",",,,0","0",",,,0","18.18",",0","22.90",",,,0","13.45",",,,0"
"USC00470124","2008-10","44.32684","-91.91933","204.2","ALMA DAM 4, WI US","353.4","0","2.8","3,0","7",",0","5",",0","1",",0","0",",0","0",",0","0",",0","3",",0","0","3,0","5","3,0","0","3,0","","","20081028",",,0","20081031","+,,0","20081031","+,,0","","","20081008",",,0","20081012",",3,0","-3.3",",0,28,","0",",,0,31,+","0",",,0,31,+","30.2",",,0,08,","25.6","3,0,12,","265.6","0","216.8","3,0","48.4",",,,0","0",",,,0","10.75","3,0","15.88","3,,,0","5.61",",,,0"
"USC00470124","2008-11","44.32684","-91.91933","204.2","ALMA DAM 4, WI US","353.7","0","0.3","1,0","8",",0","5",",0","0",",0","0",",0","0",",0","0",",0","20",",0","3","1,0","2","1,0","0","1,0","","","20081121",",,0","20081130",",,0","20081130","+,,0","","","20081112",",,0","20081103",",1,0","-11.7",",0,21,","0",",T,0,30,","0",",T,0,30,+","12.2",",,0,12,","22.8","1,0,03,","725.5","0","459.9","1,0","51.1",",,,0","0",",T,,0","2.44","1,0","6.22","1,,,0","-1.34",",,,0"
"USC00470124","2008-12","44.32684","-91.91933","204.2","ALMA DAM 4, WI US","353.7","0","0.0",",0","13",",0","5",",0","0",",0","21",",0","9",",0","11",",0","31",",0","24",",0","0",",0","0",",0","","","20081222",",,0","20081226",",,0","20081209",",,0","","","20081221",",,0","20081227",",,0","-25.0",",0,22,","330",",,0,26,","127",",,0,09,","10.4",",,0,21,","8.9",",0,27,","1581.2","0","855.7",",0","30.8",",,,0","538",",,,0","-9.27",",0","-4.08",",,,0","-14.46",",,,0"
"USC00470124","2009-01","44.32684","-91.91933","204.2","ALMA DAM 4, WI US","0.0","0","0.0",",0","7",",0","3",",0","0",",0","31",",0","4",",0","14",",0","31",",0","30",",0","0",",0","0",",0","","","20090116",",,0","20090131","+,,0","20090113",",,0","","","20090113",",,0","20090131",",,0","-32.8",",0,16,","330",",,0,31,+","114",",,0,13,","6.1",",,0,13,","6.7",",0,31,","2537.9","0","956.7",",0","17.0",",,,0","288",",,,0","-12.53",",0","-7.24",",,,0","-17.82",",,,0"
"USC00470124","2009-02","44.32684","-91.91933","204.2","ALMA DAM 4, WI US","0.0","0","0.0","1,0","4",",0","2",",0","0",",0","15",",0","2",",0","3",",0","26",",0","13","1,0","0","1,0","0","1,0","","","20090203",",,0","20090201",",,0","20090227","+,,0","","","20090227",",,0","20090210",",1,0","-22.2",",0,03,","203",",,0,01,","76",",,0,27,+","10.2",",,0,27,","11.1","1,0,10,","3148.5","0","610.6","1,0","19.1",",,,0","152",",,,0","-4.36","1,0","0.62","1,,,0","-9.33",",,,0"
"USC00470124","2009-03","44.32684","-91.91933","204.2","ALMA DAM 4, WI US","0.0","0","0.0",",0","5",",0","2",",0","0",",0","5",",0","0",",0","1",",0","20",",0","5",",0","0",",0","0",",0","","","20090312",",,0","20090304","+,,0","20090309",",,0","","","20090325",",,0","20090321",",,0","-18.3",",0,12,","76",",,0,04,+","3",",,0,09,","24.4",",,0,25,","17.8",",0,21,","3661.6","0","513.1",",0","32.8",",,,0","3",",,,0","1.78",",0","6.75",",,,0","-3.19",",,,0"
"USC00470124","2009-04","44.32684","-91.91933","204.2","ALMA DAM 4, WI US","2.0","0","2.0",",0","9",",0","5",",0","1",",0","0",",0","0",",0","0",",0","9",",0","0",",0","4",",0","0",",0","","","20090408","+,,0","20090430","+,,0","20090430","+,,0","","","20090427",",,0","20090424",",,0","-1.7",",0,08,+","0",",,0,30,+","0",",,0,30,+","26.9",",,0,27,","30.6",",0,24,","3944.6","0","283.0",",0","70.9",",,,0","0",",,,0","8.97",",0","14.81",",,,0","3.13",",,,0"
"USC00470124","2009-05","44.32684","-91.91933","204.2","ALMA DAM 4, WI US","17.6","0","15.6",",0","12",",0","7",",0","1",",0","0",",0","0",",0","0",",0","0",",0","0",",0","17",",0","1",",0","","","20090517",",,0","20090531","+,,0","20090514",",,0","","","20090528",",,0","20090519",",,0","2.8",",0,17,","0",",,0,31,+","0",",T,0,14,","25.9",",,0,28,","32.2",",0,19,","4046.6","0","102.0",",0","90.5",",,,0","0",",T,,0","15.55",",0","20.99",",,,0","10.10",",,,0"
"USC00470124","2009-06","44.32684","-91.91933","204.2","ALMA DAM 4, WI US","94.8","0","77.2",",0","12",",0","9",",0","1",",0","0",",0","0",",0","0",",0","0",",0","0",",0","26",",0","2",",0","","","20090604",",,0","20090630","+,,0","20090630","+,,0","","","20090618",",,0","20090623","+,,0","7.8",",0,04,","0",",,0,30,+","0",",,0,30,+","51.6",",,0,18,","33.9",",0,23,+","4083.3","0","36.7",",0","124.8",",,,0","0",",,,0","19.68",",0","24.70",",,,0","14.67",",,,0"
"USC00470124","2009-07","44.32684","-91.91933","204.2","ALMA DAM 4, WI US","155.8","0","61.0",",0","7",",0","5",",0","0",",0","0",",0","0",",0","0",",0","0",",0","0",",0","28",",0","0",",0","","","20090720",",,0","20090731","+,,0","20090731","+,,0","","","20090730",",,0","20090711","+,,0","11.7",",0,20,","0",",,0,31,+","0",",,0,31,+","7.9",",,0,30,","30.6",",0,11,+","7.0","0","7.0",",0","27.2",",,,0","0",",,,0","20.07",",0","25.06",",,,0","15.09",",,,0"
"USC00470124","2009-08","44.32684","-91.91933","204.2","ALMA DAM 4, WI US","241.8","0","86.0",",0","11",",0","7",",0","2",",0","0",",0","0",",0","0",",0","0",",0","0",",0","29",",0","0",",0","","","20090831","+,,0","20090831","+,,0","20090831","+,,0","","","20090808",",,0","20090814",",,0","8.3",",0,31,+","0",",,0,31,+","0",",,0,31,+","73.2",",,0,08,","31.1",",0,14,","17.9","0","10.9",",0","156.3",",,,0","0",",,,0","20.76",",0","25.53",",,,0","15.98",",,,0"
"USC00470124","2009-09","44.32684","-91.91933","204.2","ALMA DAM 4, WI US","283.0","0","41.2",",0","6",",0","5",",0","0",",0","0",",0","0",",0","0",",0","0",",0","0",",0","27",",0","0",",0","","","20090930",",,0","20090930","+,,0","20090930","+,,0","","","20090926",",,0","20090913",",,0","2.2",",0,30,","0",",,0,30,+","0",",,0,30,+","12.2",",,0,26,","28.3",",0,13,","50.5","0","32.6",",0","34.6",",,,0","0",",,,0","18.62",",0","24.13",",,,0","13.11",",,,0"
"USC00470124","2009-10","44.32684","-91.91933","204.2","ALMA DAM 4, WI US","283.0","0","0.0","2,0","18",",0","13",",0","1",",0","0",",0","0",",0","0","1,0","5","1,0","0","1,0","0","1,0","0","1,0","","","20091011",",1,0","20091031","+,,0","20091024","+,,0","","","20091002",",,0","20091030",",1,0","-2.2","1,0,11,","0",",,0,31,+","0",",T,0,24,+","34.8",",,0,02,","17.8","1,0,30,","379.3","0","328.8","1,0","169.3",",,,0","0",",T,,0","7.10","2,0","10.66","1,,,0","3.53","1,,,0"
"USC00470124","2009-11","44.32684","-91.91933","204.2","ALMA DAM 4, WI US","283.0","0","0.0","1,0","4",",0","2",",0","0",",0","0",",0","0",",0","0","1,0","11","1,0","0",",0","0",",0","0",",0","","","20091127",",1,0","20091130","+,,0","20091130","+,,0","","","20091126",",,0","20091109","+,,0","-3.9","1,0,27,","0",",,0,30,+","0",",,0,30,+","6.9",",,0,26,","20.6",",0,09,+","720.9","0","341.6",",0","14.6",",,,0","0",",,,0","6.50","1,0","10.82",",,,0","2.19","1,,,0"
"USC00470124","2009-12","44.32684","-91.91933","204.2","ALMA DAM 4, WI US","283.0","0","0.0",",0","9",",0","3",",0","0",",0","23",",0","4",",0","4",",0","30",",0","26",",0","0",",0","0",",0","","","20091216","+,,0","20091224",",,0","20091209",",,0","","","20091225",",,0","20091201",",,0","-20.6",",0,16,+","381",",,0,24,","356",",,0,09,","16.5",",,0,25,","9.4",",0,01,","1480.6","0","759.7",",0","36.5",",,,0","525",",,,0","-6.17",",0","-2.64",",,,0","-9.71",",,,0"
"USC00470124","2010-01","44.32684","-91.91933","204.2","ALMA DAM 4, WI US","0.0","0","0.0",",0","5",",0","2",",0","0",",0","31",",0","1",",0","10",",0","31",",0","23",",0","0",",0","0",",0","","","20100103",",,0","20100113","+,,0","20100108",",,0","","","20100124",",,0","20100123",",,0","-27.8",",0,03,","305",",,0,13,+","64",",,0,08,","8.1",",,0,24,","2.8",",0,23,","2341.1","0","860.5",",0","17.0",",,,0","64",",,,0","-9.42",",0","-5.58",",,,0","-13.27",",,,0"
"USC00470124","2010-02","44.32684","-91.91933","204.2","ALMA DAM 4, WI US","0.0","0","0.0",",0","8",",0","2",",0","0",",0","28",",0","3",",0","2",",0","28",",0","18",",0","0",",0","0",",0","","","20100225",",,0","20100217","+,,0","20100209",",,0","","","20100221","+,,0","20100228","+,,0","-18.9",",0,25,","254",",,0,17,+","76",",,0,09,","3.0",",,0,21,+","2.2",",0,28,+","3024.4","0","683.3",",0","11.4",",,,0","181",",,,0","-6.07",",0","-1.27",",,,0","-10.87",",,,0"
"USC00470124","2010-03","44.32684","-91.91933","204.2","ALMA DAM 4, WI US","0.3","0","0.3",",0","5",",0","3",",0","0",",0","7",",0","0",",0","0",",0","13",",0","0",",0","2",",0","0",",0","7","","20100303",",,0","20100304","+,,0","20100331","+,,0","","","20100312",",,0","20100331",",,0","-9.4",",0,03,","152",",,0,04,+","0",",,0,31,+","6.6",",,0,12,","23.9",",0,31,","3434.7","0","410.3",",0","13.6",",,,0","0",",,,0","5.10",",0","10.50",",,,0","-0.29",",,,0"
"USC00470124","2010-04","44.32684","-91.91933","204.2","ALMA DAM 4, WI US","6.4","0","6.1",",0","7",",0","5",",0","0",",0","0",",0","0",",0","0",",0","1",",0","0",",0","6",",0","0",",0","","","20100409",",,0","20100430","+,,0","20100430","+,,0","","","20100415",",,0","20100401",",,0","-1.1",",0,09,","0",",,0,30,+","0",",,0,30,+","14.2",",,0,15,","26.7",",0,01,","3588.6","0","153.9",",0","44.2",",,,0","0",",,,0","13.41",",0","19.29",",,,0","7.52",",,,0"
"USC00470124","2010-05","44.32684","-91.91933","204.2","ALMA DAM 4, WI US","53.0","0","46.6",",0","11",",0","8",",0","0",",0","0",",0","0",",0","0",",0","0",",0","0",",0","19",",0","3",",0","2","","20100510",",,0","20100531","+,,0","20100531","+,,0","","","20100501",",,0","20100530","+,,0","0.6",",0,10,","0",",,0,31,+","0",",,0,31,+","21.3",",,0,01,","33.3",",0,30,+","3698.9","0","110.3",",0","77.3",",,,0","0",",,,0","16.28",",0","22.45",",,,0","10.11",",,,0"
"USC00470124","2010-06","44.32684","-91.91933","204.2","ALMA DAM 4, WI US","130.3","0","77.3",",0","18",",0","15",",0","4",",0","0",",0","0",",0","0",",0","0",",0","0",",0","27",",0","0",",0","2","","20100630",",,0","20100630","+,,0","20100630","+,,0","3","","20100626",",,0","20100622",",,0","11.7",",0,30,","0",",,0,30,+","0",",,0,30,+","74.4",",,0,26,","31.1",",0,22,","3703.9","0","5.0",",0","262.6",",,,0","0",",,,0","20.74",",0","25.49",",,,0","15.99",",,,0"
"USC00470124","2010-07","44.32684","-91.91933","204.2","ALMA DAM 4, WI US","314.7","0","184.4",",0","11",",0","8",",0","2",",0","0",",0","0",",0","0",",0","0",",0","0",",0","31",",0","3",",0","5","","20100712",",,0","20100731","+,,0","20100731","+,,0","3","","20100723",",,0","20100727","+,,0","15.6",",0,12,","0",",,0,31,+","0",",,0,31,+","60.5",",,0,23,","32.8",",0,27,+","0.0","0","0.0",",0","182.3",",,,0","0",",,,0","24.28",",0","29.25",",,,0","19.32",",,,0"
"USC00470124","2010-08","44.32684","-91.91933","204.2","ALMA DAM 4, WI US","495.0","0","180.3","1,0","12",",0","6",",0","3",",0","0",",0","0",",0","0",",0","0",",0","0","1,0","30","1,0","6","1,0","4","","20100826",",,0","20100831","+,,0","20100831","+,,0","2","","20100813",",,0","20100812",",1,0","12.8",",0,26,","0",",,0,31,+","0",",,0,31,+","87.6",",,0,13,","33.3","1,0,12,","0.0","0","0.0","1,0","176.6",",,,0","0",",,,0","24.37","1,0","29.38","1,,,0","19.37",",,,0"
"USC00470124","2010-09","44.32684","-91.91933","204.2","ALMA DAM 4, WI US","505.9","0","10.9",",0","11",",0","10",",0","4",",0","0",",0","0",",0","0",",0","0",",0","0",",0","16",",0","0",",0","1","","20100926",",,0","20100930","+,,0","20100930","+,,0","2","","20100923",",,0","20100921",",,0","4.4",",0,26,","0",",,0,30,+","0",",,0,30,+","130.6",",,0,23,","26.1",",0,21,","66.9","0","66.9",",0","343.0",",,,0","0",",,,0","16.47",",0","21.19",",,,0","11.74",",,,0"
"USC00470124","2010-10","44.32684","-91.91933","204.2","ALMA DAM 4, WI US","510.7","0","4.8","1,0","7",",0","6",",0","0",",0","0",",0","0",",0","0","1,0","2","1,0","0","1,0","8","1,0","0","1,0","1","","20101029",",1,0","20101031","+,,0","20101031","+,,0","","","20101026",",,0","20101009","+,1,0","-2.2","1,0,29,","0",",,0,31,+","0",",,0,31,+","11.2",",,0,26,","29.4","1,0,09,+","251.4","0","184.5","1,0","34.3",",,,0","0",",,,0","12.34","1,0","17.98","1,,,0","6.71","1,,,0"
"USC00470124","2010-11","44.32684","-91.91933","204.2","ALMA DAM 4, WI US","510.7","0","0.0",",0","9",",0","5",",0","1",",0","0",",0","0",",0","0",",0","17",",0","3",",0","0",",0","0",",0","1","","20101127","+,,0","20101123",",,0","20101125","+,,0","","","20101113",",,0","20101109",",,0","-10.0",",0,27,+","0",",T,0,23,","0",",T,0,25,+","48.5",",,0,13,","20.6",",0,09,","703.8","0","452.4",",0","73.9",",,,0","0",",T,,0","3.25",",0","7.39",",,,0","-0.88",",,,0"
"USC00470124","2010-12","44.32684","-91.91933","204.2","ALMA DAM 4, WI US","510.7","0","0.0",",0","11",",0","6",",0","0",",0","28",",0","6",",0","3",",0","30",",0","26",",0","0",",0","0",",0","","","20101214",",,0","20101228",",,0","20101212",",,0","","","20101212",",,0","20101231","+,,0","-26.1",",0,14,","559",",,0,28,","203",",,0,12,","17.0",",,0,12,","7.8",",0,31,+","1521.0","0","817.2",",0","54.2",",,,0","687",",,,0","-8.03",",0","-4.25",",,,0","-11.81",",,,0"
"USC00470124","2011-01","44.32684","-91.91933","204.2","ALMA DAM 4, WI US","0.0","7","0.0",",7","14",",7","2",",7","0",",7","31",",7","4",",7","9",",7","31",",7","30",",7","0",",7","0",",7","","","20110121",",,7","20110116",",,7","20110115","+,,7","","","20110115",",,7","20110129",",,7","-28.9",",7,21,","305",",,7,16,","38",",,7,15,+","4.6",",,7,15,","0.6",",7,29,","2403.3","7","882.3",",7","15.8",",,,7","221",",,,7","-10.13",",7","-6.35",",,,7","-13.91",",,,7"
"USC00470124","2011-02","44.32684","-91.91933","204.2","ALMA DAM 4, WI US","0.0","7","0.0",",7","5",",7","3",",7","0",",7","28",",7","4",",7","6",",7","27",",7","16",",7","0",",7","0",",7","","","20110210",",,7","20110210","+,,7","20110221",",,7","","","20110221",",,7","20110216","+,,7","-25.0",",7,10,","305",",,7,10,+","160",",,7,21,","16.0",",,7,21,","10.0",",7,16,+","3092.6","7","689.3",",7","27.7",",,,7","350",",,,7","-6.29",",7","-1.43",",,,7","-11.14",",,,7"
"USC00470124","2011-03","44.32684","-91.91933","204.2","ALMA DAM 4, WI US","0.0","7","0.0",",7","7",",7","6",",7","1",",7","13",",7","3",",7","1",",7","26",",7","4",",7","0",",7","0",",7","1","","20110302",",,7","20110301",",,7","20110324",",,7","1","","20110323",",,7","20110318","+,,7","-20.0",",7,02,","178",",,7,01,","51",",,7,24,","40.6",",,7,23,","12.2",",7,18,+","3665.0","7","572.4",",7","75.4",",,,7","101",",,,7","-0.13",",7","4.66",",,,7","-4.92",",,,7"
"USC00470124","2011-04","44.32684","-91.91933","204.2","ALMA DAM 4, WI US","0.0","7","0.0","1,7","15",",7","6",",7","1",",7","0",",7","0",",7","0",",7","4",",7","0","1,7","1","1,7","0","1,7","2","","20110405",",,7","20110416",",,7","20110421","+,,7","1","","20110410",",,7","20110410",",1,7","-1.7",",7,05,","0",",T,7,16,","0",",T,7,21,+","31.0",",,7,10,","22.2","1,7,10,","3968.2","7","303.2","1,7","94.2",",,,7","0",",T,,7","7.86","1,7","12.30","1,,,7","3.41",",,,7"
"USC00470124","2011-05","44.32684","-91.91933","204.2","ALMA DAM 4, WI US","25.0","7","25.0",",7","14",",7","8",",7","1",",7","0",",7","0",",7","0",",7","1",",7","0",",7","14",",7","0",",7","2","","20110503",",,7","20110531","+,,7","20110531","+,,7","1","","20110510",",,7","20110530","+,,7","0.0",",7,03,","0",",,7,31,+","0",",,7,31,+","27.2",",,7,10,","31.1",",7,30,+","4082.9","7","114.7",",7","80.3",",,,7","0",",,,7","15.44",",7","20.78",",,,7","10.09",",,,7"
"USC00470124","2011-06","44.32684","-91.91933","204.2","ALMA DAM 4, WI US","119.5","7","94.5",",7","10",",7","7",",7","2",",7","0",",7","0",",7","0",",7","0",",7","0",",7","26",",7","6",",7","1","","20110612",",,7","20110630","+,,7","20110630","+,,7","","","20110621",",,7","20110607",",,7","8.9",",7,12,","0",",,7,30,+","0",",,7,30,+","31.0",",,7,21,","36.1",",7,07,","4096.8","7","13.9",",7","138.3",",,,7","0",",,,7","21.02",",7","26.20",",,,7","15.83",",,,7"
"USC00470124","2011-07","44.32684","-91.91933","204.2","ALMA DAM 4, WI US","343.8","7","224.3",",7","14",",7","10",",7","1",",7","0",",7","0",",7","0",",7","0",",7","0",",7","31",",7","9",",7","4","","20110713",",,7","20110731","+,,7","20110731","+,,7","1","","20110711",",,7","20110701",",,7","13.9",",7,13,","0",",,7,31,+","0",",,7,31,+","44.2",",,7,11,","35.6",",7,01,","0.0","7","0.0",",7","144.9",",,,7","0",",,,7","25.57",",7","30.36",",,,7","20.78",",,,7"
"USC00470124","2011-08","44.32684","-91.91933","204.2","ALMA DAM 4, WI US","474.1","7","130.3",",7","9",",7","7",",7","0",",7","0",",7","0",",7","0",",7","0",",7","0",",7","31",",7","0",",7","6","","20110811","+,,7","20110831","+,,7","20110831","+,,7","1","","20110817",",,7","20110804",",,7","13.3",",7,11,+","0",",,7,31,+","0",",,7,31,+","22.9",",,7,17,","30.6",",7,04,","0.0","7","0.0",",7","71.3",",,,7","0",",,,7","22.54",",7","27.68",",,,7","17.39",",,,7"
"USC00470124","2011-09","44.32684","-91.91933","204.2","ALMA DAM 4, WI US","515.2","7","41.1",",7","9",",7","3",",7","0",",7","0",",7","0",",7","0",",7","0",",7","0",",7","15",",7","1",",7","5","","20110915",",,7","20110930","+,,7","20110930","+,,7","","","20110927",",,7","20110901",",,7","2.2",",7,15,","0",",,7,30,+","0",",,7,30,+","22.9",",,7,27,","32.2",",7,01,","91.1","7","91.1",",7","38.1",",,,7","0",",,,7","16.66",",7","21.59",",,,7","11.74",",,,7"
"USC00470124","2011-10","44.32684","-91.91933","204.2","ALMA DAM 4, WI US","533.6","7","18.4","1,7","3",",7","1",",7","0",",7","0",",7","0",",7","0",",7","2",",7","0","1,7","11","1,7","0","1,7","","","20111029",",,7","20111031","+,,7","20111031","+,,7","","","20111013",",,7","20111007",",1,7","-1.7",",7,29,","0",",,7,31,+","0",",,7,31,+","13.0",",,7,13,","28.9","1,7,07,","275.4","7","184.3","1,7","16.3",",,,7","0",",,,7","12.75","1,7","17.84","1,,,7","7.65",",,,7"
"USC00470124","2011-11","44.32684","-91.91933","204.2","ALMA DAM 4, WI US","533.6","7","0.0",",7","3",",7","1",",7","0",",7","0",",7","0",",7","0",",7","13",",7","1",",7","0",",7","0",",7","1","","20111120","+,,7","20111120",",,7","20111120",",,7","","","20111126",",,7","20111101",",,7","-7.8",",7,20,+","0",",T,7,20,","0",",T,7,20,","7.9",",,7,26,","14.4",",7,01,","686.7","7","411.3",",7","10.0",",,,7","0",",T,,7","4.62",",7","8.85",",,,7","0.39",",,,7"
"USC00470124","2011-12","44.32684","-91.91933","204.2","ALMA DAM 4, WI US","533.6","7","0.0",",7","8",",7","1",",7","0",",7","8",",7","1",",7","0",",7","29",",7","10",",7","0",",7","0",",7","","","20111210",",,7","20111211","+,,7","20111204",",,7","","","20111215",",,7","20111226",",,7","-15.6",",7,10,","25",",,7,11,+","38",",,7,04,","15.7",",,7,15,","8.9",",7,26,","1316.0","7","629.3",",7","21.1",",,,7","64",",,,7","-1.97",",7","1.56",",,,7","-5.50",",,,7"
"USC00470124","2012-01","44.32684","-91.91933","204.2","ALMA DAM 4, WI US","0.0","7","0.0",",7","10",",7","2",",7","0",",7","20",",7","4",",7","6",",7","31",",7","14",",7","0",",7","0",",7","","","20120119",",,7","20120127","+,,7","20120123","+,,7","","","20120101",",,7","20120110",",,7","-22.8",",7,19,","102",",,7,27,+","25",",,7,23,+","4.1",",,7,01,","12.2",",7,10,","2031.4","7","715.4",",7","13.4",",,,7","144",",,,7","-4.75",",7","0.65",",,,7","-10.14",",,,7"
"USC00470124","2012-02","44.32684","-91.91933","204.2","ALMA DAM 4, WI US","0.0","7","0.0","1,7","4",",7","3",",7","1",",7","12",",7","3",",7","1","1,7","28","1,7","8",",7","0",",7","0",",7","2","","20120209",",1,7","20120221","+,,7","20120229",",,7","","","20120229",",,7","20120226",",,7","-18.3","1,7,09,","51",",,7,21,+","51",",,7,29,","34.5",",,7,29,","7.2",",7,26,","2626.1","7","594.7",",7","42.5",",,,7","117",",,,7","-2.91","1,7","1.62",",,,7","-7.44","1,,,7"
"USC00470124","2012-03","44.32684","-91.91933","204.2","ALMA DAM 4, WI US","7.3","7","7.3","1,7","9",",7","5",",7","0",",7","1",",7","0",",7","0","1,7","9","1,7","2","1,7","8","1,7","0","1,7","1","","20120304",",1,7","20120301",",,7","20120309","+,,7","","","20120320",",,7","20120318","+,1,7","-8.9","1,7,04,","25",",,7,01,","0",",T,7,09,+","7.6",",,7,20,","25.6","1,7,18,+","2889.9","7","263.8","1,7","34.3",",,,7","0",",T,,7","9.78","1,7","14.92","1,,,7","4.64","1,,,7"
"USC00470124","2012-04","44.32684","-91.91933","204.2","ALMA DAM 4, WI US","7.3","7","0.0",",7","13",",7","8",",7","1",",7","0",",7","0",",7","0",",7","4",",7","0",",7","4",",7","0",",7","","","20120412","+,,7","20120430","+,,7","20120430","+,,7","","","20120420",",,7","20120424",",,7","-1.7",",7,12,+","0",",,7,30,+","0",",,7,30,+","25.4",",,7,20,","23.3",",7,24,","3140.0","7","250.1",",7","88.9",",,,7","0",",,,7","10.00",",7","15.51",",,,7","4.48",",,,7"
"USC00470124","2012-05","44.32684","-91.91933","204.2","ALMA DAM 4, WI US","57.0","7","49.7","1,7","12",",7","9",",7","2",",7","0",",7","0",",7","0","1,7","0","1,7","0","1,7","23","1,7","0","1,7","","","20120508",",1,7","20120531","+,,7","20120503","+,,7","1","","20120503",",,7","20120527","+,1,7","7.2","1,7,08,","0",",,7,31,+","0",",T,7,03,+","37.8",",,7,03,","31.1","1,7,27,+","3185.9","7","45.9","1,7","131.0",",,,7","0",",T,,7","18.46","1,7","23.90","1,,,7","13.02","1,,,7"
"USC00470124","2012-06","44.32684","-91.91933","204.2","ALMA DAM 4, WI US","184.1","7","127.1",",7","7",",7","6",",7","2",",7","0",",7","0",",7","0",",7","0",",7","0",",7","30",",7","4",",7","","","20120601",",,7","20120630","+,,7","20120630","+,,7","2","","20120618",",,7","20120627",",,7","7.8",",7,01,","0",",,7,30,+","0",",,7,30,+","62.7",",,7,18,","34.4",",7,27,","3195.6","7","9.7",",7","142.7",",,,7","0",",,,7","22.25",",7","28.04",",,,7","16.45",",,,7"
"USC00470124","2012-07","44.32684","-91.91933","204.2","ALMA DAM 4, WI US","424.0","7","239.9","1,7","13",",7","9",",7","0",",7","0",",7","0",",7","0",",7","0",",7","0","1,7","30","1,7","14","1,7","","","20120728","+,,7","20120731","+,,7","20120731","+,,7","","","20120725",",,7","20120706","+,1,7","16.7",",7,28,+","0",",,7,31,+","0",",,7,31,+","13.7",",,7,25,","36.7","1,7,06,+","0.0","7","0.0","1,7","63.9",",,,7","0",",,,7","26.32","1,7","32.07","1,,,7","20.56",",,,7"
"USC00470124","2012-08","44.32684","-91.91933","204.2","ALMA DAM 4, WI US","541.6","7","117.6",",7","13",",7","10",",7","0",",7","0",",7","0",",7","0",",7","0",",7","0",",7","31",",7","5",",7","4","","20120812","+,,7","20120831","+,,7","20120831","+,,7","1","","20120809",",,7","20120830",",,7","10.0",",7,12,+","0",",,7,31,+","0",",,7,31,+","22.4",",,7,09,","35.0",",7,30,","4.7","7","4.7",",7","90.2",",,,7","0",",,,7","21.97",",7","27.74",",,,7","16.21",",,,7"
"USC00470124","2012-09","44.32684","-91.91933","204.2","ALMA DAM 4, WI US","582.1","7","40.5",",7","7",",7","5",",7","1",",7","0",",7","0",",7","0",",7","0",",7","0",",7","22",",7","1",",7","","","20120923",",,7","20120930","+,,7","20120930","+,,7","1","","20120905",",,7","20120911",",,7","1.1",",7,23,","0",",,7,30,+","0",",,7,30,+","25.4",",,7,05,","32.2",",7,11,","83.5","7","78.8",",7","41.1",",,,7","0",",,,7","17.06",",7","23.67",",,,7","10.45",",,,7"
"USC00470124","2012-10","44.32684","-91.91933","204.2","ALMA DAM 4, WI US","582.1","7","0.0",",7","13",",7","7",",7","0",",7","0",",7","0",",7","0",",7","7",",7","0",",7","4",",7","0",",7","5","","20121031",",,7","20121031","+,,7","20121031","+,,7","2","","20121014",",,7","20121003",",,7","-6.1",",7,31,","0",",,7,31,+","0",",,7,31,+","23.6",",,7,14,","24.4",",7,03,","356.9","7","273.4",",7","76.5",",,,7","0",",,,7","9.51",",7","14.31",",,,7","4.72",",,,7"
"USC00470124","2012-11","44.32684","-91.91933","204.2","ALMA DAM 4, WI US","582.1","7","0.0","1,7","5",",7","1",",7","0",",7","0",",7","0",",7","0",",7","16",",7","2","1,7","0","1,7","0","1,7","3","","20121124",",,7","20121130","+,,7","20121113",",,7","","","20121112",",,7","20121110",",1,7","-10.0",",7,24,","0",",,7,30,+","0",",T,7,13,","9.1",",,7,12,","20.6","1,7,10,","773.5","7","416.6","1,7","13.0",",,,7","0",",T,,7","3.81","1,7","8.46","1,,,7","-0.84",",,,7"
"USC00470124","2012-12","44.32684","-91.91933","204.2","ALMA DAM 4, WI US","582.1","7","0.0","3,7","9",",7","3",",7","0",",7","18",",7","4",",7","1","1,7","26","1,7","12","2,7","0","2,7","0","2,7","3","","20121230",",1,7","20121230","+,,7","20121220",",,7","","","20121220",",,7","20121203",",2,7","-17.8","1,7,30,","229",",,7,30,+","152",",,7,20,","10.9",",,7,20,","16.1","2,7,03,","1355.3","7","581.8","2,7","37.5",",,,7","386",",,,7","-2.64","3,7","1.82","2,,,7","-7.10","1,,,7"
"USC00470124","2013-01","44.32684","-91.91933","204.2","ALMA DAM 4, WI US","0.0","7","0.0",",7","12",",7","3",",7","0",",7","16",",7","0",",7","5",",7","30",",7","18",",7","0",",7","0",",7","1","","20130122",",,7","20130104","+,,7","20130131","+,,7","","","20130128",",,7","20130112",",,7","-22.8",",7,22,","152",",,7,04,+","13",",,7,31,+","10.9",",,7,28,","7.8",",7,12,","2132.3","7","777.0",",7","27.6",",,,7","53",",,,7","-6.73",",7","-1.95",",,,7","-11.51",",,,7"
"USC00470124","2013-02","44.32684","-91.91933","204.2","ALMA DAM 4, WI US","0.0","7","0.0",",7","13",",7","4",",7","0",",7","25","2,7","6","1,7","1",",7","28",",7","17",",7","0",",7","0",",7","1","","20130201",",,7","20130223","+,2,7","20130222",",1,7","","","20130211",",,7","20130210",",,7","-22.2",",7,01,","178","2,,7,23,+","135","1,,7,22,","11.9",",,7,11,","3.9",",7,10,","2802.4","7","670.1",",7","33.3",",,,7","355","1,,,7","-5.60",",7","-1.53",",,,7","-9.66",",,,7"
"USC00470124","2013-03","44.32684","-91.91933","204.2","ALMA DAM 4, WI US","0.0","7","0.0",",7","10",",7","8",",7","0",",7","30",",7","6",",7","0",",7","28",",7","10",",7","0",",7","0",",7","5","","20130321",",,7","20130309","+,,7","20130306",",,7","","","20130310",",,7","20130330","+,,7","-15.0",",7,21,","254",",,7,09,+","142",",,7,06,","13.0",",,7,10,","8.3",",7,30,+","3436.7","7","634.3",",7","66.6",",,,7","574",",,,7","-2.13",",7","1.98",",,,7","-6.24",",,,7"
"USC00470124","2013-04","44.32684","-91.91933","204.2","ALMA DAM 4, WI US","0.0","7","0.0","1,7","14",",7","9",",7","2",",7","0",",7","0",",7","0",",7","12",",7","0","1,7","5","1,7","0","1,7","3","","20130402",",,7","20130413","+,,7","20130415","+,,7","1","","20130410",",,7","20130430",",1,7","-6.7",",7,02,","0",",T,7,13,+","0",",T,7,15,+","45.7",",,7,10,","23.9","1,7,30,","3812.9","7","376.2","1,7","156.0",",,,7","0",",T,,7","5.32","1,7","9.31","1,,,7","1.33",",,,7"
"USC00470124","2013-05","44.32684","-91.91933","204.2","ALMA DAM 4, WI US","23.7","7","23.7",",7","18",",7","13",",7","3",",7","3",",7","1",",7","0",",7","1",",7","0",",7","15",",7","1",",7","2","","20130503",",,7","20130502",",,7","20130502",",,7","3","","20130520",",,7","20130514",",,7","0.0",",7,03,","127",",,7,02,","127",",,7,02,","55.9",",,7,20,","32.8",",7,14,","3943.5","7","130.6",",7","246.6",",,,7","127",",,,7","14.88",",7","20.35",",,,7","9.42",",,,7"
"USC00470124","2013-06","44.32684","-91.91933","204.2","ALMA DAM 4, WI US","98.8","7","75.1","1,7","15",",7","9",",7","1",",7","0",",7","0","1,7","0",",7","0",",7","0","1,7","23","1,7","0","1,7","3","","20130604","+,,7","20130630","+,,7","20130630","+,1,7","5","","20130623",",,7","20130620",",1,7","7.8",",7,04,+","0",",,7,30,+","0","1,,7,30,+","73.7",",,7,23,","30.6","1,7,20,","3969.0","7","25.5","1,7","167.1",",,,7","0","1,,,7","19.92","1,7","24.69","1,,,7","15.14",",,,7"
"USC00470124","2013-07","44.32684","-91.91933","204.2","ALMA DAM 4, WI US","256.6","7","157.8",",7","10",",7","4",",7","0",",7","0",",7","0",",7","0",",7","0",",7","0",",7","29",",7","4",",7","1","","20130728","+,,7","20130731","+,,7","20130731","+,,7","","","20130722",",,7","20130718","+,,7","9.4",",7,28,+","0",",,7,31,+","0",",,7,31,+","18.5",",,7,22,","33.9",",7,18,+","7.5","7","7.5",",7","44.5",",,,7","0",",,,7","23.18",",7","28.12",",,,7","18.24",",,,7"
"USC00470124","2013-08","44.32684","-91.91933","204.2","ALMA DAM 4, WI US","369.2","7","112.6","2,7","7",",7","5",",7","0",",7","0","2,7","0",",7","0","2,7","0","2,7","0",",7","31",",7","5",",7","6","","20130814",",2,7","20130831","+,2,7","20130831","+,,7","","","20130807",",,7","20130826",",,7","11.7","2,7,14,","0","2,,7,31,+","0",",,7,31,+","15.2",",,7,07,","34.4",",7,26,","8.9","7","1.4",",7","41.5",",,,7","0",",,,7","22.38","2,7","27.92",",,,7","16.84","2,,,7"
"USC00470124","2013-09","44.32684","-91.91933","204.2","ALMA DAM 4, WI US","437.9","7","68.7","1,7","8",",7","4",",7","0",",7","0",",7","0",",7","0","1,7","0","1,7","0",",7","25",",7","3",",7","2","","20130922",",1,7","20130930","+,,7","20130930","+,,7","","","20130915",",,7","20130909",",,7","5.0","1,7,22,","0",",,7,30,+","0",",,7,30,+","23.1",",,7,15,","33.9",",7,09,","45.4","7","36.5",",7","42.5",",,,7","0",",,,7","19.48","1,7","25.13",",,,7","13.83","1,,,7"
"USC00470124","2013-10","44.32684","-91.91933","204.2","ALMA DAM 4, WI US","440.1","7","2.2","2,7","11",",7","6",",7","0",",7","0",",7","0",",7","0",",7","6",",7","0","2,7","7","2,7","0","2,7","5","","20131023","+,,7","20131031","+,,7","20131023",",,7","","","20131003",",,7","20131011",",2,7","-3.3",",7,23,+","0",",,7,31,+","0",",T,7,23,","21.3",",,7,03,","24.4","2,7,11,","281.9","7","236.5","2,7","72.7",",,,7","0",",T,,7","10.19","2,7","14.72","2,,,7","5.67",",,,7"
"USC00470124","2013-11","44.32684","-91.91933","204.2","ALMA DAM 4, WI US","440.1","7","0.0","1,7","10",",7","2",",7","0",",7","0",",7","0",",7","0",",7","22",",7","5","1,7","0","1,7","0","1,7","1","","20131124",",,7","20131122","+,,7","20131122","+,,7","","","20131106",",,7","20131117",",1,7","-13.3",",7,24,","0",",T,7,22,+","0",",T,7,22,+","16.0",",,7,06,","14.4","1,7,17,","767.2","7","485.3","1,7","24.4",",,,7","0",",T,,7","1.44","1,7","5.73","1,,,7","-2.85",",,,7"
"USC00470124","2013-12","44.32684","-91.91933","204.2","ALMA DAM 4, WI US","440.1","7","0.0","1,7","15",",7","4",",7","0",",7","24",",7","5",",7","11",",7","31",",7","20","1,7","0","1,7","0","1,7","1","","20131231","+,,7","20131225",",,7","20131225",",,7","","","20131225",",,7","20131228",",1,7","-25.0",",7,31,+","178",",,7,25,","79",",,7,25,","8.4",",,7,25,","5.0","1,7,28,","1588.9","7","821.7","1,7","30.0",",,,7","288",",,,7","-9.10","1,7","-4.66","1,,,7","-13.54",",,,7"
"USC00470124","2014-01","44.32684","-91.91933","204.2","ALMA DAM 4, WI US","0.0","7","0.0",",7","12",",7","5",",7","0",",7","31",",7","8",",7","19",",7","31",",7","25",",7","0",",7","0",",7","","","20140106",",,7","20140120",",,7","20140119",",,7","","","20140114",",,7","20140112",",,7","-29.4",",7,06,","279",",,7,20,","89",",,7,19,","5.1",",,7,14,","5.6",",7,12,","2544.9","7","956.0",",7","29.8",",,,7","473",",,,7","-12.50",",7","-7.17",",,,7","-17.84",",,,7"
"USC00470124","2014-02","44.32684","-91.91933","204.2","ALMA DAM 4, WI US","0.0","7","0.0",",7","4",",7","3",",7","0",",7","28",",7","3",",7","16",",7","28",",7","25",",7","0",",7","0",",7","1","","20140211",",,7","20140223","+,,7","20140218",",,7","","","20140221",",,7","20140220",",,7","-27.8",",7,11,","457",",,7,23,+","130",",,7,18,","23.1",",,7,21,","6.1",",7,20,","3415.9","7","871.0",",7","33.8",",,,7","318",",,,7","-12.77",",7","-6.86",",,,7","-18.68",",,,7"
"USC00470124","2014-03","44.32684","-91.91933","204.2","ALMA DAM 4, WI US","0.0","7","0.0","1,7","10",",7","1",",7","0",",7","21","3,7","1",",7","2",",7","26",",7","8","1,7","0","1,7","0","1,7","","","20140303",",,7","20140306","+,3,7","20140301",",,7","","","20140328",",,7","20140331",",1,7","-27.8",",7,03,","381","3,,7,06,+","25",",,7,01,","12.7",",,7,28,","17.2","1,7,31,","4024.2","7","608.3","1,7","20.7",",,,7","51",",,,7","-2.03","1,7","2.78","1,,,7","-6.85",",,,7"
"USC00470124","2014-04","44.32684","-91.91933","204.2","ALMA DAM 4, WI US","0.0","7","0.0","1,7","17",",7","10",",7","0",",7","0",",7","0",",7","0",",7","9",",7","0","1,7","0","1,7","0","1,7","4","","20140415","+,,7","20140414","+,,7","20140404",",,7","1","","20140425",",,7","20140421",",1,7","-5.0",",7,15,+","0",",T,7,14,+","8",",,7,04,","21.1",",,7,25,","20.0","1,7,21,","4338.4","7","314.2","1,7","138.0",",,,7","8",",,,7","7.43","1,7","12.65","1,,,7","2.21",",,,7"
"USC00470124","2014-05","44.32684","-91.91933","204.2","ALMA DAM 4, WI US","28.4","7","28.4","2,7","11",",7","7",",7","1",",7","0",",7","0",",7","0",",7","0",",7","0","2,7","15","2,7","0","2,7","4","","20140516",",,7","20140531","+,,7","20140531","+,,7","","","20140512",",,7","20140531",",2,7","3.9",",7,16,","0",",,7,31,+","0",",,7,31,+","35.3",",,7,12,","30.6","2,7,31,","4447.1","7","108.7","2,7","88.6",",,,7","0",",,,7","15.58","2,7","21.07","2,,,7","10.09",",,,7"
"USC00470124","2014-06","44.32684","-91.91933","204.2","ALMA DAM 4, WI US","130.8","7","102.4",",7","17",",7","12",",7","4",",7","0",",7","0",",7","0",",7","0",",7","0",",7","30",",7","0",",7","","","20140613",",,7","20140630","+,,7","20140630","+,,7","","","20140629",",,7","20140620",",,7","9.4",",7,13,","0",",,7,30,+","0",",,7,30,+","54.1",",,7,29,","30.6",",7,20,","4450.5","7","3.4",",7","248.2",",,,7","0",",,,7","21.64",",7","26.45",",,,7","16.82",",,,7"
"USC00470124","2014-07","44.32684","-91.91933","204.2","ALMA DAM 4, WI US","229.4","7","98.6","1,7","10",",7","6",",7","0",",7","0",",7","0",",7","0","1,7","0","1,7","0",",7","30",",7","0",",7","","","20140728","+,1,7","20140731","+,,7","20140731","+,,7","","","20140708",",,7","20140721",",,7","12.2","1,7,28,+","0",",,7,31,+","0",",,7,31,+","23.6",",,7,08,","31.1",",7,21,","3.1","7","3.1",",7","52.0",",,,7","0",",,,7","21.52","1,7","26.02",",,,7","17.01","1,,,7"
"USC00470124","2014-08","44.32684","-91.91933","204.2","ALMA DAM 4, WI US","374.3","7","144.9",",7","14",",7","6",",7","3",",7","0",",7","0",",7","0",",7","0",",7","0",",7","31",",7","0",",7","7","","20140814",",,7","20140831","+,,7","20140831","+,,7","1","","20140805",",,7","20140825","+,,7","12.8",",7,14,","0",",,7,31,+","0",",,7,31,+","47.0",",,7,05,","30.6",",7,25,+","3.1","7","0.0",",7","146.7",",,,7","0",",,,7","23.01",",7","27.58",",,,7","18.43",",,,7"
"USC00470124","2014-09","44.32684","-91.91933","204.2","ALMA DAM 4, WI US","414.4","7","40.1","3,7","12",",7","7",",7","0",",7","0",",7","0",",7","0",",7","0",",7","0","3,7","21","3,7","0","3,7","3","","20140913",",,7","20140930","+,,7","20140930","+,,7","","","20140910",",,7","20140904",",3,7","2.8",",7,13,","0",",,7,30,+","0",",,7,30,+","22.4",",,7,10,","28.9","3,7,04,","53.3","7","50.2","3,7","82.8",",,,7","0",",,,7","17.81","3,7","23.13","3,,,7","12.50",",,,7"
"USC00470124","2014-10","44.32684","-91.91933","204.2","ALMA DAM 4, WI US","414.4","7","0.0",",7","9",",7","5",",7","1",",7","0",",7","0",",7","0",",7","1",",7","0",",7","0",",7","0",",7","5","","20141031",",,7","20141031","+,,7","20141031","+,,7","","","20141014",",,7","20141016",",,7","-1.7",",7,31,","0",",,7,31,+","0",",,7,31,+","26.7",",,7,14,","20.0",",7,16,","308.0","7","254.7",",7","58.6",",,,7","0",",,,7","10.12",",7","14.53",",,,7","5.70",",,,7"
"USC00470124","2014-11","44.32684","-91.91933","204.2","ALMA DAM 4, WI US","414.4","7","0.0","2,7","15",",7","3",",7","0",",7","18",",7","3",",7","0",",7","22",",7","13","2,7","0","2,7","0","2,7","","","20141128","+,,7","20141129","+,,7","20141111",",,7","","","20141124",",,7","20141102",",2,7","-16.7",",7,28,+","102",",,7,29,+","76",",,7,11,","5.8",",,7,24,","13.9","2,7,02,","858.7","7","550.7","2,7","21.9",",,,7","199",",,,7","-1.51","2,7","2.21","2,,,7","-5.23",",,,7"
"USC00470124","2014-12","44.32684","-91.91933","204.2","ALMA DAM 4, WI US","414.4","7","0.0",",7","6",",7","4",",7","0",",7","13",",7","2",",7","2",",7","25",",7","13",",7","0",",7","0",",7","7","","20141231",",,7","20141231","+,,7","20141227",",,7","","","20141227",",,7","20141215","+,,7","-21.1",",7,31,","76",",,7,31,+","79",",,7,27,","5.1",",,7,27,","9.4",",7,15,+","1520.2","7","661.5",",7","17.0",",,,7","107",",,,7","-3.01",",7","-0.21",",,,7","-5.81",",,,7"
"USC00470124","2015-01","44.32684","-91.91933","204.2","ALMA DAM 4, WI US","0.0","7","0.0","1,7","7",",7","0",",7","0",",7","31",",7","3",",7","9","1,7","30","1,7","17",",7","0",",7","0",",7","","","20150113",",1,7","20150109",",,7","20150109",",,7","","","20150121","+,,7","20150124",",,7","-24.4","1,7,13,","178",",,7,09,","89",",,7,09,","2.0",",,7,21,+","6.1",",7,24,","2273.9","7","753.7",",7","8.6",",,,7","219",",,,7","-6.72","1,7","-2.71",",,,7","-10.73","1,,,7"
"USC00470124","2015-02","44.32684","-91.91933","204.2","ALMA DAM 4, WI US","0.0","7","0.0","2,7","5",",7","1",",7","0",",7","28",",7","4",",7","12",",7","28",",7","23","2,7","0","2,7","0","2,7","2","","20150223",",,7","20150210","+,,7","20150204",",,7","","","20150204",",,7","20150207",",2,7","-25.0",",7,23,","127",",,7,10,+","89",",,7,04,","4.1",",,7,04,","2.8","2,7,07,","3016.5","7","742.6","2,7","8.7",",,,7","170",",,,7","-10.38","2,7","-5.48","2,,,7","-15.29",",,,7"
"USC00470124","2015-03","44.32684","-91.91933","204.2","ALMA DAM 4, WI US","0.0","7","0.0",",7","4",",7","2",",7","0",",7","8","3,7","2",",7","2",",7","21",",7","5",",7","0",",7","0",",7","","","20150306","+,,7","20150324","+,3,7","20150323",",,7","","","20150323",",,7","20150316",",,7","-21.7",",7,06,+","178","3,,7,24,+","183",",,7,23,","9.9",",,7,23,","17.2",",7,16,","3528.3","7","511.8",",7","19.8",",,,7","219",",,,7","1.82",",7","7.32",",,,7","-3.68",",,,7"
"USC00470124","2015-04","44.32684","-91.91933","204.2","ALMA DAM 4, WI US","0.0","7","0.0",",7","11",",7","7",",7","1",",7","1",",7","1",",7","0",",7","3",",7","0",",7","6",",7","0",",7","","","20150423","+,,7","20150410",",,7","20150410",",,7","2","","20150410",",,7","20150401",",,7","-0.6",",7,23,+","25",",,7,10,","28",",,7,10,","34.8",",,7,10,","25.6",",7,01,","3770.0","7","241.7",",7","96.6",",,,7","28",",,,7","10.28",",7","16.06",",,,7","4.50",",,,7"
"USC00470124","2015-05","44.32684","-91.91933","204.2","ALMA DAM 4, WI US","22.4","7","22.4",",7","16",",7","11",",7","3",",7","0",",7","0",",7","0",",7","0",",7","0",",7","19",",7","0",",7","2","","20150519",",,7","20150531","+,,7","20150531","+,,7","1","","20150508",",,7","20150503",",,7","2.8",",7,19,","0",",,7,31,+","0",",,7,31,+","36.8",",,7,08,","28.9",",7,03,","3858.4","7","88.4",",7","167.2",",,,7","0",",,,7","16.21",",7","21.59",",,,7","10.82",",,,7"
"USC00470124","2015-06","44.32684","-91.91933","204.2","ALMA DAM 4, WI US","105.9","7","83.5",",7","14",",7","9",",7","2",",7","0",",7","0",",7","0",",7","0",",7","0",",7","29",",7","1",",7","4","","20150601",",,7","20150630","+,,7","20150630","+,,7","1","","20150607",",,7","20150609",",,7","8.3",",7,01,","0",",,7,30,+","0",",,7,30,+","53.3",",,7,07,","33.3",",7,09,","3863.2","7","4.8",",7","146.1",",,,7","0",",,,7","20.96",",7","26.07",",,,7","15.84",",,,7"
"USC00470124","2015-07","44.32684","-91.91933","204.2","ALMA DAM 4, WI US","251.8","7","145.9",",7","8",",7","6",",7","1",",7","0",",7","0",",7","0",",7","0",",7","0",",7","31",",7","3",",7","4","","20150707","+,,7","20150731","+,,7","20150731","+,,7","","","20150713",",,7","20150717",",,7","12.2",",7,07,+","0",",,7,31,+","0",",,7,31,+","29.2",",,7,13,","33.3",",7,17,","3.0","7","3.0",",7","90.7",",,,7","0",",,,7","22.94",",7","28.12",",,,7","17.76",",,,7"
"USC00470124","2015-08","44.32684","-91.91933","204.2","ALMA DAM 4, WI US","349.9","7","98.1","1,7","10",",7","6",",7","3",",7","0",",7","0",",7","0","1,7","0","1,7","0",",7","30",",7","0",",7","3","","20150827",",1,7","20150831","+,,7","20150831","+,,7","2","","20150807",",,7","20150814",",,7","11.7","1,7,27,","0",",,7,31,+","0",",,7,31,+","36.8",",,7,07,","31.7",",7,14,","8.3","7","5.3",",7","106.4",",,,7","0",",,,7","21.50","1,7","26.27",",,,7","16.72","1,,,7"
"USC00470124","2015-09","44.32684","-91.91933","204.2","ALMA DAM 4, WI US","443.7","7","93.8","1,7","10",",7","5",",7","1",",7","0",",7","0",",7","0",",7","0",",7","0","1,7","23","1,7","0","1,7","3","","20150930",",,7","20150930","+,,7","20150930","+,,7","1","","20150918",",,7","20150904",",1,7","4.4",",7,30,","0",",,7,30,+","0",",,7,30,+","55.9",",,7,18,","31.1","1,7,04,","35.2","7","26.9","1,7","88.6",",,,7","0",",,,7","20.69","1,7","25.20","1,,,7","16.19",",,,7"
"USC00470124","2015-10","44.32684","-91.91933","204.2","ALMA DAM 4, WI US","447.6","7","3.9",",7","8",",7","5",",7","0",",7","0",",7","0",",7","0",",7","1",",7","0",",7","6",",7","0",",7","","","20151017",",,7","20151031","+,,7","20151031","+,,7","","","20151028",",,7","20151011",",,7","-0.6",",7,17,","0",",,7,31,+","0",",,7,31,+","16.8",",,7,28,","28.3",",7,11,","236.9","7","201.7",",7","46.8",",,,7","0",",,,7","11.95",",7","17.12",",,,7","6.79",",,,7"
"USC00470124","2015-11","44.32684","-91.91933","204.2","ALMA DAM 4, WI US","447.6","7","0.0",",7","9",",7","6",",7","0",",7","0",",7","0",",7","0",",7","10",",7","2",",7","2",",7","0",",7","2","","20151128",",,7","20151130","+,,7","20151130","+,,7","","","20151112",",,7","20151103",",,7","-8.3",",7,28,","0",",,7,30,+","0",",T,7,30,+","19.1",",,7,12,","21.7",",7,03,","591.0","7","354.1",",7","50.5",",,,7","0",",T,,7","6.53",",7","10.44",",,,7","2.61",",,,7"
"USC00470124","2015-12","44.32684","-91.91933","204.2","ALMA DAM 4, WI US","447.6","7","0.0",",7","12",",7","7",",7","0",",7","8",",7","3",",7","0",",7","20",",7","6",",7","0",",7","0",",7","3","","20151219",",,7","20151231","+,,7","20151229",",,7","","","20151215",",,7","20151204",",,7","-11.7",",7,19,","152",",,7,31,+","130",",,7,29,","24.1",",,7,15,","9.4",",7,04,","1130.3","7","539.3",",7","84.0",",,,7","219",",,,7","0.94",",7","3.47",",,,7","-1.59",",,,7"
"USC00470124","2016-01","44.32684","-91.91933","204.2","ALMA DAM 4, WI US","0.0","7","0.0",",7","7",",7","1",",7","0",",7","31",",7","0",",7","8",",7","30",",7","22",",7","0",",7","0",",7","4","","20160117",",,7","20160128","+,,7","20160107",",,7","","","20160108",",,7","20160130",",,7","-24.4",",7,17,","152",",,7,28,+","20",",,7,07,","5.3",",,7,08,","7.2",",7,30,","1912.7","7","782.4",",7","9.7",",,,7","74",",,,7","-6.91",",7","-3.37",",,,7","-10.45",",,,7"
"USC00470124","2016-02","44.32684","-91.91933","204.2","ALMA DAM 4, WI US","0.0","7","0.0",",7","5",",7","1",",7","0",",7","20",",7","1",",7","3",",7","24",",7","12",",7","0",",7","0",",7","1","","20160213",",,7","20160205","+,,7","20160203",",,7","","","20160203",",,7","20160227",",,7","-21.1",",7,13,","203",",,7,05,+","114",",,7,03,","8.6",",,7,03,","13.3",",7,27,","2533.1","7","620.4",",7","10.7",",,,7","155",",,,7","-3.06",",7","0.52",",,,7","-6.63",",,,7"
"USC00470124","2016-03","44.32684","-91.91933","204.2","ALMA DAM 4, WI US","0.0","7","0.0","1,7","10",",7","8",",7","1",",7","4",",7","3",",7","0",",7","14",",7","2","1,7","1","1,7","0","1,7","4","","20160302",",,7","20160325","+,,7","20160324",",,7","","","20160316",",,7","20160308",",1,7","-11.1",",7,02,","203",",,7,25,+","208",",,7,24,","36.8",",,7,16,","21.1","1,7,08,","2916.6","7","383.5","1,7","102.3",",,,7","310",",,,7","5.59","1,7","9.68","1,,,7","1.50",",,,7"
"USC00470124","2016-04","44.32684","-91.91933","204.2","ALMA DAM 4, WI US","4.2","7","4.2",",7","13",",7","6",",7","0",",7","0",",7","0",",7","0",",7","7",",7","0",",7","7",",7","0",",7","2","","20160409",",,7","20160403","+,,7","20160409","+,,7","","","20160401",",,7","20160416",",,7","-6.7",",7,09,","0",",T,7,03,+","0",",T,7,09,+","13.5",",,7,01,","26.1",",7,16,","3171.1","7","254.5",",7","49.8",",,,7","0",",T,,7","9.99",",7","14.91",",,,7","5.07",",,,7"
"USC00470124","2016-05","44.32684","-91.91933","204.2","ALMA DAM 4, WI US","39.8","7","35.6",",7","12",",7","5",",7","1",",7","0",",7","0",",7","0",",7","1",",7","0",",7","18",",7","0",",7","3","","20160515",",,7","20160531","+,,7","20160531","+,,7","2","","20160526",",,7","20160506",",,7","0.0",",7,15,","0",",,7,31,+","0",",,7,31,+","25.7",",,7,26,","30.6",",7,06,","3271.6","7","100.5",",7","76.3",",,,7","0",",,,7","16.24",",7","22.15",",,,7","10.33",",,,7"
"USC00470124","2016-06","44.32684","-91.91933","204.2","ALMA DAM 4, WI US","148.1","7","108.3","1,7","13",",7","11",",7","0",",7","0",",7","0",",7","0",",7","0",",7","0","1,7","29","1,7","3","1,7","2","","20160608",",,7","20160630","+,,7","20160630","+,,7","7","","20160604",",,7","20160610",",1,7","10.6",",7,08,","0",",,7,30,+","0",",,7,30,+","22.4",",,7,04,","34.4","1,7,10,","3273.8","7","2.2","1,7","113.8",",,,7","0",",,,7","21.96","1,7","27.37","1,,,7","16.55",",,,7"
"USC00470124","2016-07","44.32684","-91.91933","204.2","ALMA DAM 4, WI US","318.3","7","170.2",",7","13",",7","8",",7","1",",7","0",",7","0",",7","0",",7","0",",7","0",",7","31",",7","5",",7","2","","20160701",",,7","20160731","+,,7","20160731","+,,7","2","","20160717",",,7","20160722",",,7","13.3",",7,01,","0",",,7,31,+","0",",,7,31,+","31.5",",,7,17,","33.3",",7,22,","0.3","7","0.3",",7","90.0",",,,7","0",",,,7","23.81",",7","28.39",",,,7","19.24",",,,7"
"USC00470124","2016-08","44.32684","-91.91933","204.2","ALMA DAM 4, WI US","461.0","7","142.7",",7","9",",7","9",",7","2",",7","0",",7","0",",7","0",",7","0",",7","0",",7","30",",7","1",",7","7","","20160826",",,7","20160831","+,,7","20160831","+,,7","3","","20160811",",,7","20160803",",,7","13.9",",7,26,","0",",,7,31,+","0",",,7,31,+","128.5",",,7,11,","32.2",",7,03,","0.3","7","0.0",",7","270.9",",,,7","0",",,,7","22.94",",7","27.38",",,,7","18.49",",,,7"
"USC00470124","2016-09","44.32684","-91.91933","204.2","ALMA DAM 4, WI US","509.6","7","48.6",",7","15",",7","10",",7","3",",7","0",",7","0",",7","0",",7","0",",7","0",",7","25",",7","0",",7","1","","20160929","+,,7","20160930","+,,7","20160922","+,,7","5","","20160907",",,7","20160918","+,,7","9.4",",7,29,+","0",",,7,30,+","0",",T,7,22,+","67.1",",,7,07,","27.8",",7,18,+","20.1","7","19.8",",7","238.2",",,,7","0",",T,,7","19.29",",7","23.73",",,,7","14.85",",,,7"
"USC00470124","2016-10","44.32684","-91.91933","204.2","ALMA DAM 4, WI US","513.8","7","4.2",",7","9",",7","4",",7","1",",7","0",",7","0",",7","0",",7","0",",7","0",",7","10",",7","0",",7","2","","20161021",",,7","20161031","+,,7","20161031","+,,7","1","","20161026",",,7","20161017","+,,7","1.1",",7,21,","0",",,7,31,+","0",",,7,31,+","39.6",",,7,26,","23.3",",7,17,+","190.9","7","170.8",",7","76.9",",,,7","0",",,,7","12.96",",7","17.48",",,,7","8.43",",,,7"
"USC00470124","2016-11","44.32684","-91.91933","204.2","ALMA DAM 4, WI US","513.8","7","0.0",",7","7",",7","4",",7","0",",7","0",",7","0",",7","0",",7","6",",7","1",",7","2",",7","0",",7","7","","20161121",",,7","20161130","+,,7","20161123","+,,7","","","20161128",",,7","20161106","+,,7","-6.1",",7,21,","0",",,7,30,+","0",",T,7,23,+","13.5",",,7,28,","21.1",",7,06,+","512.3","7","321.4",",7","36.6",",,,7","0",",T,,7","7.62",",7","11.94",",,,7","3.30",",,,7"
"USC00470124","2016-12","44.32684","-91.91933","204.2","ALMA DAM 4, WI US","513.8","7","0.0",",7","12",",7","7",",7","0",",7","21",",7","5",",7","5",",7","29",",7","15",",7","0",",7","0",",7","2","","20161218",",,7","20161220","+,,7","20161211",",,7","","","20161226",",,7","20161226",",,7","-28.3",",7,18,","203",",,7,20,+","114",",,7,11,","14.2",",,7,26,","6.7",",7,26,","1247.0","7","734.7",",7","49.9",",,,7","383",",,,7","-5.37",",7","-2.13",",,,7","-8.60",",,,7"
"USC00470124","2017-01","44.32684","-91.91933","204.2","ALMA DAM 4, WI US","0.0","7","0.0",",7","12",",7","7",",7","0",",7","29",",7","5",",7","8",",7","27",",7","18",",7","0",",7","0",",7","7","","20170106",",,7","20170111",",,7","20170111",",,7","","","20170117",",,7","20170118",",,7","-23.3",",7,06,","178",",,7,11,","109",",,7,11,","17.8",",,7,17,","3.9",",7,18,","1995.1","7","748.1",",7","53.9",",,,7","227",",,,7","-5.80",",7","-2.72",",,,7","-8.88",",,,7"
"USC00470124","2017-02","44.32684","-91.91933","204.2","ALMA DAM 4, WI US","0.0","7","0.0",",7","5",",7","2",",7","0",",7","16",",7","2",",7","0",",7","22",",7","6",",7","0",",7","0",",7","2","","20170209",",,7","20170225",",,7","20170224",",,7","","","20170221",",,7","20170220","+,,7","-14.4",",7,09,","229",",,7,25,","155",",,7,24,","21.8",",,7,21,","15.6",",7,20,+","2513.2","7","518.1",",7","34.3",",,,7","180",",,,7","-0.17",",7","4.60",",,,7","-4.94",",,,7"
"USC00470124","2017-03","44.32684","-91.91933","204.2","ALMA DAM 4, WI US","0.0","7","0.0",",7","12",",7","5",",7","0",",7","8",",7","1",",7","0",",7","18",",7","6",",7","0",",7","0",",7","2","","20170310",",,7","20170314","+,,7","20170313",",,7","2","","20170307",",,7","20170307","+,,7","-13.3",",7,10,","76",",,7,14,+","74",",,7,13,","20.6",",,7,07,","17.8",",7,07,+","3023.9","7","510.7",",7","55.5",",,,7","99",",,,7","1.86",",7","6.05",",,,7","-2.34",",,,7"
"USC00470124","2017-04","44.32684","-91.91933","204.2","ALMA DAM 4, WI US","0.0","7","0.0",",7","11",",7","9",",7","1",",7","0",",7","0",",7","0",",7","2",",7","0",",7","4",",7","0",",7","2","","20170407",",,7","20170430","+,,7","20170411",",,7","1","","20170420",",,7","20170408",",,7","-0.6",",7,07,","0",",,7,30,+","0",",T,7,11,","26.2",",,7,20,","22.2",",7,08,","3253.0","7","229.1",",7","95.9",",,,7","0",",T,,7","10.70",",7","15.53",",,,7","5.87",",,,7"
"USC00470124","2017-05","44.32684","-91.91933","204.2","ALMA DAM 4, WI US","14.5","7","14.5",",7","15",",7","8",",7","1",",7","0",",7","0",",7","0",",7","0",",7","0",",7","14",",7","0",",7","3","","20170503",",,7","20170531","+,,7","20170531","+,,7","5","","20170517",",,7","20170516","+,,7","2.2",",7,03,","0",",,7,31,+","0",",,7,31,+","34.8",",,7,17,","27.8",",7,16,+","3378.0","7","125.0",",7","124.3",",,,7","0",",,,7","14.77",",7","19.96",",,,7","9.57",",,,7"
"USC00470124","2017-06","44.32684","-91.91933","204.2","ALMA DAM 4, WI US","109.1","7","94.6",",7","17",",7","10",",7","0",",7","0",",7","0",",7","0",",7","0",",7","0",",7","28",",7","4",",7","3","","20170601",",,7","20170630","+,,7","20170630","+,,7","3","","20170612",",,7","20170611","+,,7","8.3",",7,01,","0",",,7,30,+","0",",,7,30,+","24.1",",,7,12,","33.3",",7,11,+","3388.6","7","10.6",",7","113.7",",,,7","0",",,,7","21.13",",7","26.86",",,,7","15.40",",,,7"
"USC00470124","2017-07","44.32684","-91.91933","204.2","ALMA DAM 4, WI US","267.6","7","158.5",",7","8",",7","6",",7","2",",7","0",",7","0",",7","0",",7","0",",7","0",",7","31",",7","2",",7","5","","20170715","+,,7","20170731","+,,7","20170731","+,,7","2","","20170720",",,7","20170706",",,7","14.4",",7,15,+","0",",,7,31,+","0",",,7,31,+","161.8",",,7,20,","34.4",",7,06,","0.0","7","0.0",",7","236.9",",,,7","0",",,,7","23.45",",7","28.69",",,,7","18.20",",,,7"
"USC00470124","2017-08","44.32684","-91.91933","204.2","ALMA DAM 4, WI US","330.7","7","63.1","1,7","17",",7","8",",7","1",",7","0",",7","0",",7","0",",7","0",",7","0","1,7","29","1,7","0","1,7","8","","20170804",",,7","20170831","+,,7","20170831","+,,7","2","","20170817",",,7","20170820",",1,7","11.1",",7,04,","0",",,7,31,+","0",",,7,31,+","55.4",",,7,17,","30.0","1,7,20,","4.5","7","4.5","1,7","130.2",",,,7","0",",,,7","20.30","1,7","25.11","1,,,7","15.48",",,,7"
"USC00470124","2017-09","44.32684","-91.91933","204.2","ALMA DAM 4, WI US","415.7","7","85.0",",7","8",",7","3",",7","0",",7","0",",7","0",",7","0",",7","0",",7","0",",7","23",",7","1",",7","2","","20170930",",,7","20170930","+,,7","20170930","+,,7","","","20170926",",,7","20170922",",,7","7.2",",7,30,","0",",,7,30,+","0",",,7,30,+","7.4",",,7,26,","33.3",",7,22,","42.0","7","37.5",",7","24.4",",,,7","0",",,,7","19.92",",7","25.26",",,,7","14.57",",,,7"
"USC00470124","2017-10","44.32684","-91.91933","204.2","ALMA DAM 4, WI US","419.8","7","4.1","1,7","13",",7","9",",7","1",",7","0",",7","0",",7","0",",7","3",",7","0","1,7","9","1,7","0","1,7","","","20171031","+,,7","20171031","+,,7","20171031",",,7","1","","20171007",",,7","20171008",",1,7","-0.6",",7,31,+","0",",,7,31,+","0",",T,7,31,","33.0",",,7,07,","25.6","1,7,08,","243.4","7","201.4","1,7","107.6",",,,7","0",",T,,7","11.80","1,7","15.60","1,,,7","7.99",",,,7"
"USC00470124","2017-11","44.32684","-91.91933","204.2","ALMA DAM 4, WI US","419.8","7","0.0",",7","7",",7","3",",7","0",",7","0",",7","0",",7","0",",7","22",",7","2",",7","0",",7","0",",7","4","","20171110",",,7","20171130","+,,7","20171111","+,,7","","","20171104","+,,7","20171127",",,7","-11.7",",7,10,","0",",,7,30,+","0",",T,7,11,+","5.6",",,7,04,+","15.0",",7,27,","735.3","7","491.9",",7","18.4",",,,7","0",",T,,7","1.94",",7","5.95",",,,7","-2.08",",,,7"
"USC00470124","2017-12","44.32684","-91.91933","204.2","ALMA DAM 4, WI US","419.8","7","0.0",",7","9",",7","2",",7","0",",7","21",",7","1",",7","6",",7","30",",7","23",",7","0",",7","0",",7","1","","20171231",",,7","20171230","+,,7","20171222",",,7","","","20171205",",,7","20171204",",,7","-25.0",",7,31,","102",",,7,30,+","61",",,7,22,","3.3",",,7,05,","16.7",",7,04,","1492.0","7","756.7",",7","12.2",",,,7","127",",,,7","-6.08",",7","-2.73",",,,7","-9.43",",,,7"
"USC00470124","2018-01","44.32684","-91.91933","204.2","ALMA DAM 4, WI US","0.0","7","0.0",",7","9",",7","3",",7","0",",7","30",",7","4",",7","9",",7","30",",7","20",",7","0",",7","0",",7","2","","20180106","+,,7","20180116","+,,7","20180115",",,7","","","20180123",",,7","20180126",",,7","-25.6",",7,06,+","203",",,7,16,+","114",",,7,15,","16.0",",,7,23,","8.3",",7,26,","2307.3","7","815.3",",7","30.5",",,,7","325",",,,7","-7.97",",7","-3.26",",,,7","-12.67",",,,7"
"USC00470124","2018-02","44.32684","-91.91933","204.2","ALMA DAM 4, WI US","0.0","7","0.0",",7","10",",7","3",",7","0",",7","28",",7","3",",7","5",",7","28",",7","18",",7","0",",7","0",",7","2","","20180202",",,7","20180225",",,7","20180225",",,7","","","20180225",",,7","20180227",",,7","-21.7",",7,02,","152",",,7,25,","64",",,7,25,","6.4",",,7,25,","10.6",",7,27,","3018.2","7","710.9",",7","22.0",",,,7","213",",,,7","-7.06",",7","-2.12",",,,7","-11.99",",,,7"
"USC00470124","2018-03","44.32684","-91.91933","204.2","ALMA DAM 4, WI US","0.0","7","0.0","1,7","4",",7","2",",7","0",",7","15",",7","1",",7","0",",7","27",",7","2","1,7","0","1,7","0","1,7","2","","20180308",",,7","20180310","+,,7","20180306",",,7","","","20180306",",,7","20180328",",1,7","-12.2",",7,08,","152",",,7,10,+","152",",,7,06,","13.2",",,7,06,","11.1","1,7,28,","3533.5","7","515.3","1,7","27.0",",,,7","152",",,,7","1.18","1,7","5.81","1,,,7","-3.46",",,,7"
"USC00470124","2018-04","44.32684","-91.91933","204.2","ALMA DAM 4, WI US","1.1","7","1.1",",7","8",",7","8",",7","1",",7","13","1,7","6",",7","0",",7","19",",7","4",",7","1",",7","0",",7","1","","20180405",",,7","20180416",",1,7","20180414",",,7","1","","20180414",",,7","20180430",",,7","-10.6",",7,05,","203","1,,7,16,","81",",,7,14,","32.0",",,7,14,","26.7",",7,30,","3981.6","7","448.1",",7","71.9",",,,7","350",",,,7","3.43",",7","8.67",",,,7","-1.80",",,,7"
"USC00470124","2018-05","44.32684","-91.91933","204.2","ALMA DAM 4, WI US","72.1","7","71.0",",7","13",",7","10",",7","1",",7","0",",7","0",",7","0",",7","0",",7","0",",7","22",",7","4",",7","5","","20180511",",,7","20180531","+,,7","20180531","+,,7","2","","20180531",",,7","20180528",",,7","3.3",",7,11,","0",",,7,31,+","0",",,7,31,+","25.7",",,7,31,","34.4",",7,28,","4029.8","7","48.2",",7","156.9",",,,7","0",",,,7","19.07",",7","24.82",",,,7","13.31",",,,7"
"USC00470124","2018-06","44.32684","-91.91933","204.2","ALMA DAM 4, WI US","191.5","7","119.4","2,7","14",",7","8",",7","2",",7","0",",7","0",",7","0","1,7","0","1,7","0","1,7","28","1,7","4","1,7","1","","20180604",",1,7","20180630","+,,7","20180630","+,,7","1","","20180610",",,7","20180617",",1,7","11.7","1,7,04,","0",",,7,30,+","0",",,7,30,+","36.3",",,7,10,","34.4","1,7,17,","4031.2","7","1.4","1,7","123.0",",,,7","0",",,,7","22.60","2,7","27.53","1,,,7","17.67","1,,,7"
"USC00470124","2018-07","44.32684","-91.91933","204.2","ALMA DAM 4, WI US","345.3","7","153.8",",7","8",",7","6",",7","1",",7","0",",7","0",",7","0",",7","0",",7","0",",7","31",",7","1",",7","5","","20180728",",,7","20180731","+,,7","20180731","+,,7","1","","20180713",",,7","20180712",",,7","14.4",",7,28,","0",",,7,31,+","0",",,7,31,+","57.2",",,7,13,","32.8",",7,12,","0.0","7","0.0",",7","98.6",",,,7","0",",,,7","23.29",",7","28.10",",,,7","18.49",",,,7"
"USC00470124","2018-08","44.32684","-91.91933","204.2","ALMA DAM 4, WI US","478.5","7","133.2","1,7","12",",7","7",",7","0",",7","0",",7","0",",7","0",",7","0",",7","0","1,7","30","1,7","0","1,7","9","","20180830",",,7","20180831","+,,7","20180831","+,,7","3","","20180802",",,7","20180814","+,1,7","11.7",",7,30,","0",",,7,31,+","0",",,7,31,+","14.0",",,7,02,","31.7","1,7,14,+","2.2","7","2.2","1,7","60.2",",,,7","0",",,,7","22.74","1,7","27.29","1,,,7","18.19",",,,7"
"USC00470124","2018-09","44.32684","-91.91933","204.2","ALMA DAM 4, WI US","544.7","7","66.2",",7","9",",7","6",",7","3",",7","0",",7","0",",7","0",",7","0",",7","0",",7","23",",7","0",",7","1","","20180929",",,7","20180930","+,,7","20180930","+,,7","2","","20180905",",,7","20180915",",,7","2.8",",7,29,","0",",,7,30,+","0",",,7,30,+","113.8",",,7,05,","31.1",",7,15,","53.3","7","51.1",",7","202.5",",,,7","0",",,,7","18.84",",7","23.21",",,,7","14.46",",,,7"
"USC00470124","2018-10","44.32684","-91.91933","204.2","ALMA DAM 4, WI US","545.6","7","0.9","2,7","16",",7","12",",7","1",",7","0",",7","0",",7","0","2,7","3","2,7","0",",7","1",",7","0",",7","3","","20181021",",2,7","20181031","+,,7","20181015",",,7","1","","20181010",",,7","20181003",",,7","-1.7","2,7,21,","0",",,7,31,+","0",",T,7,15,","33.5",",,7,10,","26.7",",7,03,","333.7","7","280.4",",7","122.1",",,,7","0",",T,,7","8.66","2,7","12.78",",,,7","4.55","2,,,7"
"USC00470124","2018-11","44.32684","-91.91933","204.2","ALMA DAM 4, WI US","545.6","7","0.0",",7","9",",7","5",",7","0",",7","5",",7","0",",7","0",",7","23",",7","14",",7","0",",7","0",",7","2","","20181118",",,7","20181130","+,,7","20181109",",,7","","","20181105",",,7","20181101",",,7","-13.9",",7,18,","25",",,7,30,+","23",",,7,09,","14.5",",,7,05,","10.0",",7,01,","914.8","7","581.1",",7","45.5",",,,7","49",",,,7","-1.04",",7","2.00",",,,7","-4.07",",,,7"
"USC00470124","2018-12","44.32684","-91.91933","204.2","ALMA DAM 4, WI US","545.6","7","0.0","1,7","8",",7","3",",7","0",",7","19",",7","3",",7","0",",7","28",",7","14","1,7","0","1,7","0","1,7","4","","20181207",",,7","20181213","+,,7","20181202",",,7","","","20181228",",,7","20181218",",1,7","-15.6",",7,07,","76",",,7,13,+","86",",,7,02,","20.6",",,7,28,","7.8","1,7,18,","1530.2","7","615.4","1,7","44.3",",,,7","165",",,,7","-2.23","1,7","0.71","1,,,7","-5.18",",,,7"
"USC00470124","2019-01","44.32684","-91.91933","204.2","ALMA DAM 4, WI US","0.0","7","0.0","2,7","7",",7","3",",7","0",",7","13",",7","2",",7","10","2,7","29","2,7","20",",7","0",",7","0",",7","","","20190131",",2,7","20190130","+,,7","20190128",",,7","","","20190128",",,7","20190105",",,7","-33.9","2,7,31,","178",",,7,30,+","142",",,7,28,","11.9",",,7,28,","10.0",",7,05,","2316.4","7","786.2",",7","20.6",",,,7","237",",,,7","-8.83","2,7","-4.21",",,,7","-13.46","2,,,7"
"USC00470124","2019-02","44.32684","-91.91933","204.2","ALMA DAM 4, WI US","0.0","7","0.0","2,7","16",",7","12",",7","2",",7","28",",7","9",",7","13","1,7","27","1,7","24","1,7","0","1,7","0","1,7","3","","20190201",",1,7","20190224",",,7","20190224",",,7","","","20190224",",,7","20190204","+,1,7","-33.9","1,7,01,","737",",,7,24,","356",",,7,24,","35.6",",,7,24,","5.0","1,7,04,+","3077.6","7","761.2","1,7","122.8",",,,7","1149",",,,7","-10.99","2,7","-5.45","1,,,7","-16.53","1,,,7"
"USC00470124","2019-03","44.32684","-91.91933","204.2","ALMA DAM 4, WI US","0.0","7","0.0",",7","5",",7","5",",7","1",",7","26",",7","2",",7","8",",7","27",",7","9",",7","0",",7","0",",7","3","","20190304",",,7","20190302",",,7","20190310","+,,7","","","20190313",",,7","20190328",",,7","-25.0",",7,04,","686",",,7,02,","102",",,7,10,+","27.9",",,7,13,","15.6",",7,28,","3731.5","7","653.9",",7","44.1",",,,7","204",",,,7","-2.76",",7","2.34",",,,7","-7.85",",,,7"
"USC00470124","2019-04","44.32684","-91.91933","204.2","ALMA DAM 4, WI US","0.6","7","0.6",",7","12",",7","7",",7","1",",7","4",",7","2",",7","0",",7","12",",7","0",",7","2",",7","0",",7","1","","20190401",",,7","20190411",",,7","20190411",",,7","2","","20190418",",,7","20190422",",,7","-3.9",",7,01,","152",",,7,11,","157",",,7,11,","43.9",",,7,18,","26.1",",7,22,","4061.6","7","330.1",",7","98.3",",,,7","213",",,,7","7.35",",7","12.35",",,,7","2.35",",,,7"
"USC00470124","2019-05","44.32684","-91.91933","204.2","ALMA DAM 4, WI US","2.0","7","1.4",",7","14",",7","10",",7","3",",7","0",",7","0",",7","0",",7","0",",7","0",",7","8",",7","0",",7","1","","20190502",",,7","20190531","+,,7","20190531","+,,7","2","","20190528",",,7","20190517",",,7","1.7",",7,02,","0",",,7,31,+","0",",,7,31,+","38.6",",,7,28,","25.6",",7,17,","4249.0","7","187.4",",7","176.4",",,,7","0",",,,7","12.33",",7","17.01",",,,7","7.66",",,,7"
"USC00470124","2019-06","44.32684","-91.91933","204.2","ALMA DAM 4, WI US","52.9","7","50.9",",7","13",",7","9",",7","2",",7","0",",7","0",",7","0",",7","0",",7","0",",7","26",",7","0",",7","","","20190614","+,,7","20190630","+,,7","20190630","+,,7","","","20190628",",,7","20190630",",,7","7.8",",7,14,+","0",",,7,30,+","0",",,7,30,+","80.0",",,7,28,","30.6",",7,30,","4271.7","7","22.7",",7","176.5",",,,7","0",",,,7","19.28",",7","24.57",",,,7","13.98",",,,7"
"USC00470124","2019-07","44.32684","-91.91933","204.2","ALMA DAM 4, WI US","201.1","7","148.2",",7","15",",7","11",",7","3",",7","0",",7","0",",7","0",",7","0",",7","0",",7","31",",7","2",",7","1","","20190731",",,7","20190731","+,,7","20190731","+,,7","5","","20190702",",,7","20190720",",,7","13.3",",7,31,","0",",,7,31,+","0",",,7,31,+","55.6",",,7,02,","33.3",",7,20,","0.0","7","0.0",",7","226.5",",,,7","0",",,,7","23.11",",7","27.88",",,,7","18.35",",,,7"
"USC00470124","2019-08","44.32684","-91.91933","204.2","ALMA DAM 4, WI US","274.1","7","73.0",",7","9",",7","6",",7","1",",7","0",",7","0",",7","0",",7","0",",7","0",",7","31",",7","0",",7","5","","20190831","+,,7","20190831","+,,7","20190831","+,,7","1","","20190813",",,7","20190806","+,,7","11.1",",7,31,+","0",",,7,31,+","0",",,7,31,+","29.7",",,7,13,","30.6",",7,06,+","3.7","7","3.7",",7","92.5",",,,7","0",",,,7","20.57",",7","25.54",",,,7","15.60",",,,7"
"USC00470124","2019-09","44.32684","-91.91933","204.2","ALMA DAM 4, WI US","311.6","7","37.5","1,7","13",",7","7",",7","3",",7","0",",7","0",",7","0","1,7","0","1,7","0",",7","21",",7","0",",7","2","","20190929","+,1,7","20190930","+,,7","20190930","+,,7","5","","20190913",",,7","20190916",",,7","9.4","1,7,29,+","0",",,7,30,+","0",",,7,30,+","52.3",",,7,13,","30.0",",7,16,","38.4","7","34.7",",7","165.7",",,,7","0",",,,7","18.50","1,7","23.26",",,,7","13.74","1,,,7"
"USC00470124","2019-10","44.32684","-91.91933","204.2","ALMA DAM 4, WI US","316.9","7","5.3",",7","12",",7","7",",7","2",",7","0",",7","0",",7","0",",7","7",",7","1",",7","2",",7","0",",7","1","","20191031",",,7","20191031","+,,7","20191031","+,,7","","","20191022",",,7","20191001",",,7","-3.9",",7,31,","0",",,7,31,+","0",",,7,31,+","38.4",",,7,22,","29.4",",7,01,","355.9","7","317.5",",7","120.1",",,,7","0",",,,7","8.26",",7","12.19",",,,7","4.33",",,,7"
"USC00470124","2019-11","44.32684","-91.91933","204.2","ALMA DAM 4, WI US","316.9","7","0.0","1,7","16",",7","5",",7","0",",7","8",",7","4",",7","0","1,7","25","1,7","9",",7","0",",7","0",",7","2","","20191113","+,1,7","20191130","+,,7","20191106",",,7","","","20191121",",,7","20191121",",,7","-14.4","1,7,13,+","76",",,7,30,+","71",",,7,06,","14.7",",,7,21,","8.3",",7,21,","916.8","7","560.9",",7","52.2",",,,7","193",",,,7","-0.94","1,7","2.16",",,,7","-4.04","1,,,7"
"USC00470124","2019-12","44.32684","-91.91933","204.2","ALMA DAM 4, WI US","316.9","7","0.0","1,7","8",",7","6",",7","0",",7","31",",7","4",",7","7",",7","31",",7","15","1,7","0","1,7","0","1,7","2","","20191216","+,,7","20191216","+,,7","20191231",",,7","","","20191229",",,7","20191230",",1,7","-21.7",",7,16,+","152",",,7,16,+","89",",,7,31,","15.0",",,7,29,","9.4","1,7,30,","1607.4","7","690.6","1,7","46.4",",,,7","258",",,,7","-4.62","1,7","-0.22","1,,,7","-9.02",",,,7"
"USC00470124","2020-01","44.32684","-91.91933","204.2","ALMA DAM 4, WI US","0.0","7","0.0","1,7","9",",7","4",",7","0",",7","26","5,7","4","1,7","7","1,7","30","1,7","22",",7","0",",7","0",",7","2","","20200121",",1,7","20200123",",5,7","20200123",",1,7","","","20200118",",,7","20200110",",,7","-21.7","1,7,21,","279","5,,7,23,","89","1,,7,23,","7.6",",,7,18,","5.6",",7,10,","2345.3","7","737.9",",7","25.1",",,,7","301","1,,,7","-6.23","1,7","-2.14",",,,7","-10.32","1,,,7"
"USC00470124","2020-02","44.32684","-91.91933","204.2","ALMA DAM 4, WI US","0.0","7","0.0","1,7","5",",7","3",",7","0",",7","29",",7","3",",7","7",",7","29",",7","18","1,7","0","1,7","0","1,7","1","","20200214",",,7","20200211","+,,7","20200209",",,7","","","20200209",",,7","20200203","+,1,7","-25.6",",7,14,","254",",,7,11,+","122",",,7,09,","8.4",",,7,09,","6.7","1,7,03,+","3051.2","7","705.9","1,7","19.3",",,,7","239",",,,7","-6.78","1,7","-1.39","1,,,7","-12.17",",,,7"
"USC00470124","2020-03","44.32684","-91.91933","204.2","ALMA DAM 4, WI US","0.0","7","0.0","1,7","13",",7","6",",7","0",",7","9",",7","0",",7","0",",7","23",",7","0","1,7","0","1,7","0","1,7","3","","20200301",",,7","20200302","+,,7","20200322","+,,7","","","20200329",",,7","20200309",",1,7","-10.6",",7,01,","102",",,7,02,+","0",",T,7,22,+","24.9",",,7,29,","14.4","1,7,09,","3533.3","7","482.1","1,7","84.4",",,,7","0",",T,,7","2.29","1,7","6.25","1,,,7","-1.67",",,,7"
"USC00470124","2020-04","44.32684","-91.91933","204.2","ALMA DAM 4, WI US","0.0","7","0.0",",7","6",",7","4",",7","0",",7","2",",7","1",",7","0",",7","14",",7","1",",7","1",",7","0",",7","","","20200416","+,,7","20200413",",,7","20200413",",,7","","","20200413",",,7","20200428",",,7","-6.1",",7,16,+","127",",,7,13,","127",",,7,13,","17.0",",,7,13,","21.1",",7,28,","3894.0","7","360.7",",7","32.5",",,,7","127",",,,7","6.31",",7","11.57",",,,7","1.05",",,,7"
"USC00470124","2020-05","44.32684","-91.91933","204.2","ALMA DAM 4, WI US","18.8","7","18.8",",7","13",",7","8",",7","1",",7","0",",7","0",",7","0",",7","2",",7","0",",7","10",",7","0",",7","1","","20200510",",,7","20200531","+,,7","20200531","+,,7","","","20200518",",,7","20200527",",,7","-0.6",",7,10,","0",",,7,31,+","0",",,7,31,+","59.4",",,7,18,","27.2",",7,27,","4051.0","7","157.0",",7","145.3",",,,7","0",",,,7","13.87",",7","18.87",",,,7","8.87",",,,7"
"USC00470124","2020-06","44.32684","-91.91933","204.2","ALMA DAM 4, WI US","110.3","7","91.5","1,7","12",",7","10",",7","1",",7","0",",7","0",",7","0","1,7","0","1,7","0",",7","29",",7","2",",7","4","","20200601",",1,7","20200630","+,,7","20200630","+,,7","4","","20200610",",,7","20200609","+,,7","8.3","1,7,01,","0",",,7,30,+","0",",,7,30,+","56.1",",,7,10,","32.2",",7,09,+","4061.9","7","10.9",",7","126.9",",,,7","0",",,,7","21.17","1,7","26.87",",,,7","15.48","1,,,7"
"USC00470124","2020-07","44.32684","-91.91933","204.2","ALMA DAM 4, WI US","275.6","7","165.3",",7","10",",7","6",",7","0",",7","0",",7","0",",7","0",",7","0",",7","0",",7","30",",7","4",",7","5","","20200724",",,7","20200731","+,,7","20200731","+,,7","3","","20200727",",,7","20200709","+,,7","13.9",",7,24,","0",",,7,31,+","0",",,7,31,+","16.0",",,7,27,","32.8",",7,09,+","1.1","7","1.1",",7","62.0",",,,7","0",",,,7","23.63",",7","28.91",",,,7","18.35",",,,7"
"USC00470124","2020-08","44.32684","-91.91933","204.2","ALMA DAM 4, WI US","393.4","7","117.8",",7","11",",7","4",",7","1",",7","0",",7","0",",7","0",",7","0",",7","0",",7","29",",7","1",",7","1","","20200804","+,,7","20200831","+,,7","20200831","+,,7","3","","20200822",",,7","20200827",",,7","11.7",",7,04,+","0",",,7,31,+","0",",,7,31,+","73.7",",,7,22,","32.8",",7,27,","6.3","7","5.2",",7","107.0",",,,7","0",",,,7","21.96",",7","27.25",",,,7","16.67",",,,7"
"USC00470124","2020-09","44.32684","-91.91933","204.2","ALMA DAM 4, WI US","409.0","7","15.6",",7","10",",7","8",",7","0",",7","0",",7","0",",7","0",",7","0",",7","0",",7","16",",7","0",",7","4","","20200919",",,7","20200930","+,,7","20200930","+,,7","","","20200901",",,7","20200926","+,,7","2.8",",7,19,","0",",,7,30,+","0",",,7,30,+","21.3",",,7,01,","27.2",",7,26,+","105.2","7","98.9",",7","57.5",",,,7","0",",,,7","15.56",",7","20.37",",,,7","10.74",",,,7"
"USC00470124","2020-10","44.32684","-91.91933","204.2","ALMA DAM 4, WI US","409.8","7","0.8",",7","10",",7","5",",7","0",",7","2",",7","2",",7","0",",7","12",",7","2",",7","2",",7","0",",7","","","20201028",",,7","20201021",",,7","20201021",",,7","1","","20201012",",,7","20201010",",,7","-7.2",",7,28,","51",",,7,21,","56",",,7,21,","15.7",",,7,12,","26.1",",7,10,","474.1","7","368.9",",7","54.6",",,,7","81",",,,7","6.46",",7","10.65",",,,7","2.27",",,,7"
"USC00470124","2020-11","44.32684","-91.91933","204.2","ALMA DAM 4, WI US","409.8","7","0.0",",7","4",",7","3",",7","1",",7","0",",7","0",",7","0",",7","19",",7","0",",7","6",",7","0",",7","","","20201114",",,7","20201116","+,,7","20201125","+,,7","","","20201110",",,7","20201104",",,7","-7.2",",7,14,","0",",T,7,16,+","0",",T,7,25,+","39.6",",,7,10,","23.3",",7,04,","888.8","7","414.7",",7","56.7",",,,7","0",",T,,7","4.51",",7","9.26",",,,7","-0.24",",,,7"
"USC00470124","2020-12","44.32684","-91.91933","204.2","ALMA DAM 4, WI US","409.8","7","0.0",",7","3",",7","1",",7","0",",7","2",",7","1",",7","2",",7","31",",7","13",",7","0",",7","0",",7","","","20201226","+,,7","20201231","+,,7","20201230",",,7","","","20201230",",,7","20201211",",,7","-18.3",",7,26,+","25",",,7,31,+","25",",,7,30,","2.5",",,7,30,","12.2",",7,11,","1560.6","7","671.8",",7","3.8",",,,7","38",",,,7","-3.34",",7","1.06",",,,7","-7.73",",,,7"
"USC00470124","2021-01","44.32684","-91.91933","204.2","ALMA DAM 4, WI US","0.0","7","0.0","3,7","6",",7","3",",7","0",",7","30",",7","4",",7","0","2,7","28","2,7","19","1,7","0","1,7","0","1,7","7","","20210123","+,2,7","20210131","+,,7","20210124",",,7","","","20210115",",,7","20210114",",1,7","-16.1","2,7,23,+","102",",,7,31,+","79",",,7,24,","13.0",",,7,15,","5.0","1,7,14,","2212.8","7","652.2","1,7","25.0",",,,7","219",",,,7","-5.02","3,7","-1.69","1,,,7","-8.35","2,,,7"
"USC00470124","2021-02","44.32684","-91.91933","204.2","ALMA DAM 4, WI US","0.0","7","0.0","2,7","8",",7","3",",7","0",",7","26","1,7","2","1,7","16","1,7","27","1,7","20","2,7","0","2,7","0","2,7","2","","20210216","+,1,7","20210223","+,1,7","20210205",",1,7","","","20210205",",,7","20210228",",2,7","-28.3","1,7,16,+","229","1,,7,23,+","102","1,,7,05,","8.6",",,7,05,","9.4","2,7,28,","2999.7","7","786.9","2,7","18.6",",,,7","181","1,,,7","-11.91","2,7","-7.40","2,,,7","-16.43","1,,,7"
"USC00470124","2021-03","44.32684","-91.91933","204.2","ALMA DAM 4, WI US","0.0","7","0.0",",7","9",",7","6",",7","0",",7","2",",7","2",",7","0",",7","23",",7","1",",7","0",",7","0",",7","2","","20210302",",,7","20210317",",,7","20210316",",,7","","","20210324",",,7","20210330",",,7","-8.9",",7,02,","76",",,7,17,","56",",,7,16,","11.7",",,7,24,","20.6",",7,30,","3439.8","7","440.1",",7","47.3",",,,7","94",",,,7","4.14",",7","9.58",",,,7","-1.31",",,,7"
"USC00470124","2021-04","44.32684","-91.91933","204.2","ALMA DAM 4, WI US","0.5","7","0.5",",7","8",",7","3",",7","0",",7","0",",7","0",",7","0",",7","9",",7","0",",7","5",",7","0",",7","","","20210402",",,7","20210430","+,,7","20210414",",,7","","","20210409",",,7","20210406",",,7","-6.7",",7,02,","0",",,7,30,+","0",",T,7,14,","14.7",",,7,09,","25.6",",7,06,","3753.0","7","313.2",",7","35.0",",,,7","0",",T,,7","7.91",",7","12.84",",,,7","2.98",",,,7"
"USC00470124","2021-05","44.32684","-91.91933","204.2","ALMA DAM 4, WI US","19.3","7","18.8","1,7","15",",7","8",",7","1",",7","0",",7","0",",7","0",",7","0",",7","0","1,7","12","1,7","0","1,7","3","","20210512",",,7","20210531","+,,7","20210531","+,,7","1","","20210528",",,7","20210526",",1,7","1.1",",7,12,","0",",,7,31,+","0",",,7,31,+","29.0",",,7,28,","29.4","1,7,26,","3899.7","7","146.7","1,7","102.7",",,,7","0",",,,7","14.24","1,7","19.28","1,,,7","9.21",",,,7"
"USC00470124","2021-06","44.32684","-91.91933","204.2","ALMA DAM 4, WI US","162.4","7","143.1",",7","6",",7","6",",7","2",",7","0",",7","0",",7","0",",7","0",",7","0",",7","29",",7","8",",7","1","","20210623",",,7","20210630","+,,7","20210630","+,,7","2","","20210621",",,7","20210611","+,,7","8.3",",7,23,","0",",,7,30,+","0",",,7,30,+","46.7",",,7,21,","34.4",",7,11,+","3909.1","7","9.4",",7","134.8",",,,7","0",",,,7","22.79",",7","28.52",",,,7","17.06",",,,7"
"USC00470124","2021-07","44.32684","-91.91933","204.2","ALMA DAM 4, WI US","288.0","7","125.6",",7","8",",7","4",",7","0",",7","0",",7","0",",7","0",",7","0",",7","0",",7","30",",7","2",",7","5","","20210711",",,7","20210731","+,,7","20210731","+,,7","2","","20210729",",,7","20210706","+,,7","12.2",",7,11,","0",",,7,31,+","0",",,7,31,+","23.6",",,7,29,","32.2",",7,06,+","2.0","7","2.0",",7","81.2",",,,7","0",",,,7","22.32",",7","27.65",",,,7","16.98",",,,7"
"USC00470124","2021-08","44.32684","-91.91933","204.2","ALMA DAM 4, WI US","393.8","7","105.8",",7","10",",7","9",",7","4",",7","0",",7","0",",7","0",",7","0",",7","0",",7","31",",7","0",",7","2","","20210823","+,,7","20210831","+,,7","20210831","+,,7","3","","20210808",",,7","20210811",",,7","12.8",",7,23,+","0",",,7,31,+","0",",,7,31,+","56.1",",,7,08,","30.6",",7,11,","2.6","7","0.6",",7","204.5",",,,7","0",",,,7","21.73",",7","26.67",",,,7","16.79",",,,7"
"USC00470124","2021-09","44.32684","-91.91933","204.2","ALMA DAM 4, WI US","418.4","7","24.6",",7","5",",7","5",",7","1",",7","0",",7","0",",7","0",",7","0",",7","0",",7","24",",7","0",",7","6","","20210926","+,,7","20210930","+,,7","20210930","+,,7","1","","20210921",",,7","20210920",",,7","6.7",",7,26,+","0",",,7,30,+","0",",,7,30,+","31.8",",,7,21,","30.0",",7,20,","43.6","7","41.0",",7","65.9",",,,7","0",",,,7","17.79",",7","23.55",",,,7","12.02",",,,7"
"USC00470124","2021-10","44.32684","-91.91933","204.2","ALMA DAM 4, WI US","431.8","7","13.4",",7","7",",7","4",",7","0",",7","0",",7","0",",7","0",",7","1",",7","0",",7","10",",7","0",",7","3","","20211024",",,7","20211031","+,,7","20211031","+,,7","1","","20211021",",,7","20211002","+,,7","0.0",",7,24,","0",",,7,31,+","0",",,7,31,+","8.9",",,7,21,","27.8",",7,02,+","211.4","7","167.8",",7","27.4",",,,7","0",",,,7","13.35",",7","17.86",",,,7","8.84",",,,7"
"USC00470124","2021-11","44.32684","-91.91933","204.2","ALMA DAM 4, WI US","431.8","7","0.0",",7","4",",7","2",",7","1",",7","0",",7","0",",7","0",",7","20",",7","3",",7","0",",7","0",",7","","","20211122",",,7","20211130","+,,7","20211119","+,,7","","","20211111",",,7","20211107",",,7","-8.3",",7,22,","0",",,7,30,+","0",",T,7,19,+","37.6",",,7,11,","20.0",",7,07,","674.6","7","463.2",",7","47.2",",,,7","0",",T,,7","2.89",",7","7.08",",,,7","-1.30",",,,7"
"USC00470124","2021-12","44.32684","-91.91933","204.2","ALMA DAM 4, WI US","431.8","7","0.0","1,7","9",",7","4",",7","0",",7","10",",7","3",",7","2",",7","29",",7","14","1,7","0","1,7","0","1,7","1","","20211230","+,,7","20211214","+,,7","20211211",",,7","1","","20211211",",,7","20211216",",1,7","-20.0",",7,30,+","229",",,7,14,+","218",",,7,11,","12.4",",,7,11,","19.4","1,7,16,","1320.2","7","645.6","1,7","31.4",",,,7","358",",,,7","-3.09","1,7","1.10","1,,,7","-7.27",",,,7"
"USC00470124","2022-01","44.32684","-91.91933","204.2","ALMA DAM 4, WI US","0.0","7","0.0","3,7","9",",7","2",",7","0",",7","31",",7","3",",7","17","3,7","28","3,7","25",",7","0",",7","0",",7","1","","20220127","+,3,7","20220127","+,,7","20220123",",,7","","","20220115",",,7","20220113",",,7","-26.7","3,7,27,+","152",",,7,27,+","66",",,7,23,","4.6",",,7,15,","5.0",",7,13,","2179.0","7","858.8",",7","13.4",",,,7","198",",,,7","-12.23","3,7","-6.02",",,,7","-18.44","3,,,7"
"USC00470124","2022-02","44.32684","-91.91933","204.2","ALMA DAM 4, WI US","0.0","7","0.0","1,7","6",",7","3",",7","0",",7","26",",7","1",",7","12","1,7","27","1,7","17",",7","0",",7","0",",7","","","20220204",",1,7","20220215","+,,7","20220223",",,7","","","20220223",",,7","20220221",",,7","-22.8","1,7,04,","76",",,7,15,+","51",",,7,23,","3.8",",,7,23,","7.8",",7,21,","2917.6","7","738.6",",7","11.9",",,,7","82",",,,7","-8.91","1,7","-2.96",",,,7","-14.86","1,,,7"
"USC00470124","2022-03","44.32684","-91.91933","204.2","ALMA DAM 4, WI US","0.0","7","0.0",",7","7",",7","5",",7","0",",7","3",",7","0",",7","0",",7","24",",7","7",",7","0",",7","0",",7","","","20220312",",,7","20220303","+,,7","20220326","+,,7","","","20220323",",,7","20220322",",,7","-17.2",",7,12,","25",",,7,03,+","0",",T,7,26,+","19.6",",,7,23,","18.9",",7,22,","3472.5","7","554.9",",7","42.5",",,,7","0",",T,,7","0.43",",7","4.84",",,,7","-3.97",",,,7"
"USC00470124","2022-04","44.32684","-91.91933","204.2","ALMA DAM 4, WI US","0.0","7","0.0",",7","12",",7","5",",7","1",",7","0",",7","0",",7","0",",7","17",",7","0",",7","1",",7","0",",7","","","20220402",",,7","20220408",",,7","20220418","+,,7","","","20220413",",,7","20220424",",,7","-4.4",",7,02,","0",",T,7,08,","0",",T,7,18,+","31.8",",,7,13,","21.7",",7,24,","3868.5","7","396.0",",7","77.3",",,,7","0",",T,,7","5.13",",7","9.58",",,,7","0.69",",,,7"
"USC00470124","2022-05","44.32684","-91.91933","204.2","ALMA DAM 4, WI US","31.3","7","31.3","4,7","16",",7","10",",7","3",",7","0",",7","0",",7","0","1,7","0","1,7","0","3,7","16","3,7","1","3,7","3","","20220505",",1,7","20220531","+,,7","20220531","+,,7","3","","20220526",",,7","20220513",",3,7","3.3","1,7,05,","0",",,7,31,+","0",",,7,31,+","33.5",",,7,26,","33.3","3,7,13,","3965.2","7","96.7","3,7","159.9",",,,7","0",",,,7","15.97","4,7","21.49","3,,,7","10.46","1,,,7"
"USC00470124","2022-06","44.32684","-91.91933","204.2","ALMA DAM 4, WI US","114.8","7","83.5",",7","9",",7","8",",7","1",",7","0",",7","0",",7","0",",7","0",",7","0",",7","27",",7","3",",7","2","","20220603","+,,7","20220630","+,,7","20220630","+,,7","6","","20220626",",,7","20220615",",,7","10.6",",7,03,+","0",",,7,30,+","0",",,7,30,+","40.1",",,7,26,","35.0",",7,15,","3976.8","7","11.6",",7","117.2",",,,7","0",",,,7","20.73",",7","25.94",",,,7","15.51",",,,7"
"USC00470124","2022-07","44.32684","-91.91933","204.2","ALMA DAM 4, WI US","240.7","7","125.9","3,7","11",",7","8",",7","2",",7","0",",7","0",",7","0","2,7","0","2,7","0","1,7","30","1,7","1","1,7","3","","20220714",",2,7","20220731","+,,7","20220731","+,,7","5","","20220709",",,7","20220719",",1,7","11.7","2,7,14,","0",",,7,31,+","0",",,7,31,+","51.6",",,7,09,","32.2","1,7,19,","0.0","7","0.0","1,7","127.6",",,,7","0",",,,7","22.69","3,7","27.76","1,,,7","17.63","2,,,7"
"USC00470124","2022-08","44.32684","-91.91933","204.2","ALMA DAM 4, WI US","333.6","7","92.9",",7","11",",7","9",",7","2",",7","0",",7","0",",7","0",",7","0",",7","0",",7","30",",7","0",",7","5","","20220828",",,7","20220831","+,,7","20220831","+,,7","3","","20220819",",,7","20220803",",,7","11.1",",7,28,","0",",,7,31,+","0",",,7,31,+","37.6",",,7,19,","31.1",",7,03,","1.1","7","1.1",",7","119.2",",,,7","0",",,,7","21.29",",7","26.21",",,,7","16.38",",,,7"
"USC00470124","2022-09","44.32684","-91.91933","204.2","ALMA DAM 4, WI US","388.6","7","55.0",",7","7",",7","3",",7","0",",7","0",",7","0",",7","0",",7","0",",7","0",",7","19",",7","0",",7","4","","20220928",",,7","20220930","+,,7","20220930","+,,7","","","20220911",",,7","20220921",",,7","3.3",",7,28,","0",",,7,30,+","0",",,7,30,+","12.7",",,7,11,","31.1",",7,21,","64.3","7","63.2",",7","32.1",",,,7","0",",,,7","18.06",",7","23.16",",,,7","12.95",",,,7"
"USC00470124","2022-10","44.32684","-91.91933","204.2","ALMA DAM 4, WI US","390.8","7","2.2","3,7","7",",7","4",",7","0",",7","0",",7","0",",7","0",",7","3",",7","0","3,7","11","3,7","0","3,7","2","","20221019",",,7","20221031","+,,7","20221015",",,7","1","","20221025",",,7","20221023",",3,7","-4.4",",7,19,","0",",,7,31,+","8",",,7,15,","14.5",",,7,25,","25.6","3,7,23,","278.3","7","214.0","3,7","29.2",",,,7","8",",,,7","10.53","3,7","16.31","3,,,7","4.74",",,,7"
"USC00470124","2022-11","44.32684","-91.91933","204.2","ALMA DAM 4, WI US","391.1","7","0.3",",7","9",",7","4",",7","0",",7","6",",7","3",",7","0",",7","20",",7","5",",7","2",",7","0",",7","","","20221120",",,7","20221119","+,,7","20221118","+,,7","","","20221106",",,7","20221103",",,7","-11.7",",7,20,","51",",,7,19,+","51",",,7,18,+","11.2",",,7,06,","23.3",",7,03,","737.7","7","459.4",",7","32.5",",,,7","127",",,,7","3.03",",7","7.47",",,,7","-1.41",",,,7"
"USC00470124","2022-12","44.32684","-91.91933","204.2","ALMA DAM 4, WI US","391.1","7","0.0","1,7","12",",7","7",",7","0",",7","20",",7","6",",7","8",",7","28",",7","15","1,7","0","1,7","0","1,7","","","20221224","+,,7","20221228","+,,7","20221222",",,7","","","20221215",",,7","20221230","+,1,7","-24.4",",7,24,+","330",",,7,28,+","130",",,7,22,","10.9",",,7,15,","6.7","1,7,30,+","1494.0","7","756.3","1,7","43.7",",,,7","402",",,,7","-6.90","1,7","-3.15","1,,,7","-10.64",",,,7"
"USC00470124","2023-01","44.32684","-91.91933","204.2","ALMA DAM 4, WI US","0.0","7","0.0",",7","9",",7","5",",7","0",",7","31",",7","2","1,7","3",",7","29",",7","18",",7","0",",7","0",",7","4","","20230131",",,7","20230129","+,,7","20230119",",1,7","","","20230104",",,7","20230117","+,,7","-22.2",",7,31,","229",",,7,29,+","135","1,,7,19,","19.3",",,7,04,","5.6",",7,17,+","2207.3","7","713.3",",7","45.2",",,,7","204","1,,,7","-4.68",",7","-1.28",",,,7","-8.07",",,,7"
"USC00470124","2023-02","44.32684","-91.91933","204.2","ALMA DAM 4, WI US","0.0","7","0.0","1,7","9",",7","5",",7","0",",7","19",",7","4",",7","5",",7","27",",7","14","1,7","0","1,7","0","1,7","1","","20230204","+,,7","20230223",",,7","20230223",",,7","","","20230215",",,7","20230209",",1,7","-23.9",",7,04,+","279",",,7,23,","152",",,7,23,","18.0",",,7,15,","8.3","1,7,09,","2850.0","7","642.7","1,7","56.1",",,,7","356",",,,7","-5.42","1,7","-0.12","1,,,7","-10.71",",,,7"
"USC00470124","2023-03","44.32684","-91.91933","204.2","ALMA DAM 4, WI US","0.0","7","0.0",",7","10",",7","6",",7","0",",7","16",",7","3","1,7","0",",7","30",",7","5",",7","0",",7","0",",7","3","","20230315",",,7","20230315","+,,7","20230310",",1,7","","","20230331",",,7","20230325",",,7","-12.8",",7,15,","152",",,7,15,+","102","1,,7,10,","14.0",",,7,31,","10.0",",7,25,","3433.9","7","583.9",",7","46.4",",,,7","181","1,,,7","-0.50",",7","4.10",",,,7","-5.11",",,,7"
"USC00470124","2023-04","44.32684","-91.91933","204.2","ALMA DAM 4, WI US","","","","","11",",7","8",",7","1",",7","0","1,7","0","1,7","","","","","0","4,7","5","4,7","0","4,7","","","","","20230401",",1,7","20230401",",1,7","2","","20230401",",,7","20230414","+,4,7","","","0","1,T,7,01,","0","1,T,7,01,","41.9",",,7,01,","30.6","4,7,14,+","","","","","101.9",",,,7","0","1,T,,7","","","14.12","4,,,7","",""
"USC00470124","2023-05","44.32684","-91.91933","204.2","ALMA DAM 4, WI US","","","11.2","3,7","9",",7","7",",7","0",",7","0",",7","0",",7","0",",7","0",",7","0","3,7","16","3,7","0","3,7","","","20230502","+,,7","20230531","+,,7","20230531","+,,7","3","","20230506",",,7","20230531",",3,7","2.8",",7,02,+","0",",,7,31,+","0",",,7,31,+","22.9",",,7,06,","28.3","3,7,31,","","","82.0","3,7","76.0",",,,7","0",",,,7","15.66","3,7","21.73","3,,,7","9.60",",,,7"
"USC00470124","2023-06","44.32684","-91.91933","204.2","ALMA DAM 4, WI US","","","92.7","4,7","7",",7","6",",7","1",",7","0",",7","0",",7","0","1,7","0","1,7","0","4,7","25","4,7","4","4,7","","","20230614","+,1,7","20230630","+,,7","20230630","+,,7","2","","20230603",",,7","20230605",",4,7","8.9","1,7,14,+","0",",,7,30,+","0",",,7,30,+","32.8",",,7,03,","33.3","4,7,05,","","","11.1","4,7","69.4",",,,7","0",",,,7","21.55","4,7","27.76","4,,,7","15.35","1,,,7"
"USC00470124","2023-07","44.32684","-91.91933","204.2","ALMA DAM 4, WI US","","","115.7",",7","10",",7","10",",7","0",",7","0",",7","0",",7","0",",7","0",",7","0",",7","30",",7","4",",7","3","","20230708","+,,7","20230731","+,,7","20230731","+,,7","8","","20230704",",,7","20230728","+,,7","12.2",",7,08,+","0",",,7,31,+","0",",,7,31,+","24.9",",,7,04,","33.3",",7,28,+","2.5","7","2.5",",7","136.0",",,,7","0",",,,7","21.98",",7","27.83",",,,7","16.14",",,,7"
"USC00470124","2023-08","44.32684","-91.91933","204.2","ALMA DAM 4, WI US","","","134.8",",7","5",",7","4",",7","0",",7","0",",7","0",",7","0",",7","0",",7","0",",7","30",",7","4",",7","3","","20230831",",,7","20230831","+,,7","20230831","+,,7","","","20230814",",,7","20230824",",,7","12.2",",7,31,","0",",,7,31,+","0",",,7,31,+","17.5",",,7,14,","37.8",",7,24,","6.1","7","3.6",",7","47.3",",,,7","0",",,,7","22.57",",7","28.01",",,,7","17.12",",,,7"
"USC00470124","2023-09","44.32684","-91.91933","204.2","ALMA DAM 4, WI US","","","65.9",",7","10",",7","5",",7","2",",7","0",",7","0",",7","0",",7","0",",7","0",",7","26",",7","3",",7","1","","20230913",",,7","20230930","+,,7","20230930","+,,7","2","","20230923",",,7","20230904",",,7","7.8",",7,13,","0",",,7,30,+","0",",,7,30,+","35.6",",,7,23,","36.7",",7,04,","24.7","7","18.6",",7","86.9",",,,7","0",",,,7","19.91",",7","24.98",",,,7","14.84",",,,7"
"USC00470124","2023-10","44.32684","-91.91933","204.2","ALMA DAM 4, WI US","","","27.2",",7","11",",7","7",",7","1",",7","0",",7","0",",7","0",",7","3",",7","0",",7","6",",7","0",",7","4","","20231031",",,7","20231031",",,7","20231031",",,7","2","","20231025",",,7","20231003","+,,7","-3.9",",7,31,","0",",T,7,31,","0",",T,7,31,","29.7",",,7,25,","31.7",",7,03,+","247.8","7","223.1",",7","98.6",",,,7","0",",T,,7","12.01",",7","16.34",",,,7","7.69",",,,7"
"USC00470124","2023-11","44.32684","-91.91933","204.2","ALMA DAM 4, WI US","","","0.0",",7","2",",7","0",",7","0",",7","0",",7","0",",7","0",",7","19",",7","3",",7","0",",7","0",",7","","","20231129","+,,7","20231126",",,7","20231126",",,7","","","20231126",",,7","20231117",",,7","-13.3",",7,29,+","0",",T,7,26,","0",",T,7,26,","0.8",",,7,26,","20.0",",7,17,","699.7","7","451.9",",7","1.1",",,,7","0",",T,,7","3.27",",7","8.20",",,,7","-1.67",",,,7"
"USC00470124","2023-12","44.32684","-91.91933","204.2","ALMA DAM 4, WI US","","","0.0",",7","8",",7","2",",7","0",",7","0",",7","0",",7","0",",7","24",",7","4",",7","0",",7","0",",7","2","","20231219",",,7","20231231","+,,7","20231231","+,,7","","","20231226",",,7","20231225",",,7","-8.9",",7,19,","0",",T,7,31,+","0",",T,7,31,+","14.2",",,7,26,","13.3",",7,25,","1229.4","7","529.7",",7","26.9",",,,7","0",",T,,7","1.25",",7","4.59",",,,7","-2.10",",,,7"
"USC00470124","2024-01","44.32684","-91.91933","204.2","ALMA DAM 4, WI US","0.0","","0.0",",7","6",",7","1",",7","0",",7","21",",7","2",",7","8",",7","28",",7","18",",7","0",",7","0",",7","3","","20240115",",,7","20240121","+,,7","20240113",",,7","","","20240113",",,7","20240130",",,7","-23.3",",7,15,","178",",,7,21,+","152",",,7,13,","15.7",",,7,13,","8.9",",7,30,","1968.7","","739.3",",7","19.8",",,,7","200",",,,7","-5.52",",7","-3.12",",,,7","-7.92",",,,7"
"USC00470124","2024-02","44.32684","-91.91933","204.2","ALMA DAM 4, WI US","0.0","","0.0",",7","3",",7","1",",7","0",",7","1",",7","1",",7","0",",7","27",",7","4",",7","0",",7","0",",7","2","","20240229",",,7","20240228",",,7","20240228",",,7","","","20240215",",,7","20240227",",,7","-13.3",",7,29,","25",",,7,28,","25",",,7,28,","4.1",",,7,15,","19.4",",7,27,","2467.4","","498.7",",7","7.4",",,,7","38",",,,7","1.14",",7","6.65",",,,7","-4.37",",,,7"
"USC00470124","2024-03","44.32684","-91.91933","204.2","ALMA DAM 4, WI US","0.0","","0.0",",7","6",",7","4",",7","0",",7","3",",7","2",",7","0",",7","21",",7","0",",7","1",",7","0",",7","","","20240301",",,7","20240325",",,7","20240325",",,7","","","20240326",",,7","20240304",",,7","-10.6",",7,01,","102",",,7,25,","102",",,7,25,","24.1",",,7,26,","21.7",",7,04,","2937.4","","470.0",",7","59.1",",,,7","178",",,,7","3.17",",7","8.80",",,,7","-2.46",",,,7"
"USC00470124","2024-04","44.32684","-91.91933","204.2","ALMA DAM 4, WI US","0.0","","0.0","1,7","10",",7","6",",7","1",",7","0",",7","0",",7","0",",7","6",",7","0","1,7","3","1,7","0","1,7","","","20240407","+,,7","20240430","+,,7","20240420","+,,7","","","20240417",",,7","20240414",",1,7","-1.7",",7,07,+","0",",,7,30,+","0",",T,7,20,+","29.7",",,7,17,","25.0","1,7,14,","3214.0","","276.6","1,7","88.6",",,,7","0",",T,,7","8.75","1,7","13.86","1,,,7","3.65",",,,7"
"USC00470124","2024-05","44.32684","-91.91933","204.2","ALMA DAM 4, WI US","9.7","","9.7",",H","13",",H","11",",H","0",",H","0","1,H","0","1,H","0",",H","0",",H","0",",H","24",",H","0",",H","","","20240506","+,,H","20240531","+,1,H","20240531","+,1,H","","","20240503",",,H","20240513",",,H","5.6",",H,06,+","0","1,,H,31,+","0","1,,H,31,+","24.6",",,H,03,","30.0",",H,13,","3294.9","","80.9",",H","108.8",",,,H","0","1,,,H","16.04",",H","22.05",",,,H","10.03",",,,H"
